Frame_Size, 1280, 720
0, 0, 0.4461521506309509, 0.4673371911048889, -0.30513477325439453, 0.9997259974479675
0, 1, 0.4517158567905426, 0.4559890031814575, -0.31029200553894043, 0.999772846698761
0, 2, 0.45521363615989685, 0.45270344614982605, -0.31026124954223633, 0.9997859597206116
0, 3, 0.4586107134819031, 0.4516572654247284, -0.3102729320526123, 0.9997941851615906
0, 4, 0.44250255823135376, 0.4546661078929901, -0.3114983141422272, 0.9998158812522888
0, 5, 0.4391874372959137, 0.45190030336380005, -0.3115491569042206, 0.9998175501823425
0, 6, 0.43691498041152954, 0.4502820372581482, -0.3115275800228119, 0.999804675579071
0, 7, 0.4646361768245697, 0.4369598925113678, -0.2835540771484375, 0.9992586970329285
0, 8, 0.4335821568965912, 0.4303288459777832, -0.2892383635044098, 0.9995765089988708
0, 9, 0.4529218077659607, 0.46170774102211, -0.2903316915035248, 0.9995052814483643
0, 10, 0.4422195553779602, 0.4621936082839966, -0.29207301139831543, 0.9995110034942627
0, 11, 0.4947687089443207, 0.4201637804508209, -0.2126622200012207, 0.9900920987129211
0, 12, 0.4188527464866638, 0.38178494572639465, -0.21179690957069397, 0.994094967842102
0, 13, 0.5184961557388306, 0.47756054997444153, -0.16036149859428406, 0.8762758374214172
0, 14, 0.38576099276542664, 0.42765510082244873, -0.16279299557209015, 0.9466013312339783
0, 15, 0.5230172276496887, 0.5621837973594666, -0.174940824508667, 0.9356080293655396
0, 16, 0.3793438673019409, 0.5138369202613831, -0.17449192702770233, 0.978947639465332
0, 17, 0.5306047797203064, 0.5843222141265869, -0.19894739985466003, 0.9179169535636902
0, 18, 0.3695507347583771, 0.5211495161056519, -0.20155195891857147, 0.9692516922950745
0, 19, 0.5191815495491028, 0.5829339623451233, -0.20986156165599823, 0.921309232711792
0, 20, 0.3779362142086029, 0.5435218811035156, -0.21287181973457336, 0.9699410796165466
0, 21, 0.5142132639884949, 0.5744250416755676, -0.18018795549869537, 0.8971917033195496
0, 22, 0.3841436803340912, 0.5371754765510559, -0.1805298775434494, 0.957683265209198
0, 23, 0.48896583914756775, 0.34218138456344604, -0.0015532068209722638, 0.9839884638786316
0, 24, 0.4504970908164978, 0.3235540986061096, 0.0016507519176229835, 0.9903842210769653
0, 25, 0.4881335198879242, 0.4742988049983978, 0.037818245589733124, 0.2330245077610016
0, 26, 0.437124639749527, 0.4375753700733185, 0.04652099683880806, 0.3004602789878845
0, 27, 0.47134262323379517, 0.5566619634628296, 0.1800672709941864, 0.27127018570899963
0, 28, 0.44876518845558167, 0.5085311532020569, 0.1909988969564438, 0.2502027451992035
0, 29, 0.4697016179561615, 0.5616801381111145, 0.1941763460636139, 0.18630628287792206
0, 30, 0.4530717730522156, 0.5156735777854919, 0.20580415427684784, 0.14611662924289703
0, 31, 0.46380406618118286, 0.608616054058075, 0.1539239138364792, 0.5034980773925781
0, 32, 0.4474371075630188, 0.5485679507255554, 0.1689673811197281, 0.3940562605857849
1, 0, 0.44505253434181213, 0.46655794978141785, -0.4073864817619324, 0.9998719692230225
1, 1, 0.45074695348739624, 0.4553220868110657, -0.411050021648407, 0.999871015548706
1, 2, 0.45421332120895386, 0.45422616600990295, -0.411064088344574, 0.9998831748962402
1, 3, 0.45767003297805786, 0.4540354907512665, -0.4111317992210388, 0.9998929500579834
1, 4, 0.4397358298301697, 0.45337554812431335, -0.41143912076950073, 0.9999105930328369
1, 5, 0.4367360472679138, 0.45130065083503723, -0.4114876389503479, 0.9999114274978638
1, 6, 0.4334507882595062, 0.44902878999710083, -0.4114740490913391, 0.9999009370803833
1, 7, 0.4647088944911957, 0.43710997700691223, -0.36766231060028076, 0.9994984865188599
1, 8, 0.4294911324977875, 0.4259776771068573, -0.369199275970459, 0.9997945427894592
1, 9, 0.45177212357521057, 0.4638761878013611, -0.38543087244033813, 0.9997442364692688
1, 10, 0.4391552805900574, 0.46111419796943665, -0.3857879340648651, 0.9997177720069885
1, 11, 0.4964725375175476, 0.43555396795272827, -0.280799001455307, 0.9904826879501343
1, 12, 0.420410692691803, 0.3753066658973694, -0.27505698800086975, 0.9872061014175415
1, 13, 0.5063148736953735, 0.5297824740409851, -0.25460541248321533, 0.9739409685134888
1, 14, 0.3857754170894623, 0.428162157535553, -0.24362590909004211, 0.9522302746772766
1, 15, 0.5105561017990112, 0.6480518579483032, -0.3153851628303528, 0.9899742007255554
1, 16, 0.3791792392730713, 0.5139679908752441, -0.30132752656936646, 0.9755679965019226
1, 17, 0.516726016998291, 0.6829166412353516, -0.3564549386501312, 0.9857593774795532
1, 18, 0.3731871247291565, 0.531578540802002, -0.34400683641433716, 0.967716634273529
1, 19, 0.5064305067062378, 0.677922248840332, -0.36663681268692017, 0.985211968421936
1, 20, 0.3788285553455353, 0.5482720732688904, -0.3600690960884094, 0.9652470946311951
1, 21, 0.5020764470100403, 0.6635944247245789, -0.32303810119628906, 0.9764129519462585
1, 22, 0.3858223259449005, 0.5426218509674072, -0.31148484349250793, 0.9539796113967896
1, 23, 0.4947916865348816, 0.3435746431350708, -0.0015088070649653673, 0.9841669201850891
1, 24, 0.4519132971763611, 0.33388590812683105, 0.0017687724903225899, 0.987360417842865
1, 25, 0.4934554696083069, 0.4827501177787781, 0.061077751219272614, 0.18947748839855194
1, 26, 0.4336274266242981, 0.4544379711151123, 0.05931808426976204, 0.2600001096725464
1, 27, 0.48110565543174744, 0.5569174885749817, 0.2575947642326355, 0.22098979353904724
1, 28, 0.44671326875686646, 0.52460116147995, 0.26175546646118164, 0.1916537880897522
1, 29, 0.48003584146499634, 0.5619092583656311, 0.2760806381702423, 0.14359843730926514
1, 30, 0.4509564936161041, 0.5328001379966736, 0.2819816768169403, 0.13642947375774384
1, 31, 0.4753761887550354, 0.6081576943397522, 0.2223702222108841, 0.4458290934562683
1, 32, 0.44356709718704224, 0.5636036992073059, 0.23137089610099792, 0.3527301847934723
2, 0, 0.44653964042663574, 0.46712520718574524, -0.3675704300403595, 0.9999557733535767
2, 1, 0.4524060785770416, 0.45528268814086914, -0.3701542615890503, 0.999963641166687
2, 2, 0.4563767910003662, 0.451925665140152, -0.37015196681022644, 0.9999581575393677
2, 3, 0.4599577784538269, 0.4506388306617737, -0.3702068626880646, 0.9999661445617676
2, 4, 0.44094905257225037, 0.45439115166664124, -0.37001994252204895, 0.9999725818634033
2, 5, 0.43776196241378784, 0.45247676968574524, -0.37005576491355896, 0.9999656677246094
2, 6, 0.4351601004600525, 0.45115262269973755, -0.37003272771835327, 0.9999691247940063
2, 7, 0.4663742184638977, 0.4356471300125122, -0.32564041018486023, 0.9998235106468201
2, 8, 0.43138498067855835, 0.43004947900772095, -0.3255695700645447, 0.9999351501464844
2, 9, 0.4542178213596344, 0.4610391855239868, -0.3454611003398895, 0.99989914894104
2, 10, 0.4424351751804352, 0.46360647678375244, -0.34535789489746094, 0.9999066591262817
2, 11, 0.49843472242355347, 0.42448970675468445, -0.24506275355815887, 0.9914702773094177
2, 12, 0.4202767014503479, 0.37917301058769226, -0.24366357922554016, 0.9946905970573425
2, 13, 0.513854444026947, 0.5113278031349182, -0.22237756848335266, 0.9717132449150085
2, 14, 0.3864935636520386, 0.43748968839645386, -0.21547821164131165, 0.9483757019042969
2, 15, 0.5165959000587463, 0.6245638132095337, -0.2835734188556671, 0.9878024458885193
2, 16, 0.3831244111061096, 0.5231253504753113, -0.2739567160606384, 0.9741592407226562
2, 17, 0.5231279134750366, 0.6574268341064453, -0.32252323627471924, 0.9811546206474304
2, 18, 0.37289664149284363, 0.5450922250747681, -0.315660685300827, 0.9623392224311829
2, 19, 0.5107561349868774, 0.6539293527603149, -0.33365875482559204, 0.9814730286598206
2, 20, 0.3848041594028473, 0.5523002743721008, -0.32934507727622986, 0.9625438451766968
2, 21, 0.506197988986969, 0.6402972936630249, -0.2915671467781067, 0.9698061347007751
2, 22, 0.391436368227005, 0.5457179546356201, -0.2831254303455353, 0.9480113387107849
2, 23, 0.4928514361381531, 0.341340571641922, 0.001854640431702137, 0.9856999516487122
2, 24, 0.44828638434410095, 0.3307378888130188, -0.0017354140290990472, 0.9911483526229858
2, 25, 0.4868484437465668, 0.47564834356307983, 0.08341342210769653, 0.1099344938993454
2, 26, 0.4242757260799408, 0.44418343901634216, 0.06418224424123764, 0.19182662665843964
2, 27, 0.4707091450691223, 0.5179334282875061, 0.28682976961135864, 0.08368630707263947
2, 28, 0.4381709694862366, 0.4771883189678192, 0.2781877815723419, 0.06917079538106918
2, 29, 0.46784916520118713, 0.5172212719917297, 0.3069450557231903, 0.05772164836525917
2, 30, 0.4418395459651947, 0.4793281853199005, 0.3006493151187897, 0.05543414130806923
2, 31, 0.46556538343429565, 0.5609440803527832, 0.2716432511806488, 0.22674889862537384
2, 32, 0.4376642107963562, 0.5078103542327881, 0.2716515064239502, 0.15656432509422302
3, 0, 0.4479168951511383, 0.46716994047164917, -0.40923914313316345, 0.9999176263809204
3, 1, 0.45373526215553284, 0.45600688457489014, -0.41123995184898376, 0.9999337196350098
3, 2, 0.45756834745407104, 0.4529871344566345, -0.4112461507320404, 0.9999284744262695
3, 3, 0.46104612946510315, 0.45180559158325195, -0.41133126616477966, 0.9999363422393799
3, 4, 0.4429001212120056, 0.4560850262641907, -0.41006168723106384, 0.9999516010284424
3, 5, 0.43908944725990295, 0.4539661407470703, -0.41010722517967224, 0.9999417066574097
3, 6, 0.4365178048610687, 0.4515783190727234, -0.4100916385650635, 0.9999392032623291
3, 7, 0.466884046792984, 0.43770527839660645, -0.3608347773551941, 0.9996882677078247
3, 8, 0.432411253452301, 0.43198856711387634, -0.35574305057525635, 0.9998739957809448
3, 9, 0.4554465413093567, 0.46110743284225464, -0.3848017454147339, 0.9997615218162537
3, 10, 0.44349175691604614, 0.4641091525554657, -0.38322967290878296, 0.9997497200965881
3, 11, 0.499199777841568, 0.4320186674594879, -0.2694532871246338, 0.9835894107818604
3, 12, 0.4242895245552063, 0.3851349651813507, -0.2622556984424591, 0.9846969842910767
3, 13, 0.5087340474128723, 0.5267265439033508, -0.24423018097877502, 0.9605281352996826
3, 14, 0.39034777879714966, 0.4397425353527069, -0.23268552124500275, 0.9284608960151672
3, 15, 0.5091553330421448, 0.6441614627838135, -0.30244389176368713, 0.9858552813529968
3, 16, 0.38303327560424805, 0.5219798684120178, -0.29794400930404663, 0.9616288542747498
3, 17, 0.5152513980865479, 0.6774036884307861, -0.34254151582717896, 0.9777835011482239
3, 18, 0.37519127130508423, 0.5409243106842041, -0.3402954936027527, 0.9513609409332275
3, 19, 0.5045787692070007, 0.6724761724472046, -0.35444191098213196, 0.9776099324226379
3, 20, 0.38622304797172546, 0.5477198362350464, -0.35529783368110657, 0.9499143362045288
3, 21, 0.4998600482940674, 0.6578847169876099, -0.3107060194015503, 0.963029682636261
3, 22, 0.39237692952156067, 0.5424277782440186, -0.3076465129852295, 0.9340319037437439
3, 23, 0.4942869544029236, 0.3469373285770416, 0.0016896268352866173, 0.9821442365646362
3, 24, 0.4510379731655121, 0.34385719895362854, -0.001508737332187593, 0.98753821849823
3, 25, 0.49215975403785706, 0.48416459560394287, 0.07621018588542938, 0.12181409448385239
3, 26, 0.43130165338516235, 0.46773189306259155, 0.0693470686674118, 0.20352739095687866
3, 27, 0.4777763783931732, 0.5347933769226074, 0.28193244338035583, 0.11324086785316467
3, 28, 0.4398777484893799, 0.506864607334137, 0.2789304256439209, 0.0989750474691391
3, 29, 0.4757220149040222, 0.5364702939987183, 0.30179449915885925, 0.07733498513698578
3, 30, 0.4422640800476074, 0.5100200176239014, 0.3000900149345398, 0.0764084905385971
3, 31, 0.47295093536376953, 0.5782808661460876, 0.2540317177772522, 0.2900863289833069
3, 32, 0.4380864202976227, 0.5388962626457214, 0.25735795497894287, 0.20114755630493164
4, 0, 0.44977736473083496, 0.46929651498794556, -0.39591747522354126, 0.9998366832733154
4, 1, 0.45551854372024536, 0.45662641525268555, -0.3976897895336151, 0.9998584985733032
4, 2, 0.45929139852523804, 0.45516613125801086, -0.39768290519714355, 0.9998483657836914
4, 3, 0.4622998833656311, 0.4539770781993866, -0.3977525234222412, 0.9998713731765747
4, 4, 0.4449314475059509, 0.45753470063209534, -0.3976820409297943, 0.9999041557312012
4, 5, 0.4413372576236725, 0.45408982038497925, -0.3977248966693878, 0.9998832941055298
4, 6, 0.43853622674942017, 0.45230215787887573, -0.39770540595054626, 0.9998776912689209
4, 7, 0.46767646074295044, 0.43962952494621277, -0.34896066784858704, 0.9992818236351013
4, 8, 0.4337173402309418, 0.4313792884349823, -0.34914976358413696, 0.9997256398200989
4, 9, 0.4563870429992676, 0.46296513080596924, -0.37233293056488037, 0.9994958639144897
4, 10, 0.4452595114707947, 0.46477770805358887, -0.37233173847198486, 0.9994944334030151
4, 11, 0.49797874689102173, 0.4323481619358063, -0.26096582412719727, 0.9713087677955627
4, 12, 0.42500561475753784, 0.3852638304233551, -0.2559123933315277, 0.9720075726509094
4, 13, 0.5072610378265381, 0.525557279586792, -0.23595014214515686, 0.9580850005149841
4, 14, 0.39098915457725525, 0.43153685331344604, -0.22047582268714905, 0.9255481958389282
4, 15, 0.5114786624908447, 0.6481918096542358, -0.2873508930206299, 0.9847821593284607
4, 16, 0.38080495595932007, 0.5155328512191772, -0.27100643515586853, 0.9547715187072754
4, 17, 0.517212986946106, 0.6759157776832581, -0.3245443105697632, 0.9770515561103821
4, 18, 0.37161192297935486, 0.532448947429657, -0.31000015139579773, 0.9421573281288147
4, 19, 0.5069532990455627, 0.6710869669914246, -0.3355902135372162, 0.9766032695770264
4, 20, 0.3818437457084656, 0.5392906665802002, -0.3235926330089569, 0.939806342124939
4, 21, 0.5016420483589172, 0.6571942567825317, -0.2948594093322754, 0.9611520171165466
4, 22, 0.3882405161857605, 0.5353398323059082, -0.27964529395103455, 0.919318437576294
4, 23, 0.49569207429885864, 0.34044569730758667, 0.0011693600099533796, 0.9766613841056824
4, 24, 0.4518722891807556, 0.3360897898674011, -0.0010174792259931564, 0.9820244312286377
4, 25, 0.4957846999168396, 0.4808284044265747, 0.0639585554599762, 0.15140800178050995
4, 26, 0.4347008764743805, 0.4648889899253845, 0.0604897066950798, 0.18611101806163788
4, 27, 0.4863777756690979, 0.5465932488441467, 0.2549068033695221, 0.18848870694637299
4, 28, 0.441823810338974, 0.5182963609695435, 0.2558172643184662, 0.11689943075180054
4, 29, 0.4851340651512146, 0.5506396293640137, 0.2728992998600006, 0.11707279831171036
4, 30, 0.4440135359764099, 0.5228496789932251, 0.27509644627571106, 0.08309830725193024
4, 31, 0.48251599073410034, 0.5946081876754761, 0.21884341537952423, 0.380112886428833
4, 32, 0.439985454082489, 0.5554502010345459, 0.22778424620628357, 0.21069923043251038
5, 0, 0.44742435216903687, 0.4675987660884857, -0.3476817011833191, 0.9999078512191772
5, 1, 0.4534780979156494, 0.45479851961135864, -0.35078462958335876, 0.9999246597290039
5, 2, 0.45702141523361206, 0.4529225528240204, -0.350778192281723, 0.9999139308929443
5, 3, 0.4604063034057617, 0.45166537165641785, -0.3508264422416687, 0.9999321699142456
5, 4, 0.44213032722473145, 0.45415690541267395, -0.3514349162578583, 0.9999451637268066
5, 5, 0.4389381408691406, 0.4521064758300781, -0.351471871137619, 0.9999324083328247
5, 6, 0.43631893396377563, 0.4504353404045105, -0.35145455598831177, 0.9999409914016724
5, 7, 0.46610742807388306, 0.4367274045944214, -0.30996519327163696, 0.9996463060379028
5, 8, 0.432126522064209, 0.4305190145969391, -0.3135702908039093, 0.9998664855957031
5, 9, 0.45479798316955566, 0.46180251240730286, -0.32704728841781616, 0.9998360872268677
5, 10, 0.4432554841041565, 0.4640500247478485, -0.3280508816242218, 0.9998514652252197
5, 11, 0.49775832891464233, 0.4228184223175049, -0.23423996567726135, 0.9920788407325745
5, 12, 0.42002731561660767, 0.37951722741127014, -0.23486962914466858, 0.9952095150947571
5, 13, 0.5152903199195862, 0.4981546103954315, -0.2114250361919403, 0.9634085297584534
5, 14, 0.38761746883392334, 0.42862969636917114, -0.2066505253314972, 0.946365237236023
5, 15, 0.5198060274124146, 0.6028013825416565, -0.26766902208328247, 0.9831328988075256
5, 16, 0.3816097378730774, 0.5166728496551514, -0.25703245401382446, 0.9723696708679199
5, 17, 0.5268697738647461, 0.6330771446228027, -0.30375197529792786, 0.9748948216438293
5, 18, 0.37172579765319824, 0.523876428604126, -0.296028733253479, 0.9602015614509583
5, 19, 0.5144346356391907, 0.6307668685913086, -0.3143050968647003, 0.975501537322998
5, 20, 0.3812624514102936, 0.5426453351974487, -0.307946115732193, 0.9613399505615234
5, 21, 0.5097454786300659, 0.6182417273521423, -0.2749747335910797, 0.9607247114181519
5, 22, 0.38793468475341797, 0.5363779067993164, -0.2651219069957733, 0.9443516731262207
5, 23, 0.49333590269088745, 0.3352547287940979, 0.0023927795700728893, 0.9828730225563049
5, 24, 0.44867628812789917, 0.32802367210388184, -0.0023046049755066633, 0.9889367818832397
5, 25, 0.48758092522621155, 0.4721220135688782, 0.07989954948425293, 0.1002456322312355
5, 26, 0.4254332184791565, 0.4415472149848938, 0.06134239584207535, 0.1761440485715866
5, 27, 0.47122010588645935, 0.5193737745285034, 0.2715539336204529, 0.09847937524318695
5, 28, 0.43751806020736694, 0.4743328392505646, 0.2607536017894745, 0.08453841507434845
5, 29, 0.46833810210227966, 0.5193629860877991, 0.2904965281486511, 0.06383873522281647
5, 30, 0.441005140542984, 0.47629207372665405, 0.2816295623779297, 0.06161005422472954
5, 31, 0.4663563370704651, 0.5634253025054932, 0.2552485466003418, 0.2376631796360016
5, 32, 0.43696874380111694, 0.5049257874488831, 0.2517017722129822, 0.17458800971508026
6, 0, 0.44659939408302307, 0.47106117010116577, -0.3656758964061737, 0.9999361038208008
6, 1, 0.4524630904197693, 0.4586850106716156, -0.36871400475502014, 0.9999490976333618
6, 2, 0.4559592306613922, 0.4569053649902344, -0.3687072694301605, 0.9999412298202515
6, 3, 0.45936107635498047, 0.4559536278247833, -0.36876043677330017, 0.9999547004699707
6, 4, 0.4420136511325836, 0.45904943346977234, -0.3686331808567047, 0.9999617338180542
6, 5, 0.4382591247558594, 0.45657235383987427, -0.36867445707321167, 0.9999508857727051
6, 6, 0.43571925163269043, 0.4550003409385681, -0.3686555027961731, 0.9999568462371826
6, 7, 0.4661799371242523, 0.43781280517578125, -0.3264700174331665, 0.9997699856758118
6, 8, 0.4320324957370758, 0.4344933032989502, -0.32695722579956055, 0.9999079704284668
6, 9, 0.45424145460128784, 0.4642985165119171, -0.3445344865322113, 0.9998675584793091
6, 10, 0.4428492486476898, 0.46755191683769226, -0.34459710121154785, 0.9998806715011597
6, 11, 0.4979862570762634, 0.43211764097213745, -0.24688228964805603, 0.9906802773475647
6, 12, 0.4217742085456848, 0.3813912272453308, -0.2435656487941742, 0.9938982725143433
6, 13, 0.5101649761199951, 0.5221244692802429, -0.2248525321483612, 0.9554589986801147
6, 14, 0.3918539881706238, 0.43556642532348633, -0.21559739112854004, 0.9393045902252197
6, 15, 0.5129157900810242, 0.6402439475059509, -0.2848786413669586, 0.9855977892875671
6, 16, 0.3834282159805298, 0.5187684297561646, -0.2756526470184326, 0.9692269563674927
6, 17, 0.5201573967933655, 0.6691575050354004, -0.32373687624931335, 0.9793230295181274
6, 18, 0.373623251914978, 0.5261116623878479, -0.31738388538360596, 0.9590842127799988
6, 19, 0.507989764213562, 0.6643050909042358, -0.3356497585773468, 0.9795528054237366
6, 20, 0.38272225856781006, 0.5442668199539185, -0.331813246011734, 0.9596536755561829
6, 21, 0.5030169486999512, 0.6506524682044983, -0.2930248975753784, 0.9660260677337646
6, 22, 0.3895072638988495, 0.5392722487449646, -0.2851655185222626, 0.9440571665763855
6, 23, 0.49333056807518005, 0.3439483046531677, 0.0027872964274138212, 0.9857370853424072
6, 24, 0.44949522614479065, 0.33172932267189026, -0.0026648896746337414, 0.9910043478012085
6, 25, 0.48757368326187134, 0.47749269008636475, 0.0804734006524086, 0.11343200504779816
6, 26, 0.42591580748558044, 0.44972872734069824, 0.06201908737421036, 0.16498713195323944
6, 27, 0.47237420082092285, 0.5230180621147156, 0.28015151619911194, 0.09240008145570755
6, 28, 0.43790727853775024, 0.48368415236473083, 0.2705088257789612, 0.07244385033845901
6, 29, 0.4700317978858948, 0.5230158567428589, 0.2994796633720398, 0.0639055073261261
6, 30, 0.4415207803249359, 0.4858546257019043, 0.2919712960720062, 0.05597341060638428
6, 31, 0.4665442109107971, 0.5662635564804077, 0.25738072395324707, 0.24323052167892456
6, 32, 0.436151921749115, 0.5154451727867126, 0.2568127512931824, 0.15803782641887665
7, 0, 0.4444308280944824, 0.4654141366481781, -0.3756270110607147, 0.9999752044677734
7, 1, 0.450645387172699, 0.45202717185020447, -0.3768249750137329, 0.9999765157699585
7, 2, 0.4540795385837555, 0.4511193037033081, -0.3767963945865631, 0.9999762773513794
7, 3, 0.45730915665626526, 0.4506729245185852, -0.3767971992492676, 0.9999748468399048
7, 4, 0.43957552313804626, 0.4497302174568176, -0.37807753682136536, 0.9999856948852539
7, 5, 0.43651288747787476, 0.44769641757011414, -0.3781184256076813, 0.9999850988388062
7, 6, 0.43304938077926636, 0.44536280632019043, -0.37809115648269653, 0.9999827146530151
7, 7, 0.46359896659851074, 0.4372174143791199, -0.3262430429458618, 0.9998975992202759
7, 8, 0.42871028184890747, 0.4257362484931946, -0.3320316672325134, 0.9999644756317139
7, 9, 0.4510737359523773, 0.4602413475513458, -0.35108259320259094, 0.9999257326126099
7, 10, 0.4403521418571472, 0.45924872159957886, -0.35270237922668457, 0.999931812286377
7, 11, 0.4943177103996277, 0.42801234126091003, -0.23227927088737488, 0.9933213591575623
7, 12, 0.4129846692085266, 0.38212156295776367, -0.23726388812065125, 0.9967061877250671
7, 13, 0.5085552930831909, 0.5131052136421204, -0.19135017693042755, 0.9567297101020813
7, 14, 0.38401728868484497, 0.4462687075138092, -0.1853649914264679, 0.9475911259651184
7, 15, 0.5182974338531494, 0.6171088814735413, -0.2519473731517792, 0.9832582473754883
7, 16, 0.3848226070404053, 0.5269588828086853, -0.2328462153673172, 0.98655104637146
7, 17, 0.525867223739624, 0.6484361290931702, -0.2885410785675049, 0.9756763577461243
7, 18, 0.3740973472595215, 0.5468794107437134, -0.2712276875972748, 0.9812421798706055
7, 19, 0.5145804286003113, 0.6457067728042603, -0.30012521147727966, 0.9751391410827637
7, 20, 0.3859032988548279, 0.5552163124084473, -0.28738558292388916, 0.9804654121398926
7, 21, 0.5094521045684814, 0.6327308416366577, -0.2596558928489685, 0.9648167490959167
7, 22, 0.39215201139450073, 0.5483345985412598, -0.2421504557132721, 0.9730684161186218
7, 23, 0.4890536367893219, 0.35594967007637024, 0.001140676555223763, 0.9801284670829773
7, 24, 0.4516541361808777, 0.3317427337169647, -0.0010027282405644655, 0.9884184002876282
7, 25, 0.4896109700202942, 0.49228450655937195, 0.04380080848932266, 0.16258539259433746
7, 26, 0.42516446113586426, 0.4524105489253998, 0.0379016138613224, 0.32245954871177673
7, 27, 0.46992215514183044, 0.5657910704612732, 0.21506580710411072, 0.19322675466537476
7, 28, 0.4389778673648834, 0.5213505029678345, 0.21847781538963318, 0.22072507441043854
7, 29, 0.4669466018676758, 0.5688191652297974, 0.23169641196727753, 0.15285532176494598
7, 30, 0.44381338357925415, 0.5299190878868103, 0.23720607161521912, 0.17794068157672882
7, 31, 0.46476420760154724, 0.618080198764801, 0.18807409703731537, 0.4553127884864807
7, 32, 0.4377957284450531, 0.5606416463851929, 0.1982845515012741, 0.42459574341773987
8, 0, 0.4442833960056305, 0.4664769172668457, -0.32838156819343567, 0.9993010759353638
8, 1, 0.45038753747940063, 0.45716238021850586, -0.3383074104785919, 0.9994588494300842
8, 2, 0.45396238565444946, 0.4569810628890991, -0.3383566439151764, 0.999517560005188
8, 3, 0.4577980935573578, 0.4541550874710083, -0.3384527564048767, 0.9995561242103577
8, 4, 0.4398525357246399, 0.4556199014186859, -0.33894631266593933, 0.9994708895683289
8, 5, 0.43635186553001404, 0.4537893831729889, -0.3390052914619446, 0.9994756579399109
8, 6, 0.43375808000564575, 0.4507797658443451, -0.33901751041412354, 0.9994106292724609
8, 7, 0.4635128378868103, 0.4420809745788574, -0.3228618800640106, 0.9985604882240295
8, 8, 0.4295048117637634, 0.4326240122318268, -0.32512155175209045, 0.9988718628883362
8, 9, 0.45145854353904724, 0.46092572808265686, -0.31564173102378845, 0.9991161227226257
8, 10, 0.43984803557395935, 0.46143269538879395, -0.316153347492218, 0.9987239241600037
8, 11, 0.49533018469810486, 0.43747609853744507, -0.24270710349082947, 0.9936349391937256
8, 12, 0.4231054186820984, 0.38046273589134216, -0.24858300387859344, 0.9857999086380005
8, 13, 0.5020064115524292, 0.5204015970230103, -0.20778492093086243, 0.9183523654937744
8, 14, 0.3857278823852539, 0.42424440383911133, -0.20942489802837372, 0.9430596232414246
8, 15, 0.4945012032985687, 0.621821403503418, -0.2502132058143616, 0.9718500375747681
8, 16, 0.37437689304351807, 0.5016113519668579, -0.2478119432926178, 0.9808682799339294
8, 17, 0.4901009202003479, 0.6398988962173462, -0.283735454082489, 0.9657467007637024
8, 18, 0.3688083291053772, 0.5159786939620972, -0.28230321407318115, 0.9733250737190247
8, 19, 0.4798477590084076, 0.6330422759056091, -0.29557114839553833, 0.9654738903045654
8, 20, 0.37985163927078247, 0.5234265327453613, -0.2979307770729065, 0.973336935043335
8, 21, 0.47830599546432495, 0.6210554242134094, -0.25768423080444336, 0.9504150152206421
8, 22, 0.38145920634269714, 0.5281005501747131, -0.25655195116996765, 0.9661450982093811
8, 23, 0.49322110414505005, 0.33522987365722656, -0.0001630327315069735, 0.9984772801399231
8, 24, 0.4580155313014984, 0.33003610372543335, 0.000359037599992007, 0.9980403780937195
8, 25, 0.5076258182525635, 0.4771973788738251, 0.04844005033373833, 0.28242355585098267
8, 26, 0.44523462653160095, 0.45818719267845154, 0.04887128621339798, 0.19789275527000427
8, 27, 0.515381395816803, 0.5519832968711853, 0.21091076731681824, 0.3845535218715668
8, 28, 0.45706433057785034, 0.5299437046051025, 0.21826641261577606, 0.220924511551857
8, 29, 0.5164320468902588, 0.5585981011390686, 0.2264060527086258, 0.2579028010368347
8, 30, 0.46075502038002014, 0.5362481474876404, 0.23474904894828796, 0.16787773370742798
8, 31, 0.5134015679359436, 0.6013862490653992, 0.1768246740102768, 0.5138556361198425
8, 32, 0.4533542990684509, 0.573085367679596, 0.1876324564218521, 0.370943158864975
9, 0, 0.4450756013393402, 0.466309517621994, -0.35286831855773926, 0.9998786449432373
9, 1, 0.45010215044021606, 0.45392608642578125, -0.3575952649116516, 0.9999052286148071
9, 2, 0.4531651437282562, 0.45252758264541626, -0.3575809597969055, 0.9998964071273804
9, 3, 0.4565409719944, 0.4491342008113861, -0.3576163053512573, 0.9999197721481323
9, 4, 0.44052520394325256, 0.453103631734848, -0.35824355483055115, 0.9999178647994995
9, 5, 0.437955766916275, 0.45151230692863464, -0.35829126834869385, 0.9999027252197266
9, 6, 0.4350489675998688, 0.4497789740562439, -0.3582763969898224, 0.9999208450317383
9, 7, 0.4625508785247803, 0.43436744809150696, -0.32196658849716187, 0.9996476173400879
9, 8, 0.4309902787208557, 0.4293491244316101, -0.3255980312824249, 0.9998281002044678
9, 9, 0.45190057158470154, 0.4599197506904602, -0.33419618010520935, 0.999846339225769
9, 10, 0.4416274130344391, 0.46024683117866516, -0.335225909948349, 0.9998472929000854
9, 11, 0.4941781163215637, 0.4223676323890686, -0.24598565697669983, 0.9949232935905457
9, 12, 0.4193210005760193, 0.3802121877670288, -0.24942131340503693, 0.9961341619491577
9, 13, 0.5166229605674744, 0.49532783031463623, -0.22662849724292755, 0.9749395251274109
9, 14, 0.38868939876556396, 0.43370169401168823, -0.22135913372039795, 0.9268546104431152
9, 15, 0.5243768095970154, 0.5888257026672363, -0.28470832109451294, 0.9875730276107788
9, 16, 0.38480693101882935, 0.5207774043083191, -0.25819119811058044, 0.9628829956054688
9, 17, 0.5311111807823181, 0.6164186000823975, -0.3214225769042969, 0.980977475643158
9, 18, 0.3738330006599426, 0.5254436731338501, -0.29551202058792114, 0.9457218647003174
9, 19, 0.5196021199226379, 0.6144886016845703, -0.3306199908256531, 0.9817284941673279
9, 20, 0.3824891448020935, 0.54471755027771, -0.30724817514419556, 0.9474809765815735
9, 21, 0.5154843330383301, 0.6033700704574585, -0.29166945815086365, 0.9691461324691772
9, 22, 0.3895282447338104, 0.5380051136016846, -0.26596733927726746, 0.925405740737915
9, 23, 0.4869302809238434, 0.3478458523750305, 0.0035236957482993603, 0.9850885272026062
9, 24, 0.45035576820373535, 0.3253498077392578, -0.0034616782795637846, 0.989763617515564
9, 25, 0.47958335280418396, 0.48137471079826355, 0.09056614339351654, 0.11686373502016068
9, 26, 0.42945003509521484, 0.4489329755306244, 0.06887489557266235, 0.2637108564376831
9, 27, 0.4681299328804016, 0.5196031928062439, 0.2821163535118103, 0.1319664567708969
9, 28, 0.44714680314064026, 0.4775710105895996, 0.2657838463783264, 0.1390293687582016
9, 29, 0.46646833419799805, 0.5186817049980164, 0.3009299039840698, 0.0750742107629776
9, 30, 0.45145073533058167, 0.47899940609931946, 0.2865385115146637, 0.0816052109003067
9, 31, 0.4630914330482483, 0.5598674416542053, 0.2653370201587677, 0.3051726818084717
9, 32, 0.4470308721065521, 0.5054717063903809, 0.25475013256073, 0.2646195888519287
10, 0, 0.44777384400367737, 0.46190863847732544, -0.4066838324069977, 0.9998495578765869
10, 1, 0.4530361294746399, 0.45190155506134033, -0.40781649947166443, 0.9998611211776733
10, 2, 0.4564600884914398, 0.4510946571826935, -0.4078105092048645, 0.9998718500137329
10, 3, 0.4598831236362457, 0.4508471190929413, -0.40784698724746704, 0.9998661279678345
10, 4, 0.44260063767433167, 0.4500364065170288, -0.40927958488464355, 0.9999239444732666
10, 5, 0.4389331340789795, 0.44751620292663574, -0.4093208312988281, 0.9999250173568726
10, 6, 0.4363000988960266, 0.4460223615169525, -0.40931272506713867, 0.9999053478240967
10, 7, 0.4655526280403137, 0.43769899010658264, -0.3552207350730896, 0.9993577599525452
10, 8, 0.43174606561660767, 0.4279648959636688, -0.361293226480484, 0.9997790455818176
10, 9, 0.4546256959438324, 0.4602210521697998, -0.38111913204193115, 0.999467670917511
10, 10, 0.4427112638950348, 0.4595247805118561, -0.3828558623790741, 0.9994651675224304
10, 11, 0.49390846490859985, 0.43049484491348267, -0.2544581890106201, 0.9772890210151672
10, 12, 0.4191433787345886, 0.37993380427360535, -0.25211232900619507, 0.9825758934020996
10, 13, 0.5018266439437866, 0.5231027603149414, -0.2121218740940094, 0.9400341510772705
10, 14, 0.38420048356056213, 0.42912590503692627, -0.19754034280776978, 0.9065871238708496
10, 15, 0.509918212890625, 0.6428375244140625, -0.2692123353481293, 0.9810660481452942
10, 16, 0.37540119886398315, 0.5104861259460449, -0.24522235989570618, 0.9730658531188965
10, 17, 0.5182783603668213, 0.6761668920516968, -0.30603137612342834, 0.9762478470802307
10, 18, 0.3698776662349701, 0.5234760642051697, -0.2828863561153412, 0.9682084918022156
10, 19, 0.508949339389801, 0.6734998226165771, -0.3175586462020874, 0.9749207496643066
10, 20, 0.3822857737541199, 0.5372378826141357, -0.2993013858795166, 0.9652787446975708
10, 21, 0.5029727220535278, 0.6598930358886719, -0.27655676007270813, 0.96407550573349
10, 22, 0.3892267048358917, 0.5366867780685425, -0.2544782757759094, 0.9544942378997803
10, 23, 0.4922516345977783, 0.34605374932289124, -0.001387726399116218, 0.9886547327041626
10, 24, 0.44665956497192383, 0.34495261311531067, 0.001566522754728794, 0.9918334484100342
10, 25, 0.49170833826065063, 0.49827879667282104, 0.008850615471601486, 0.27661171555519104
10, 26, 0.42917877435684204, 0.4692460894584656, 0.020323604345321655, 0.32027533650398254
10, 27, 0.47934141755104065, 0.5818018913269043, 0.15977807343006134, 0.4157933294773102
10, 28, 0.440520703792572, 0.5562964677810669, 0.17188531160354614, 0.36485984921455383
10, 29, 0.4778619408607483, 0.5878250598907471, 0.17367982864379883, 0.3129394054412842
10, 30, 0.44545310735702515, 0.5671628713607788, 0.18662674725055695, 0.2621713876724243
10, 31, 0.4735028147697449, 0.6368882060050964, 0.1104399561882019, 0.6737532019615173
10, 32, 0.43713274598121643, 0.6037232875823975, 0.1283813714981079, 0.5519385933876038
11, 0, 0.4448188841342926, 0.46552735567092896, -0.5995490550994873, 0.999990701675415
11, 1, 0.45047450065612793, 0.45515114068984985, -0.6039733290672302, 0.9999921321868896
11, 2, 0.4544500410556793, 0.4545711576938629, -0.6039368510246277, 0.9999921321868896
11, 3, 0.45815926790237427, 0.4539189338684082, -0.6039742827415466, 0.9999885559082031
11, 4, 0.43948298692703247, 0.45287856459617615, -0.6053892374038696, 0.9999942779541016
11, 5, 0.43622106313705444, 0.45012524724006653, -0.6054319143295288, 0.9999938011169434
11, 6, 0.4331319332122803, 0.4477105736732483, -0.6053690910339355, 0.9999918937683105
11, 7, 0.46506261825561523, 0.4410819709300995, -0.5294296741485596, 0.9999549388885498
11, 8, 0.4281119406223297, 0.4260435402393341, -0.5344240069389343, 0.999981164932251
11, 9, 0.4522438943386078, 0.46134084463119507, -0.5607718229293823, 0.9999332427978516
11, 10, 0.43993616104125977, 0.45997798442840576, -0.5621997117996216, 0.9999277591705322
11, 11, 0.4986456036567688, 0.44090473651885986, -0.3617847263813019, 0.9873340129852295
11, 12, 0.40617674589157104, 0.3946734666824341, -0.38330385088920593, 0.9834154844284058
11, 13, 0.5150162577629089, 0.5578036308288574, -0.3031540811061859, 0.9828700423240662
11, 14, 0.372911661863327, 0.4878678321838379, -0.3144412040710449, 0.982115626335144
11, 15, 0.5111736059188843, 0.6886909604072571, -0.3863164782524109, 0.9965408444404602
11, 16, 0.37734949588775635, 0.6503568887710571, -0.3593546450138092, 0.9961225390434265
11, 17, 0.5131020545959473, 0.7215282917022705, -0.4357423186302185, 0.9944139719009399
11, 18, 0.36803188920021057, 0.6752930879592896, -0.4101543426513672, 0.9938172698020935
11, 19, 0.5005752444267273, 0.7055990695953369, -0.4569513201713562, 0.9937536120414734
11, 20, 0.38059544563293457, 0.6858707666397095, -0.4321367144584656, 0.9930210709571838
11, 21, 0.49975353479385376, 0.7046190500259399, -0.399081289768219, 0.9903517365455627
11, 22, 0.37477293610572815, 0.6372767090797424, -0.3714011311531067, 0.9914073348045349
11, 23, 0.4976208806037903, 0.3743479549884796, 0.008266475982964039, 0.9958406090736389
11, 24, 0.4416213929653168, 0.36427971720695496, -0.008062541484832764, 0.9954258799552917
11, 25, 0.4746968746185303, 0.5562232732772827, 0.03206880763173103, 0.5012527704238892
11, 26, 0.4096549451351166, 0.5288946628570557, 0.012038924731314182, 0.7938829064369202
11, 27, 0.4494246542453766, 0.6415312886238098, 0.23045392334461212, 0.7417426705360413
11, 28, 0.4018091559410095, 0.6144932508468628, 0.21018879115581512, 0.7394238114356995
11, 29, 0.44438353180885315, 0.6465611457824707, 0.24896755814552307, 0.6183488965034485
11, 30, 0.40444236993789673, 0.6230400800704956, 0.22971411049365997, 0.5657186508178711
11, 31, 0.44393691420555115, 0.6981390714645386, 0.17039863765239716, 0.8936589956283569
11, 32, 0.3948131799697876, 0.6724625825881958, 0.15350864827632904, 0.8571672439575195
12, 0, 0.4451834261417389, 0.4679497480392456, -0.6453441381454468, 0.9999885559082031
12, 1, 0.4508553147315979, 0.45762553811073303, -0.6503562927246094, 0.9999915361404419
12, 2, 0.45480599999427795, 0.4569973945617676, -0.6503154635429382, 0.9999905824661255
12, 3, 0.4585976004600525, 0.4564213752746582, -0.6503480076789856, 0.9999868869781494
12, 4, 0.4397682547569275, 0.455823689699173, -0.6513505578041077, 0.9999934434890747
12, 5, 0.43634384870529175, 0.4535595774650574, -0.6513999104499817, 0.9999926090240479
12, 6, 0.43323272466659546, 0.4507450461387634, -0.6513394713401794, 0.9999910593032837
12, 7, 0.4653192460536957, 0.4438261389732361, -0.5720453858375549, 0.9999508857727051
12, 8, 0.4284083843231201, 0.42859458923339844, -0.5752785801887512, 0.9999799728393555
12, 9, 0.4526658058166504, 0.46296828985214233, -0.6049377918243408, 0.9999479055404663
12, 10, 0.4401940405368805, 0.46215832233428955, -0.6058984398841858, 0.999946117401123
12, 11, 0.4960172772407532, 0.4443320035934448, -0.39260903000831604, 0.9885164499282837
12, 12, 0.40351492166519165, 0.4039088785648346, -0.4103075861930847, 0.9861122965812683
12, 13, 0.5136292576789856, 0.5610318779945374, -0.33393150568008423, 0.9864864349365234
12, 14, 0.37324073910713196, 0.5091819763183594, -0.338034987449646, 0.9841393232345581
12, 15, 0.5083228349685669, 0.6910950541496277, -0.41080373525619507, 0.9971132278442383
12, 16, 0.3812447190284729, 0.6777225732803345, -0.3868720233440399, 0.9970530271530151
12, 17, 0.5131136178970337, 0.7231206893920898, -0.46042877435684204, 0.9950348138809204
12, 18, 0.37246987223625183, 0.7040145397186279, -0.4382912516593933, 0.9951984286308289
12, 19, 0.5011221766471863, 0.7237571477890015, -0.4826502203941345, 0.994520366191864
12, 20, 0.3843405842781067, 0.7112957239151001, -0.4625343382358551, 0.9945589900016785
12, 21, 0.49677014350891113, 0.7110509872436523, -0.4239329397678375, 0.9915156364440918
12, 22, 0.3921104371547699, 0.6991995573043823, -0.40005597472190857, 0.993516206741333
12, 23, 0.49810606241226196, 0.3875870704650879, 0.007169193122535944, 0.9976058006286621
12, 24, 0.43894466757774353, 0.36230164766311646, -0.006996241398155689, 0.9973695278167725
12, 25, 0.48016196489334106, 0.5810133218765259, 0.010131009854376316, 0.5478911399841309
12, 26, 0.4005667567253113, 0.5510209202766418, -0.013604452833533287, 0.8786704540252686
12, 27, 0.4540722966194153, 0.6711728572845459, 0.20266184210777283, 0.7878373265266418
12, 28, 0.3913462162017822, 0.68121737241745, 0.17704254388809204, 0.8184070587158203
12, 29, 0.44653311371803284, 0.6768134832382202, 0.21967573463916779, 0.6501795649528503
12, 30, 0.3988093435764313, 0.6885542273521423, 0.19519628584384918, 0.6754590272903442
12, 31, 0.4531593918800354, 0.72728031873703, 0.12721867859363556, 0.9099677801132202
12, 32, 0.3898278772830963, 0.7233915328979492, 0.10817950963973999, 0.9062311053276062
13, 0, 0.44429078698158264, 0.46238940954208374, -0.6472730040550232, 0.9999949932098389
13, 1, 0.45012980699539185, 0.45278552174568176, -0.6512876749038696, 0.9999951124191284
13, 2, 0.4543038308620453, 0.45226460695266724, -0.6512369513511658, 0.9999943971633911
13, 3, 0.45828381180763245, 0.4517708122730255, -0.6512323021888733, 0.9999929666519165
13, 4, 0.4386098384857178, 0.4501197934150696, -0.6527308225631714, 0.9999967813491821
13, 5, 0.435244619846344, 0.44770902395248413, -0.6527854204177856, 0.9999963045120239
13, 6, 0.4320300221443176, 0.4451881945133209, -0.6527228951454163, 0.9999955892562866
13, 7, 0.4660019874572754, 0.43940964341163635, -0.569577693939209, 0.9999736547470093
13, 8, 0.42667943239212036, 0.42225539684295654, -0.5751009583473206, 0.9999896287918091
13, 9, 0.45244675874710083, 0.4596172869205475, -0.6055455207824707, 0.9999756813049316
13, 10, 0.4389330744743347, 0.45887649059295654, -0.6071274876594543, 0.9999754428863525
13, 11, 0.49756771326065063, 0.4398669898509979, -0.3958394527435303, 0.9914434552192688
13, 12, 0.40387648344039917, 0.39922475814819336, -0.41364043951034546, 0.9926419854164124
13, 13, 0.5170145034790039, 0.5599695444107056, -0.3452226221561432, 0.9914571642875671
13, 14, 0.37069493532180786, 0.5129331946372986, -0.3629298806190491, 0.9978571534156799
13, 15, 0.5113199949264526, 0.6921482682228088, -0.440250962972641, 0.9973028898239136
13, 16, 0.37892845273017883, 0.6780606508255005, -0.4366516172885895, 0.9991099238395691
13, 17, 0.5155643820762634, 0.7234320640563965, -0.4932863712310791, 0.9956484436988831
13, 18, 0.36941954493522644, 0.706626296043396, -0.49311456084251404, 0.9982545971870422
13, 19, 0.5035421252250671, 0.7243296504020691, -0.5152838230133057, 0.9955095052719116
13, 20, 0.3813006281852722, 0.7132164835929871, -0.5171354413032532, 0.998094379901886
13, 21, 0.49980980157852173, 0.7069807052612305, -0.45377078652381897, 0.9926390647888184
13, 22, 0.38732045888900757, 0.7062139511108398, -0.450462281703949, 0.9974453449249268
13, 23, 0.49787577986717224, 0.3731077313423157, 0.008184226229786873, 0.9965308308601379
13, 24, 0.4394070506095886, 0.36389148235321045, -0.008108969777822495, 0.9963566064834595
13, 25, 0.4804980754852295, 0.5690145492553711, 0.036823540925979614, 0.47514235973358154
13, 26, 0.4037373661994934, 0.5449033975601196, 0.008490831591188908, 0.8701454997062683
13, 27, 0.45991021394729614, 0.6477749347686768, 0.2538175880908966, 0.6584624648094177
13, 28, 0.40382784605026245, 0.6161447763442993, 0.2229871302843094, 0.7588971257209778
13, 29, 0.45510467886924744, 0.6513059735298157, 0.2736242413520813, 0.5113005042076111
13, 30, 0.408098042011261, 0.6213960647583008, 0.24416771531105042, 0.5951824188232422
13, 31, 0.4566985070705414, 0.7042969465255737, 0.18788544833660126, 0.8764628767967224
13, 32, 0.39686280488967896, 0.6735782623291016, 0.16642600297927856, 0.8834713101387024
14, 0, 0.4460598826408386, 0.4595264792442322, -0.6743881702423096, 0.9999855756759644
14, 1, 0.4513363838195801, 0.45133522152900696, -0.6759568452835083, 0.9999868869781494
14, 2, 0.45515671372413635, 0.4511255621910095, -0.6759001612663269, 0.9999853372573853
14, 3, 0.4587823450565338, 0.45098793506622314, -0.6759235858917236, 0.9999797344207764
14, 4, 0.44057339429855347, 0.44859251379966736, -0.6775133609771729, 0.9999911785125732
14, 5, 0.43727073073387146, 0.4464021325111389, -0.677558958530426, 0.9999899864196777
14, 6, 0.43417829275131226, 0.444193959236145, -0.677496612071991, 0.9999876022338867
14, 7, 0.465960830450058, 0.43824630975723267, -0.5863362550735474, 0.9999147653579712
14, 8, 0.429117351770401, 0.4211382269859314, -0.5915828347206116, 0.9999687671661377
14, 9, 0.4533246159553528, 0.4549783170223236, -0.6303539872169495, 0.999911904335022
14, 10, 0.4414263367652893, 0.45315852761268616, -0.6318972110748291, 0.9999134540557861
14, 11, 0.5027443766593933, 0.42137500643730164, -0.4033207893371582, 0.9735795855522156
14, 12, 0.40381914377212524, 0.3959968686103821, -0.42241793870925903, 0.9790019989013672
14, 13, 0.5135118961334229, 0.5602090954780579, -0.3545141816139221, 0.9852096438407898
14, 14, 0.3734194338321686, 0.5037673115730286, -0.3609475791454315, 0.9864615797996521
14, 15, 0.5089308023452759, 0.6974223256111145, -0.44277578592300415, 0.9971652626991272
14, 16, 0.3812171518802643, 0.669999897480011, -0.4203224778175354, 0.9977254271507263
14, 17, 0.5149544477462769, 0.7309229373931885, -0.4954513907432556, 0.995421826839447
14, 18, 0.37178468704223633, 0.7042462825775146, -0.4750593602657318, 0.9962564706802368
14, 19, 0.5012860894203186, 0.7300900220870972, -0.5178326368331909, 0.9950414299964905
14, 20, 0.38297951221466064, 0.71056067943573, -0.4986409544944763, 0.9957214593887329
14, 21, 0.4968222975730896, 0.7152844071388245, -0.4566490650177002, 0.9923076629638672
14, 22, 0.38924771547317505, 0.6988152861595154, -0.4337916374206543, 0.9945613741874695
14, 23, 0.496013879776001, 0.38545656204223633, 0.006692440714687109, 0.9939524531364441
14, 24, 0.4380582869052887, 0.3551645576953888, -0.006554709281772375, 0.9939644932746887
14, 25, 0.4667835235595703, 0.5793566703796387, 0.004733066074550152, 0.5834094882011414
14, 26, 0.4000495970249176, 0.550376296043396, -0.017805257812142372, 0.8756396174430847
14, 27, 0.4423150420188904, 0.6689861416816711, 0.20142512023448944, 0.7938113212585449
14, 28, 0.39394888281822205, 0.6857675313949585, 0.1737148016691208, 0.8319590091705322
14, 29, 0.43625277280807495, 0.6747827529907227, 0.21867546439170837, 0.6734785437583923
14, 30, 0.3968191146850586, 0.6486499309539795, 0.19187407195568085, 0.6967716813087463
14, 31, 0.4383510947227478, 0.724827766418457, 0.12452123314142227, 0.9110444784164429
14, 32, 0.3888505697250366, 0.7302713394165039, 0.10082913935184479, 0.9121407270431519
15, 0, 0.443535715341568, 0.46111491322517395, -0.6622163653373718, 0.9999936819076538
15, 1, 0.4497818350791931, 0.4517920911312103, -0.6653169393539429, 0.9999932050704956
15, 2, 0.45396584272384644, 0.45165058970451355, -0.6652640700340271, 0.999991774559021
15, 3, 0.45792269706726074, 0.4515037536621094, -0.6652395129203796, 0.9999898672103882
15, 4, 0.43808475136756897, 0.4484592080116272, -0.6662530303001404, 0.9999960660934448
15, 5, 0.4346184730529785, 0.4460223615169525, -0.6663040518760681, 0.9999954700469971
15, 6, 0.43143215775489807, 0.44350725412368774, -0.6662514209747314, 0.9999945163726807
15, 7, 0.46585550904273987, 0.4392082095146179, -0.5800434947013855, 0.9999626874923706
15, 8, 0.4270075857639313, 0.4200545847415924, -0.5829075574874878, 0.9999860525131226
15, 9, 0.4513724446296692, 0.45752227306365967, -0.6194135546684265, 0.9999616146087646
15, 10, 0.43833309412002563, 0.4550299644470215, -0.6203048825263977, 0.9999631643295288
15, 11, 0.4970225393772125, 0.4409711956977844, -0.4032544195652008, 0.9834402799606323
15, 12, 0.4019518494606018, 0.39931079745292664, -0.4148801267147064, 0.9890105128288269
15, 13, 0.5132380127906799, 0.5647155046463013, -0.35360175371170044, 0.991802990436554
15, 14, 0.3689836859703064, 0.5172006487846375, -0.3664700984954834, 0.9964836835861206
15, 15, 0.5100260376930237, 0.7015390396118164, -0.44120389223098755, 0.9977138042449951
15, 16, 0.3803715705871582, 0.6782439947128296, -0.4404687285423279, 0.9988197684288025
15, 17, 0.5115779042243958, 0.7310919761657715, -0.49376827478408813, 0.9964690208435059
15, 18, 0.370286762714386, 0.7113265991210938, -0.496136337518692, 0.9978238344192505
15, 19, 0.498218834400177, 0.7317169904708862, -0.5150922536849976, 0.9963918328285217
15, 20, 0.3809131681919098, 0.7140675783157349, -0.5200749039649963, 0.9975236058235168
15, 21, 0.49572911858558655, 0.7169404029846191, -0.4544222950935364, 0.9939513206481934
15, 22, 0.3899962306022644, 0.7027226090431213, -0.4543444514274597, 0.9967015385627747
15, 23, 0.497772216796875, 0.37702611088752747, 0.005492160562425852, 0.996322751045227
15, 24, 0.43865203857421875, 0.3519326150417328, -0.005492618773132563, 0.99647057056427
15, 25, 0.4842371940612793, 0.5604425072669983, 0.019321337342262268, 0.5343717336654663
15, 26, 0.39338985085487366, 0.5474061369895935, -0.0023260570596903563, 0.9116167426109314
15, 27, 0.4582262635231018, 0.6628526449203491, 0.22215361893177032, 0.749377429485321
15, 28, 0.3961712121963501, 0.6659559607505798, 0.1983829140663147, 0.8568153381347656
15, 29, 0.45279350876808167, 0.6676815748214722, 0.24033692479133606, 0.5976450443267822
15, 30, 0.39914217591285706, 0.6366170048713684, 0.21788625419139862, 0.7145440578460693
15, 31, 0.4551994204521179, 0.7202455401420593, 0.1507619023323059, 0.9118119478225708
15, 32, 0.385416716337204, 0.6845670938491821, 0.13878662884235382, 0.9258682727813721
16, 0, 0.4459434449672699, 0.4656955599784851, -0.611168384552002, 0.9999904632568359
16, 1, 0.4516693651676178, 0.4549362063407898, -0.6139039993286133, 0.9999916553497314
16, 2, 0.4555354118347168, 0.4542887508869171, -0.6138486266136169, 0.9999908208847046
16, 3, 0.45927754044532776, 0.4535447955131531, -0.6138820648193359, 0.9999873638153076
16, 4, 0.4402990937232971, 0.4518822431564331, -0.6158410906791687, 0.9999946355819702
16, 5, 0.4365845322608948, 0.44913342595100403, -0.6158849596977234, 0.9999942779541016
16, 6, 0.43311643600463867, 0.4463900625705719, -0.6158162951469421, 0.999992847442627
16, 7, 0.46606940031051636, 0.44001105427742004, -0.5305298566818237, 0.9999516010284424
16, 8, 0.42678871750831604, 0.424151748418808, -0.5380516052246094, 0.999984860420227
16, 9, 0.45297956466674805, 0.461200088262558, -0.5693549513816833, 0.9999401569366455
16, 10, 0.44022029638290405, 0.46021053194999695, -0.5715738534927368, 0.9999417066574097
16, 11, 0.4951804578304291, 0.44185036420822144, -0.3510817885398865, 0.9852309226989746
16, 12, 0.4009943902492523, 0.40249505639076233, -0.3744131624698639, 0.9868764877319336
16, 13, 0.5136411190032959, 0.5544031858444214, -0.2822435200214386, 0.9667060375213623
16, 14, 0.3708362579345703, 0.5049116611480713, -0.286378413438797, 0.9769349098205566
16, 15, 0.5094106793403625, 0.6909521818161011, -0.35624364018440247, 0.9920759201049805
16, 16, 0.38267794251441956, 0.6732063293457031, -0.31988784670829773, 0.9950580596923828
16, 17, 0.5142172574996948, 0.7240110635757446, -0.40322303771972656, 0.9871495366096497
16, 18, 0.3735808730125427, 0.6992238759994507, -0.3671162724494934, 0.9925273656845093
16, 19, 0.5033190250396729, 0.7220103144645691, -0.42470401525497437, 0.9861086010932922
16, 20, 0.38771700859069824, 0.7043852806091309, -0.39136815071105957, 0.9918143153190613
16, 21, 0.4991978704929352, 0.7096484899520874, -0.36889174580574036, 0.9798117280006409
16, 22, 0.3952498435974121, 0.6931895613670349, -0.3323781192302704, 0.9898402690887451
16, 23, 0.4947511553764343, 0.3704990744590759, 0.008943544700741768, 0.9961116909980774
16, 24, 0.434814989566803, 0.3530970811843872, -0.008737296797335148, 0.9965910911560059
16, 25, 0.4791085124015808, 0.5685707330703735, 0.025489594787359238, 0.4936480224132538
16, 26, 0.398556649684906, 0.541538417339325, -0.00669411476701498, 0.8130338191986084
16, 27, 0.45773106813430786, 0.6655069589614868, 0.22139370441436768, 0.7349097728729248
16, 28, 0.3964505195617676, 0.6701523661613464, 0.190467968583107, 0.7783452272415161
16, 29, 0.45227327942848206, 0.6720153093338013, 0.23932859301567078, 0.6061365604400635
16, 30, 0.4031824469566345, 0.6864023208618164, 0.20972736179828644, 0.6159632802009583
16, 31, 0.45511120557785034, 0.723482072353363, 0.15628091990947723, 0.8864795565605164
16, 32, 0.3937724232673645, 0.6936514377593994, 0.12989060580730438, 0.8784605860710144
17, 0, 0.4452565312385559, 0.468063622713089, -0.6072375178337097, 0.9999971389770508
17, 1, 0.451177179813385, 0.45622965693473816, -0.6115928888320923, 0.9999973773956299
17, 2, 0.454925000667572, 0.45569801330566406, -0.6115308403968811, 0.9999970197677612
17, 3, 0.45852071046829224, 0.45511966943740845, -0.6115321516990662, 0.9999958276748657
17, 4, 0.440206915140152, 0.4530276954174042, -0.6127172708511353, 0.9999982118606567
17, 5, 0.4366787075996399, 0.4503287374973297, -0.6127578020095825, 0.9999979734420776
17, 6, 0.43338340520858765, 0.4476383924484253, -0.6126871705055237, 0.9999974966049194
17, 7, 0.46543416380882263, 0.44274356961250305, -0.5321309566497803, 0.999984622001648
17, 8, 0.42747098207473755, 0.4254325032234192, -0.5362797379493713, 0.9999945163726807
17, 9, 0.4520942270755768, 0.46471869945526123, -0.5660219192504883, 0.9999803304672241
17, 10, 0.43952423334121704, 0.46369171142578125, -0.5672402381896973, 0.9999808073043823
17, 11, 0.49378830194473267, 0.4520737826824188, -0.3584050238132477, 0.9939450621604919
17, 12, 0.40200862288475037, 0.40854525566101074, -0.373922199010849, 0.9944508671760559
17, 13, 0.5121536254882812, 0.5622183680534363, -0.291717529296875, 0.9758234620094299
17, 14, 0.3711952865123749, 0.5134722590446472, -0.2990737855434418, 0.9906193017959595
17, 15, 0.5092208385467529, 0.6923450827598572, -0.36953532695770264, 0.9953006505966187
17, 16, 0.3784649074077606, 0.677543044090271, -0.3519260585308075, 0.9977686405181885
17, 17, 0.514255940914154, 0.7251791954040527, -0.41789713501930237, 0.9922323226928711
17, 18, 0.37012168765068054, 0.7033230662345886, -0.40168848633766174, 0.9961899518966675
17, 19, 0.5014290809631348, 0.7253369092941284, -0.4394480586051941, 0.9915899634361267
17, 20, 0.38285961747169495, 0.7108367681503296, -0.42569154500961304, 0.9958165287971497
17, 21, 0.4979718327522278, 0.7080759406089783, -0.38210049271583557, 0.9874447584152222
17, 22, 0.38870930671691895, 0.6992011070251465, -0.3646676242351532, 0.9948258996009827
17, 23, 0.4952569901943207, 0.37509676814079285, 0.007410151418298483, 0.9966685175895691
17, 24, 0.43829265236854553, 0.3481224477291107, -0.007264940999448299, 0.9973783493041992
17, 25, 0.48624998331069946, 0.5695961713790894, 0.039740826934576035, 0.4875500202178955
17, 26, 0.40268784761428833, 0.5420277714729309, 0.010446085594594479, 0.8305630683898926
17, 27, 0.4675776958465576, 0.6559432148933411, 0.2445516139268875, 0.7307770252227783
17, 28, 0.40610820055007935, 0.6197965741157532, 0.21878595650196075, 0.7522040605545044
17, 29, 0.463320791721344, 0.6614412069320679, 0.2634592652320862, 0.6118158102035522
17, 30, 0.41142264008522034, 0.6286926865577698, 0.23958353698253632, 0.6066142320632935
17, 31, 0.4646768569946289, 0.7095621824264526, 0.18344147503376007, 0.8936914801597595
17, 32, 0.399907648563385, 0.6719368696212769, 0.16793538630008698, 0.8733388185501099
18, 0, 0.44307345151901245, 0.4658925235271454, -0.5132949352264404, 0.999992847442627
18, 1, 0.44914254546165466, 0.45292410254478455, -0.5180971622467041, 0.999993085861206
18, 2, 0.45307406783103943, 0.45243242383003235, -0.5180409550666809, 0.9999922513961792
18, 3, 0.456712543964386, 0.4511827826499939, -0.5180677771568298, 0.9999898672103882
18, 4, 0.4375689625740051, 0.4499794840812683, -0.5184360146522522, 0.9999954700469971
18, 5, 0.4339929521083832, 0.44758766889572144, -0.5184623599052429, 0.9999943971633911
18, 6, 0.43067264556884766, 0.4453657865524292, -0.5183981657028198, 0.9999929666519165
18, 7, 0.46313565969467163, 0.43794649839401245, -0.4507640302181244, 0.9999548196792603
18, 8, 0.4248870015144348, 0.42516183853149414, -0.45173826813697815, 0.9999845027923584
18, 9, 0.4503847062587738, 0.46260398626327515, -0.4778751730918884, 0.9999438524246216
18, 10, 0.4362301826477051, 0.4571644961833954, -0.478193461894989, 0.99994957447052
18, 11, 0.4933749735355377, 0.4389010965824127, -0.30863532423973083, 0.986520528793335
18, 12, 0.40479525923728943, 0.4031524360179901, -0.31620320677757263, 0.986382246017456
18, 13, 0.5075430274009705, 0.5418025255203247, -0.2422366589307785, 0.9870162010192871
18, 14, 0.37292250990867615, 0.493116557598114, -0.24040773510932922, 0.9795464873313904
18, 15, 0.5110391974449158, 0.6813428401947021, -0.30766454339027405, 0.9937388896942139
18, 16, 0.38082385063171387, 0.6276700496673584, -0.2792831063270569, 0.9900505542755127
18, 17, 0.5125290155410767, 0.7215056419372559, -0.35055777430534363, 0.9868103265762329
18, 18, 0.37381988763809204, 0.6627063751220703, -0.3207600712776184, 0.9812028408050537
18, 19, 0.5071768760681152, 0.7017664909362793, -0.36682188510894775, 0.9863095283508301
18, 20, 0.38534247875213623, 0.6683423519134521, -0.3396315574645996, 0.9804892539978027
18, 21, 0.5003481507301331, 0.6993188858032227, -0.3174755573272705, 0.97867751121521
18, 22, 0.3900541365146637, 0.6534202098846436, -0.2889135479927063, 0.9752930998802185
18, 23, 0.4912876486778259, 0.3583524823188782, 0.0037835706025362015, 0.9809895157814026
18, 24, 0.4380728602409363, 0.34116896986961365, -0.0036018365062773228, 0.9862594604492188
18, 25, 0.4817411005496979, 0.523658037185669, 0.08447077870368958, 0.3298720121383667
18, 26, 0.41008511185646057, 0.5034193396568298, 0.07122252136468887, 0.5065417289733887
18, 27, 0.46385273337364197, 0.5922698974609375, 0.3132110834121704, 0.38469889760017395
18, 28, 0.41729897260665894, 0.5663832426071167, 0.30299872159957886, 0.3690429627895355
18, 29, 0.46052974462509155, 0.5951269865036011, 0.3354056775569916, 0.2516449987888336
18, 30, 0.4211498200893402, 0.5712180137634277, 0.32635703682899475, 0.2561446726322174
18, 31, 0.46031326055526733, 0.6434051990509033, 0.28029483556747437, 0.6534866094589233
18, 32, 0.4150654375553131, 0.6154294013977051, 0.2725542187690735, 0.5606211423873901
19, 0, 0.44500285387039185, 0.4655669629573822, -0.5760094523429871, 0.9999949932098389
19, 1, 0.45121660828590393, 0.45455238223075867, -0.5819315314292908, 0.9999955892562866
19, 2, 0.4551158845424652, 0.4541991651058197, -0.5819011926651001, 0.9999953508377075
19, 3, 0.4586775302886963, 0.4537990987300873, -0.5819442272186279, 0.9999935626983643
19, 4, 0.4391840100288391, 0.45077767968177795, -0.5824288129806519, 0.9999969005584717
19, 5, 0.43539294600486755, 0.4478996992111206, -0.5824645757675171, 0.9999963045120239
19, 6, 0.43186187744140625, 0.44495803117752075, -0.5823909640312195, 0.999995231628418
19, 7, 0.46529555320739746, 0.44272229075431824, -0.5119572877883911, 0.999972939491272
19, 8, 0.42587366700172424, 0.42478621006011963, -0.5128573179244995, 0.9999898672103882
19, 9, 0.45260149240493774, 0.46316882967948914, -0.5380256772041321, 0.9999531507492065
19, 10, 0.43670663237571716, 0.4555101990699768, -0.5383470058441162, 0.9999516010284424
19, 11, 0.4949069023132324, 0.44558724761009216, -0.34691324830055237, 0.989020049571991
19, 12, 0.40059560537338257, 0.38347679376602173, -0.36500412225723267, 0.9832839965820312
19, 13, 0.5157377123832703, 0.5514886379241943, -0.2899857461452484, 0.9861868619918823
19, 14, 0.3702274262905121, 0.4836568236351013, -0.2877950668334961, 0.9758514165878296
19, 15, 0.5105417370796204, 0.6887170076370239, -0.3659461438655853, 0.9968642592430115
19, 16, 0.36444634199142456, 0.5931257009506226, -0.3209012448787689, 0.9924416542053223
19, 17, 0.5122450590133667, 0.7258434891700745, -0.41285642981529236, 0.9943104982376099
19, 18, 0.35409367084503174, 0.6179153323173523, -0.36730945110321045, 0.9880415201187134
19, 19, 0.5008764863014221, 0.7211806178092957, -0.43207603693008423, 0.9936684966087341
19, 20, 0.36658909916877747, 0.6236565113067627, -0.386785089969635, 0.9869117736816406
19, 21, 0.4986248016357422, 0.7026661038398743, -0.3776482343673706, 0.9894407391548157
19, 22, 0.3731083571910858, 0.6170930862426758, -0.3313567638397217, 0.9840819835662842
19, 23, 0.49470752477645874, 0.36363449692726135, 0.008863233961164951, 0.9949799180030823
19, 24, 0.43701642751693726, 0.34665244817733765, -0.008696464821696281, 0.9947319030761719
19, 25, 0.47969484329223633, 0.5429976582527161, 0.05566621571779251, 0.4937973618507385
19, 26, 0.40803462266921997, 0.5234439373016357, 0.03019118867814541, 0.7498502135276794
19, 27, 0.4617846608161926, 0.6196788549423218, 0.27120721340179443, 0.713424563407898
19, 28, 0.40113887190818787, 0.5974063873291016, 0.24331243336200714, 0.7285889983177185
19, 29, 0.45694202184677124, 0.6249951720237732, 0.2915712893009186, 0.5454692244529724
19, 30, 0.40326815843582153, 0.6041996479034424, 0.26448988914489746, 0.5433244705200195
19, 31, 0.46115440130233765, 0.6696351766586304, 0.21890906989574432, 0.8696925044059753
19, 32, 0.39643406867980957, 0.6519484519958496, 0.19431929290294647, 0.8434706330299377
20, 0, 0.44276222586631775, 0.4700500965118408, -0.5048730969429016, 0.9999873638153076
20, 1, 0.44944652915000916, 0.45551061630249023, -0.5096899271011353, 0.9999886751174927
20, 2, 0.45337969064712524, 0.4547807574272156, -0.5096438527107239, 0.9999871253967285
20, 3, 0.4570084512233734, 0.45340174436569214, -0.5096958875656128, 0.9999842643737793
20, 4, 0.4372546672821045, 0.45248275995254517, -0.5090897083282471, 0.999991774559021
20, 5, 0.4336357116699219, 0.44994571805000305, -0.5091241002082825, 0.9999895095825195
20, 6, 0.4302915036678314, 0.44748741388320923, -0.5090653300285339, 0.9999874830245972
20, 7, 0.4636687636375427, 0.4400477111339569, -0.44408124685287476, 0.9999328851699829
20, 8, 0.424376904964447, 0.4269014894962311, -0.4408552646636963, 0.9999725818634033
20, 9, 0.45031434297561646, 0.4669911563396454, -0.470811665058136, 0.9999362230300903
20, 10, 0.43639668822288513, 0.4666922688484192, -0.46989697217941284, 0.9999372959136963
20, 11, 0.492614209651947, 0.43894630670547485, -0.30902284383773804, 0.9894204139709473
20, 12, 0.40777459740638733, 0.40167516469955444, -0.3117216229438782, 0.9871426820755005
20, 13, 0.5050832033157349, 0.5411507487297058, -0.24800944328308105, 0.9853881001472473
20, 14, 0.3783157169818878, 0.4915752112865448, -0.24740581214427948, 0.9817449450492859
20, 15, 0.5091265439987183, 0.6668869256973267, -0.31133565306663513, 0.9924173355102539
20, 16, 0.3741376996040344, 0.6011756062507629, -0.2957872152328491, 0.9884663820266724
20, 17, 0.5182620882987976, 0.7008749842643738, -0.35440126061439514, 0.9830241203308105
20, 18, 0.37464088201522827, 0.6608378291130066, -0.3394407033920288, 0.9771407842636108
20, 19, 0.5063223242759705, 0.6989285945892334, -0.3704586625099182, 0.9827085137367249
20, 20, 0.3775172233581543, 0.6308393478393555, -0.35778966546058655, 0.9765275716781616
20, 21, 0.4997073709964752, 0.6849240064620972, -0.32113367319107056, 0.9729000926017761
20, 22, 0.3837185800075531, 0.623138427734375, -0.3057618737220764, 0.9705125689506531
20, 23, 0.49137043952941895, 0.3594215512275696, 0.004095001146197319, 0.9840026497840881
20, 24, 0.4379991590976715, 0.34205859899520874, -0.0039020285475999117, 0.9879481196403503
20, 25, 0.4850158095359802, 0.5138959288597107, 0.09298818558454514, 0.2686578333377838
20, 26, 0.4129834771156311, 0.4952671527862549, 0.07789646089076996, 0.47696638107299805
20, 27, 0.464185893535614, 0.5761858224868774, 0.3299342691898346, 0.25266051292419434
20, 28, 0.4189569056034088, 0.5533864498138428, 0.31972241401672363, 0.2419390082359314
20, 29, 0.4601992666721344, 0.5782750844955444, 0.352851927280426, 0.14786817133426666
20, 30, 0.4218989908695221, 0.5576457381248474, 0.3440913259983063, 0.16783486306667328
20, 31, 0.46157652139663696, 0.6250933408737183, 0.2976897358894348, 0.5205941796302795
20, 32, 0.41747862100601196, 0.5986502766609192, 0.29114410281181335, 0.42848825454711914
21, 0, 0.4415634274482727, 0.45735061168670654, -0.49871236085891724, 0.9999924898147583
21, 1, 0.4472739100456238, 0.44745513796806335, -0.5018935203552246, 0.9999927282333374
21, 2, 0.45119398832321167, 0.4472852349281311, -0.5018579363822937, 0.999992847442627
21, 3, 0.4548764228820801, 0.4472101330757141, -0.5018771886825562, 0.9999897480010986
21, 4, 0.4356239438056946, 0.443938285112381, -0.5040630102157593, 0.9999957084655762
21, 5, 0.432178795337677, 0.44166019558906555, -0.5040959715843201, 0.9999955892562866
21, 6, 0.42885303497314453, 0.439256876707077, -0.5040453672409058, 0.9999939203262329
21, 7, 0.46199971437454224, 0.43275073170661926, -0.4361986219882965, 0.9999620914459229
21, 8, 0.42291074991226196, 0.4171113669872284, -0.44489961862564087, 0.9999871253967285
21, 9, 0.44983768463134766, 0.452284038066864, -0.4643782675266266, 0.9999233484268188
21, 10, 0.436481773853302, 0.4509385824203491, -0.46695828437805176, 0.999927282333374
21, 11, 0.492826372385025, 0.4386274218559265, -0.2909584939479828, 0.984660804271698
21, 12, 0.40548568964004517, 0.39354759454727173, -0.3102591037750244, 0.9873176217079163
21, 13, 0.5045897364616394, 0.5419716835021973, -0.22920259833335876, 0.9769235253334045
21, 14, 0.3698299527168274, 0.4672735929489136, -0.23334340751171112, 0.9682572484016418
21, 15, 0.5091193318367004, 0.6879769563674927, -0.3021426498889923, 0.9957802295684814
21, 16, 0.36389532685279846, 0.5742707252502441, -0.2625446021556854, 0.9938410520553589
21, 17, 0.5161150097846985, 0.7038677334785461, -0.3445054888725281, 0.9931443929672241
21, 18, 0.3534982204437256, 0.5980803370475769, -0.3041369616985321, 0.9908149838447571
21, 19, 0.5060119032859802, 0.7043102383613586, -0.3614616096019745, 0.9925311207771301
21, 20, 0.3658824563026428, 0.6058468222618103, -0.3228055238723755, 0.9899867177009583
21, 21, 0.4995308816432953, 0.6892725825309753, -0.3124138116836548, 0.9881354570388794
21, 22, 0.3717104494571686, 0.5992581844329834, -0.27211251854896545, 0.9872556924819946
21, 23, 0.4916364550590515, 0.3690820038318634, 0.0076008448377251625, 0.9934269189834595
21, 24, 0.4379954934120178, 0.36710405349731445, -0.007448220159858465, 0.9945669174194336
21, 25, 0.47356805205345154, 0.5424572229385376, 0.042226098477840424, 0.39564287662506104
21, 26, 0.40500926971435547, 0.5198401212692261, 0.024269146844744682, 0.7048482298851013
21, 27, 0.45485416054725647, 0.6196627020835876, 0.22784486413002014, 0.6152724623680115
21, 28, 0.4069794714450836, 0.5979974269866943, 0.2071315497159958, 0.6949262619018555
21, 29, 0.45143184065818787, 0.6252320408821106, 0.24574658274650574, 0.4982200562953949
21, 30, 0.41079944372177124, 0.6065397262573242, 0.2256496250629425, 0.5619584321975708
21, 31, 0.4509502351284027, 0.6697820425033569, 0.1824733316898346, 0.8260090351104736
21, 32, 0.40288543701171875, 0.6505298018455505, 0.16513028740882874, 0.8189361095428467
22, 0, 0.4414490759372711, 0.45563867688179016, -0.5474098920822144, 0.9999861717224121
22, 1, 0.4471215307712555, 0.4461643099784851, -0.5510895252227783, 0.9999856948852539
22, 2, 0.45124727487564087, 0.44546228647232056, -0.5510497689247131, 0.9999847412109375
22, 3, 0.4550170302391052, 0.44508349895477295, -0.5510850548744202, 0.9999781847000122
22, 4, 0.4356181025505066, 0.44262221455574036, -0.5524990558624268, 0.9999908208847046
22, 5, 0.4321165978908539, 0.44040462374687195, -0.5525332093238831, 0.9999902248382568
22, 6, 0.42888039350509644, 0.4382411539554596, -0.5524863600730896, 0.9999877214431763
22, 7, 0.4619278311729431, 0.4325318932533264, -0.4826909601688385, 0.999915361404419
22, 8, 0.42312026023864746, 0.41653671860694885, -0.487323135137558, 0.9999709129333496
22, 9, 0.44959011673927307, 0.4512685537338257, -0.5115373134613037, 0.9998723268508911
22, 10, 0.4364764094352722, 0.4492631256580353, -0.5128713250160217, 0.9998718500137329
22, 11, 0.4938356876373291, 0.4412774443626404, -0.3344513773918152, 0.9767018556594849
22, 12, 0.40315622091293335, 0.3985775113105774, -0.34914034605026245, 0.9832005500793457
22, 13, 0.5128963589668274, 0.5645073652267456, -0.286929726600647, 0.981502115726471
22, 14, 0.36813539266586304, 0.4988252520561218, -0.30095934867858887, 0.9862632751464844
22, 15, 0.5102306008338928, 0.6975642442703247, -0.37144094705581665, 0.99628746509552
22, 16, 0.37632516026496887, 0.6674809455871582, -0.3542478680610657, 0.9974144697189331
22, 17, 0.5138071179389954, 0.7146884202957153, -0.4197101593017578, 0.99346923828125
22, 18, 0.3695291578769684, 0.6948428153991699, -0.40361642837524414, 0.9956307411193848
22, 19, 0.5039277076721191, 0.7152190208435059, -0.43511518836021423, 0.9927606582641602
22, 20, 0.3797149062156677, 0.7028528451919556, -0.42341145873069763, 0.9949468970298767
22, 21, 0.49770060181617737, 0.7002530097961426, -0.38212141394615173, 0.9883939027786255
22, 22, 0.38369324803352356, 0.6925544738769531, -0.3657211661338806, 0.9935888051986694
22, 23, 0.4863194525241852, 0.3956066071987152, 0.006829478777945042, 0.9938451647758484
22, 24, 0.43549710512161255, 0.3718816637992859, -0.006723993457853794, 0.9953481554985046
22, 25, 0.4696659445762634, 0.5557917952537537, 0.037827830761671066, 0.32946088910102844
22, 26, 0.3993206024169922, 0.530200719833374, 0.019453035667538643, 0.7387139201164246
22, 27, 0.4525296688079834, 0.6283557415008545, 0.23456020653247833, 0.5215281248092651
22, 28, 0.40229326486587524, 0.6026976108551025, 0.210283562541008, 0.6458353996276855
22, 29, 0.44919005036354065, 0.6333217620849609, 0.2537628710269928, 0.42872774600982666
22, 30, 0.4068235456943512, 0.6106685400009155, 0.22975806891918182, 0.5140867233276367
22, 31, 0.44835132360458374, 0.6771242618560791, 0.1894311010837555, 0.7761258482933044
22, 32, 0.39607158303260803, 0.6535356044769287, 0.16870181262493134, 0.7807372808456421
23, 0, 0.4390660226345062, 0.4573850929737091, -0.46498316526412964, 0.9999432563781738
23, 1, 0.4449443221092224, 0.448623389005661, -0.469717413187027, 0.9999594688415527
23, 2, 0.4486379623413086, 0.44873398542404175, -0.4696999490261078, 0.9999603033065796
23, 3, 0.4521084725856781, 0.44923537969589233, -0.46969884634017944, 0.9999518394470215
23, 4, 0.43324413895606995, 0.4447838366031647, -0.47053876519203186, 0.9999775886535645
23, 5, 0.4298599362373352, 0.4425961673259735, -0.47055381536483765, 0.9999769926071167
23, 6, 0.4265719950199127, 0.4401794970035553, -0.47053322196006775, 0.9999657869338989
23, 7, 0.4583672881126404, 0.4379666745662689, -0.4191887378692627, 0.9997871518135071
23, 8, 0.42196187376976013, 0.41790011525154114, -0.42279306054115295, 0.9999064207077026
23, 9, 0.4466859698295593, 0.45617473125457764, -0.43734484910964966, 0.9997190833091736
23, 10, 0.4320499300956726, 0.4526633322238922, -0.4381653666496277, 0.9997301697731018
23, 11, 0.4871174395084381, 0.44210129976272583, -0.2876718044281006, 0.9663804173469543
23, 12, 0.40647220611572266, 0.39327171444892883, -0.29287904500961304, 0.9746701717376709
23, 13, 0.5057070255279541, 0.5587059259414673, -0.2376203089952469, 0.921847939491272
23, 14, 0.3696255683898926, 0.4581696391105652, -0.22554898262023926, 0.9105323553085327
23, 15, 0.5068718791007996, 0.6943017244338989, -0.286367803812027, 0.9868011474609375
23, 16, 0.3635217845439911, 0.5565089583396912, -0.253292977809906, 0.9820336699485779
23, 17, 0.5066431164741516, 0.7121700048446655, -0.32169121503829956, 0.984149158000946
23, 18, 0.35419803857803345, 0.5772398710250854, -0.2867768108844757, 0.9783745408058167
23, 19, 0.49806252121925354, 0.7133055925369263, -0.33223956823349, 0.983253002166748
23, 20, 0.3650241494178772, 0.5839128494262695, -0.3036218583583832, 0.976815938949585
23, 21, 0.49198442697525024, 0.6995168924331665, -0.29302793741226196, 0.9770810008049011
23, 22, 0.3703259229660034, 0.5789487957954407, -0.261512815952301, 0.9735093116760254
23, 23, 0.4801248610019684, 0.4112635850906372, 0.0015418041730299592, 0.995806097984314
23, 24, 0.43110519647598267, 0.3837924003601074, -0.0013329052599146962, 0.9947867393493652
23, 25, 0.4934157431125641, 0.5820132493972778, -0.008676459081470966, 0.6246232390403748
23, 26, 0.4001142978668213, 0.5351126194000244, -0.009895320050418377, 0.7066612839698792
23, 27, 0.49232831597328186, 0.6880028247833252, 0.11716059595346451, 0.8232792615890503
23, 28, 0.39949730038642883, 0.6180238723754883, 0.1261724829673767, 0.7410922050476074
23, 29, 0.4910629391670227, 0.7002208232879639, 0.12941771745681763, 0.6321109533309937
23, 30, 0.40492764115333557, 0.6300880908966064, 0.13990254700183868, 0.6148171424865723
23, 31, 0.4902496337890625, 0.7379835247993469, 0.05770622938871384, 0.9155954718589783
23, 32, 0.3882126808166504, 0.6660785675048828, 0.07793702185153961, 0.852708637714386
24, 0, 0.43879470229148865, 0.45304954051971436, -0.3143012523651123, 0.9998332262039185
24, 1, 0.44371286034584045, 0.44387906789779663, -0.32070663571357727, 0.9998373985290527
24, 2, 0.4469115138053894, 0.4440678358078003, -0.32069867849349976, 0.9998681545257568
24, 3, 0.450777530670166, 0.4422040283679962, -0.3206939399242401, 0.9998581409454346
24, 4, 0.4333815574645996, 0.44056814908981323, -0.3232600688934326, 0.9998971223831177
24, 5, 0.43038076162338257, 0.43895071744918823, -0.32327625155448914, 0.9999104738235474
24, 6, 0.42812100052833557, 0.4355674684047699, -0.32325267791748047, 0.999869704246521
24, 7, 0.45792776346206665, 0.4304092526435852, -0.2927281856536865, 0.9995457530021667
24, 8, 0.43098944425582886, 0.41381192207336426, -0.30396097898483276, 0.9996907711029053
24, 9, 0.44615238904953003, 0.4468430280685425, -0.2965720295906067, 0.9994303584098816
24, 10, 0.4338197112083435, 0.44970449805259705, -0.2998758852481842, 0.9993680119514465
24, 11, 0.4871293902397156, 0.42621952295303345, -0.20384864509105682, 0.9776368141174316
24, 12, 0.4121432900428772, 0.37728819251060486, -0.19988052546977997, 0.9849979281425476
24, 13, 0.5015429854393005, 0.5070013403892517, -0.13775841891765594, 0.8998953700065613
24, 14, 0.375866562128067, 0.4244687259197235, -0.11566467583179474, 0.7882577180862427
24, 15, 0.5117683410644531, 0.6187454462051392, -0.14743997156620026, 0.9604864120483398
24, 16, 0.3689253032207489, 0.5009617805480957, -0.10579798370599747, 0.9416574239730835
24, 17, 0.521136999130249, 0.6490765810012817, -0.16906872391700745, 0.9557662010192871
24, 18, 0.3632205128669739, 0.5125344395637512, -0.12458692491054535, 0.9340810179710388
24, 19, 0.5120356678962708, 0.6497724652290344, -0.1760662943124771, 0.9537022113800049
24, 20, 0.37079253792762756, 0.5305882692337036, -0.1386478990316391, 0.9313623905181885
24, 21, 0.5057700276374817, 0.6378419399261475, -0.15056277811527252, 0.941165566444397
24, 22, 0.37590083479881287, 0.5271896123886108, -0.11135236918926239, 0.9285492897033691
24, 23, 0.4882357120513916, 0.36295416951179504, -0.002509408863261342, 0.9959259033203125
24, 24, 0.4427329897880554, 0.35193902254104614, 0.0026445649564266205, 0.9959601759910583
24, 25, 0.49482885003089905, 0.5363044738769531, -0.013324907049536705, 0.4094352722167969
24, 26, 0.4235040247440338, 0.4913595914840698, -0.001795477932319045, 0.42392638325691223
24, 27, 0.5047846436500549, 0.6750333905220032, 0.0856437087059021, 0.7181814312934875
24, 28, 0.4246489405632019, 0.5954433083534241, 0.09651558101177216, 0.6203060746192932
24, 29, 0.5011950731277466, 0.6592749357223511, 0.09557608515024185, 0.6074946522712708
24, 30, 0.42930954694747925, 0.6101218461990356, 0.10669168084859848, 0.5012641549110413
24, 31, 0.4981374144554138, 0.6959284543991089, 0.034949447959661484, 0.846518337726593
24, 32, 0.4163900911808014, 0.6453726887702942, 0.05288367345929146, 0.7430206537246704
25, 0, 0.43811002373695374, 0.44679760932922363, -0.2717474102973938, 0.9999067783355713
25, 1, 0.4430997967720032, 0.4406006634235382, -0.27896854281425476, 0.9999046325683594
25, 2, 0.4464902877807617, 0.44061708450317383, -0.2789538502693176, 0.999922513961792
25, 3, 0.450169175863266, 0.44152262806892395, -0.27894535660743713, 0.9999161958694458
25, 4, 0.43251723051071167, 0.4369904100894928, -0.2823830544948578, 0.9999347925186157
25, 5, 0.4296742379665375, 0.43523216247558594, -0.2823978364467621, 0.9999463558197021
25, 6, 0.42651551961898804, 0.4326231777667999, -0.2823675870895386, 0.999923825263977
25, 7, 0.45755535364151, 0.42983895540237427, -0.2578783929347992, 0.9997811913490295
25, 8, 0.4306431710720062, 0.4127068817615509, -0.2732914686203003, 0.9998501539230347
25, 9, 0.44504040479660034, 0.44395413994789124, -0.25705137848854065, 0.9997394680976868
25, 10, 0.43384280800819397, 0.4394477307796478, -0.26167726516723633, 0.9997236132621765
25, 11, 0.4845697283744812, 0.41844862699508667, -0.17842930555343628, 0.9912824630737305
25, 12, 0.4108394980430603, 0.3779366910457611, -0.17708955705165863, 0.9962253570556641
25, 13, 0.5010053515434265, 0.4868658781051636, -0.10420367866754532, 0.8799839615821838
25, 14, 0.37609240412712097, 0.421854704618454, -0.0835699662566185, 0.8525246381759644
25, 15, 0.5150223970413208, 0.5857505202293396, -0.0981568992137909, 0.9390158653259277
25, 16, 0.3680869936943054, 0.49818167090415955, -0.04937807843089104, 0.9529576301574707
25, 17, 0.5260829925537109, 0.6112536787986755, -0.114943727850914, 0.930628776550293
25, 18, 0.3631582260131836, 0.509779691696167, -0.06109349802136421, 0.9429234266281128
25, 19, 0.5165136456489563, 0.613265872001648, -0.12061972916126251, 0.9289185404777527
25, 20, 0.37114953994750977, 0.5266425013542175, -0.07405323535203934, 0.9403021931648254
25, 21, 0.5097768902778625, 0.6039044857025146, -0.10016485303640366, 0.9119388461112976
25, 22, 0.3757490813732147, 0.5237846374511719, -0.05343329906463623, 0.9394473433494568
25, 23, 0.4855745732784271, 0.36379602551460266, -0.0021178920287638903, 0.9981106519699097
25, 24, 0.4406537413597107, 0.3510649800300598, 0.0021881768479943275, 0.998206615447998
25, 25, 0.49000462889671326, 0.5343424677848816, -0.00993496272712946, 0.46329212188720703
25, 26, 0.4200689196586609, 0.4874717593193054, 0.0024761285167187452, 0.5047587156295776
25, 27, 0.49937838315963745, 0.666321873664856, 0.08178093284368515, 0.711184561252594
25, 28, 0.4177938401699066, 0.5957036018371582, 0.09203070402145386, 0.6622253060340881
25, 29, 0.4913707673549652, 0.6570701003074646, 0.09112727642059326, 0.6362295746803284
25, 30, 0.4221288561820984, 0.6107015609741211, 0.10143725574016571, 0.5490016341209412
25, 31, 0.48902684450149536, 0.6926530003547668, 0.0349922776222229, 0.8437649011611938
25, 32, 0.4090791642665863, 0.6460922956466675, 0.05135050415992737, 0.7608457803726196
26, 0, 0.43918243050575256, 0.46687188744544983, -0.4260239005088806, 0.9999833106994629
26, 1, 0.44416624307632446, 0.4547436237335205, -0.4277094006538391, 0.9999861717224121
26, 2, 0.4481755793094635, 0.4524393677711487, -0.42769908905029297, 0.9999850988388062
26, 3, 0.4517934322357178, 0.45189428329467773, -0.42776304483413696, 0.999984860420227
26, 4, 0.4330815374851227, 0.453658789396286, -0.4271131455898285, 0.9999909400939941
26, 5, 0.42950278520584106, 0.4504149854183197, -0.4271620810031891, 0.99998939037323
26, 6, 0.42690902948379517, 0.4489378333091736, -0.4271332621574402, 0.9999876022338867
26, 7, 0.4586406648159027, 0.4387436807155609, -0.36967340111732483, 0.9999408721923828
26, 8, 0.423285573720932, 0.42829978466033936, -0.36755314469337463, 0.999977707862854
26, 9, 0.44452133774757385, 0.46163710951805115, -0.3980463743209839, 0.9999492168426514
26, 10, 0.4363575875759125, 0.4564531445503235, -0.39743223786354065, 0.9999531507492065
26, 11, 0.4908013343811035, 0.4326860308647156, -0.26940786838531494, 0.9933207035064697
26, 12, 0.4137987494468689, 0.3795508146286011, -0.2634018063545227, 0.9930395483970642
26, 13, 0.5036508440971375, 0.5239570140838623, -0.2383069545030594, 0.9763668179512024
26, 14, 0.37918609380722046, 0.42147281765937805, -0.2359374761581421, 0.9504008889198303
26, 15, 0.50694340467453, 0.6482713222503662, -0.29842618107795715, 0.986681342124939
26, 16, 0.37382662296295166, 0.5073453783988953, -0.3146774172782898, 0.9661819338798523
26, 17, 0.5143028497695923, 0.6838046312332153, -0.3386242389678955, 0.9765982627868652
26, 18, 0.36747127771377563, 0.5219836235046387, -0.35817646980285645, 0.9530743956565857
26, 19, 0.5025418996810913, 0.6790106892585754, -0.3509536683559418, 0.9764580726623535
26, 20, 0.3811318278312683, 0.5382266640663147, -0.3738239109516144, 0.9521176815032959
26, 21, 0.4971520006656647, 0.6639510989189148, -0.30663377046585083, 0.963595986366272
26, 22, 0.38713154196739197, 0.5333168506622314, -0.3246538043022156, 0.938890814781189
26, 23, 0.48816174268722534, 0.34079471230506897, 0.001628370606340468, 0.9892069101333618
26, 24, 0.44497060775756836, 0.32926177978515625, -0.0014333821600303054, 0.9923672080039978
26, 25, 0.48481136560440063, 0.4822113811969757, 0.0775446966290474, 0.21131545305252075
26, 26, 0.4190289378166199, 0.4574485719203949, 0.06815974414348602, 0.2679252326488495
26, 27, 0.46660107374191284, 0.5449879169464111, 0.28481659293174744, 0.17151732742786407
26, 28, 0.4251416325569153, 0.5138786435127258, 0.2828900218009949, 0.1567210704088211
26, 29, 0.46399250626564026, 0.5470608472824097, 0.3044750690460205, 0.11764571070671082
26, 30, 0.42808228731155396, 0.5187016129493713, 0.3043956160545349, 0.12280430644750595
26, 31, 0.4611124098300934, 0.5944446325302124, 0.25266993045806885, 0.3747064173221588
26, 32, 0.4223681390285492, 0.5530270338058472, 0.2562706470489502, 0.29842808842658997
27, 0, 0.43977469205856323, 0.46516740322113037, -0.39794862270355225, 0.9999649524688721
27, 1, 0.4461503028869629, 0.4528498649597168, -0.40113264322280884, 0.999969482421875
27, 2, 0.4498763680458069, 0.45138663053512573, -0.4011234641075134, 0.999964714050293
27, 3, 0.4533466398715973, 0.45045313239097595, -0.40118032693862915, 0.9999721050262451
27, 4, 0.4341556131839752, 0.4521104097366333, -0.401289701461792, 0.9999791383743286
27, 5, 0.43071770668029785, 0.4502309262752533, -0.40132683515548706, 0.9999738931655884
27, 6, 0.4279009699821472, 0.4485485851764679, -0.401298463344574, 0.9999761581420898
27, 7, 0.45971864461898804, 0.4359683692455292, -0.3527159094810486, 0.9998486042022705
27, 8, 0.423692524433136, 0.42718827724456787, -0.35408368706703186, 0.9999498128890991
27, 9, 0.4473375380039215, 0.4610082507133484, -0.37369444966316223, 0.9999197721481323
27, 10, 0.43659672141075134, 0.4556078314781189, -0.3740924298763275, 0.9999295473098755
27, 11, 0.4915291666984558, 0.42468705773353577, -0.26670172810554504, 0.9928672313690186
27, 12, 0.4121590554714203, 0.3760717213153839, -0.2631380259990692, 0.9955899715423584
27, 13, 0.5080748200416565, 0.5115091800689697, -0.2423902004957199, 0.9842223525047302
27, 14, 0.379269003868103, 0.42105230689048767, -0.2247782051563263, 0.9576765894889832
27, 15, 0.5150579214096069, 0.6314644813537598, -0.3014450967311859, 0.9889003038406372
27, 16, 0.37260499596595764, 0.5069858431816101, -0.2777308225631714, 0.9669692516326904
27, 17, 0.5229981541633606, 0.6664426326751709, -0.341100811958313, 0.9799787402153015
27, 18, 0.3672122359275818, 0.5215288996696472, -0.3193471431732178, 0.95020991563797
27, 19, 0.5106925964355469, 0.6627452373504639, -0.35201433300971985, 0.9799450635910034
27, 20, 0.38094374537467957, 0.5356222987174988, -0.3339053988456726, 0.9502996802330017
27, 21, 0.5054625868797302, 0.648316502571106, -0.3091985583305359, 0.9677731990814209
27, 22, 0.3871704936027527, 0.5299297571182251, -0.28691503405570984, 0.9325116276741028
27, 23, 0.4865178167819977, 0.33971932530403137, 0.0018641201313585043, 0.9869064092636108
27, 24, 0.44336652755737305, 0.329807847738266, -0.0017052650218829513, 0.9907425045967102
27, 25, 0.4830729365348816, 0.47425875067710876, 0.09188839793205261, 0.12370975315570831
27, 26, 0.4213770925998688, 0.43702757358551025, 0.07899978756904602, 0.20021545886993408
27, 27, 0.46510177850723267, 0.5325621366500854, 0.3070887327194214, 0.10705505311489105
27, 28, 0.427956759929657, 0.48392748832702637, 0.2997107207775116, 0.09981271624565125
27, 29, 0.4619337022304535, 0.533892810344696, 0.32811182737350464, 0.07742441445589066
27, 30, 0.4303005635738373, 0.48821723461151123, 0.32239827513694763, 0.07743155211210251
27, 31, 0.4605437219142914, 0.5800348520278931, 0.2847949266433716, 0.2616252899169922
27, 32, 0.42685550451278687, 0.5174909830093384, 0.28280311822891235, 0.20670989155769348
28, 0, 0.4392300546169281, 0.4619576632976532, -0.4143168330192566, 0.9999765157699585
28, 1, 0.44488516449928284, 0.44962382316589355, -0.4173155426979065, 0.9999752044677734
28, 2, 0.44855982065200806, 0.4487679898738861, -0.41726890206336975, 0.9999768733978271
28, 3, 0.4521361291408539, 0.4482514560222626, -0.4172735810279846, 0.9999725818634033
28, 4, 0.43365567922592163, 0.44795700907707214, -0.41954296827316284, 0.999987006187439
28, 5, 0.4295843243598938, 0.4454882740974426, -0.41956883668899536, 0.9999866485595703
28, 6, 0.42666929960250854, 0.4437800645828247, -0.41952282190322876, 0.999982476234436
28, 7, 0.4585612416267395, 0.4335673153400421, -0.3651845157146454, 0.9999001026153564
28, 8, 0.42159152030944824, 0.42224395275115967, -0.37535566091537476, 0.9999630451202393
28, 9, 0.44657936692237854, 0.4579234719276428, -0.3878021836280823, 0.999907374382019
28, 10, 0.435599148273468, 0.45184624195098877, -0.3907705843448639, 0.9999163150787354
28, 11, 0.48661094903945923, 0.4252229928970337, -0.25233614444732666, 0.9896715879440308
28, 12, 0.40925878286361694, 0.37953123450279236, -0.26206403970718384, 0.9922826886177063
28, 13, 0.5015352964401245, 0.5136609077453613, -0.19820265471935272, 0.9765348434448242
28, 14, 0.3758976459503174, 0.43096405267715454, -0.18953901529312134, 0.9437299370765686
28, 15, 0.5141656398773193, 0.6286160945892334, -0.25061750411987305, 0.9917377829551697
28, 16, 0.3706163465976715, 0.5114555954933167, -0.2114221751689911, 0.9848328232765198
28, 17, 0.5242743492126465, 0.6611959934234619, -0.2843930721282959, 0.9870611429214478
28, 18, 0.36414822936058044, 0.5173746347427368, -0.24517007172107697, 0.9794214963912964
28, 19, 0.514461874961853, 0.661014199256897, -0.2973444163799286, 0.9864962697029114
28, 20, 0.376104474067688, 0.5419607162475586, -0.26055437326431274, 0.9797263145446777
28, 21, 0.5077752470970154, 0.6477998495101929, -0.25795483589172363, 0.9799824953079224
28, 22, 0.3814803957939148, 0.5372481346130371, -0.21920199692249298, 0.9735186696052551
28, 23, 0.4852558970451355, 0.36609911918640137, 0.00714156636968255, 0.984828531742096
28, 24, 0.4376795291900635, 0.3529737591743469, -0.006994051393121481, 0.9871812462806702
28, 25, 0.4757772386074066, 0.5152933597564697, 0.0395657941699028, 0.26507681608200073
28, 26, 0.4102970063686371, 0.4958193898200989, 0.031971901655197144, 0.5434207320213318
28, 27, 0.4525455832481384, 0.5899533033370972, 0.20303437113761902, 0.4138410687446594
28, 28, 0.4155837595462799, 0.5708619952201843, 0.19489678740501404, 0.4805086851119995
28, 29, 0.44772282242774963, 0.5935578346252441, 0.21884587407112122, 0.2843656837940216
28, 30, 0.4186590313911438, 0.5782251358032227, 0.2110925018787384, 0.3437522351741791
28, 31, 0.44916439056396484, 0.6425276398658752, 0.16420601308345795, 0.6865442395210266
28, 32, 0.41470032930374146, 0.6202285885810852, 0.15908366441726685, 0.6631552577018738
29, 0, 0.4337693154811859, 0.46299314498901367, -0.3101885914802551, 0.9997931122779846
29, 1, 0.44052639603614807, 0.45221713185310364, -0.31634271144866943, 0.9997963309288025
29, 2, 0.44360026717185974, 0.4451373517513275, -0.3163466453552246, 0.9998500347137451
29, 3, 0.44695860147476196, 0.44478246569633484, -0.31637445092201233, 0.999800980091095
29, 4, 0.4282826781272888, 0.44483232498168945, -0.3183881640434265, 0.9998586177825928
29, 5, 0.42533278465270996, 0.44337061047554016, -0.3184398114681244, 0.9998947381973267
29, 6, 0.42206963896751404, 0.4412323832511902, -0.3184188902378082, 0.9998390674591064
29, 7, 0.45509713888168335, 0.42916139960289, -0.28973862528800964, 0.9994801878929138
29, 8, 0.41758012771606445, 0.42171669006347656, -0.29855501651763916, 0.9997623562812805
29, 9, 0.4425130784511566, 0.4540514647960663, -0.2943403124809265, 0.9995079040527344
29, 10, 0.4307474195957184, 0.4534685015678406, -0.2969873547554016, 0.9994889497756958
29, 11, 0.4867665767669678, 0.41481491923332214, -0.20474345982074738, 0.9894188046455383
29, 12, 0.4075046181678772, 0.3766991198062897, -0.2091362029314041, 0.9907033443450928
29, 13, 0.5057334303855896, 0.48293644189834595, -0.13925784826278687, 0.9260957837104797
29, 14, 0.37449172139167786, 0.41760095953941345, -0.12728148698806763, 0.8782683610916138
29, 15, 0.516899824142456, 0.5792783498764038, -0.14344240725040436, 0.9703938961029053
29, 16, 0.3683216869831085, 0.49929386377334595, -0.10358313471078873, 0.9693889021873474
29, 17, 0.5254411697387695, 0.6048567891120911, -0.16594719886779785, 0.9627577066421509
29, 18, 0.3617824614048004, 0.5168721079826355, -0.1221124678850174, 0.9637807607650757
29, 19, 0.515801191329956, 0.6046125888824463, -0.17375218868255615, 0.9611812233924866
29, 20, 0.3755679726600647, 0.5288936495780945, -0.1374003291130066, 0.9633081555366516
29, 21, 0.5105931162834167, 0.5952118635177612, -0.1472959965467453, 0.946946918964386
29, 22, 0.3838099241256714, 0.529445469379425, -0.10963187366724014, 0.9556452631950378
29, 23, 0.4836961627006531, 0.33309367299079895, -0.0017306210938841105, 0.9960827827453613
29, 24, 0.4390220642089844, 0.3313407003879547, 0.0018705312395468354, 0.995154619216919
29, 25, 0.4862675666809082, 0.48859739303588867, 0.004558269865810871, 0.4135527014732361
29, 26, 0.4290103018283844, 0.4645380973815918, 0.02862163819372654, 0.301693856716156
29, 27, 0.47810429334640503, 0.5784635543823242, 0.13373154401779175, 0.4866030216217041
29, 28, 0.4406422972679138, 0.5638881921768188, 0.15269584953784943, 0.38719624280929565
29, 29, 0.4769023060798645, 0.5865185260772705, 0.14673414826393127, 0.38215771317481995
29, 30, 0.4460880756378174, 0.5765107870101929, 0.1652608960866928, 0.27668336033821106
29, 31, 0.4723656177520752, 0.6296805143356323, 0.09556864202022552, 0.730666995048523
29, 32, 0.4372967779636383, 0.6134088039398193, 0.11750718206167221, 0.5782181024551392
30, 0, 0.4352392554283142, 0.46212878823280334, -0.27110713720321655, 0.9939935803413391
30, 1, 0.4460279047489166, 0.44928333163261414, -0.27653104066848755, 0.9949951171875
30, 2, 0.4498998522758484, 0.4493255317211151, -0.276538223028183, 0.9948953986167908
30, 3, 0.45261281728744507, 0.44912710785865784, -0.27659085392951965, 0.9956537485122681
30, 4, 0.43441614508628845, 0.44826751947402954, -0.2769983112812042, 0.9958555102348328
30, 5, 0.43032389879226685, 0.4454767107963562, -0.27705657482147217, 0.9955992698669434
30, 6, 0.42785948514938354, 0.4446656107902527, -0.2770901024341583, 0.9958809614181519
30, 7, 0.45776262879371643, 0.4360246956348419, -0.25423339009284973, 0.9797208309173584
30, 8, 0.4238859713077545, 0.4283725619316101, -0.25628364086151123, 0.9900835752487183
30, 9, 0.44770708680152893, 0.4554528594017029, -0.2579658627510071, 0.9912468791007996
30, 10, 0.4329354166984558, 0.4537545442581177, -0.25852805376052856, 0.9906347393989563
30, 11, 0.4823574125766754, 0.4257025420665741, -0.18585440516471863, 0.92153400182724
30, 12, 0.4148986339569092, 0.38761311769485474, -0.18886327743530273, 0.9552276730537415
30, 13, 0.4999207556247711, 0.4846847653388977, -0.1562558263540268, 0.780692994594574
30, 14, 0.3816075325012207, 0.42297983169555664, -0.15777909755706787, 0.9121994376182556
30, 15, 0.5032867193222046, 0.5672823786735535, -0.18940991163253784, 0.9399829506874084
30, 16, 0.36689305305480957, 0.49459415674209595, -0.18744775652885437, 0.9737209677696228
30, 17, 0.5087463855743408, 0.5893712639808655, -0.2156607210636139, 0.9236809611320496
30, 18, 0.36027348041534424, 0.5100846290588379, -0.21504339575767517, 0.9644083380699158
30, 19, 0.49803298711776733, 0.587083101272583, -0.22369316220283508, 0.9271786212921143
30, 20, 0.37057924270629883, 0.5147167444229126, -0.22640255093574524, 0.9660012722015381
30, 21, 0.4944123327732086, 0.578329861164093, -0.19452102482318878, 0.8928511738777161
30, 22, 0.37449997663497925, 0.5225414633750916, -0.19381679594516754, 0.9527185559272766
30, 23, 0.4813663959503174, 0.3605613708496094, -0.003261701436713338, 0.9852327704429626
30, 24, 0.4456337094306946, 0.3415752947330475, 0.0033147085923701525, 0.9872953295707703
30, 25, 0.4880133271217346, 0.4866560101509094, 0.04250597208738327, 0.20900508761405945
30, 26, 0.4336091876029968, 0.45396968722343445, 0.06390106678009033, 0.16362199187278748
30, 27, 0.49610471725463867, 0.5432066917419434, 0.18296462297439575, 0.3080679774284363
30, 28, 0.44449490308761597, 0.48546355962753296, 0.21560978889465332, 0.1273738294839859
30, 29, 0.4981846213340759, 0.5483368635177612, 0.19677387177944183, 0.21549563109874725
30, 30, 0.4467243552207947, 0.48861733078956604, 0.2310672104358673, 0.09991645067930222
30, 31, 0.4932486414909363, 0.5807766914367676, 0.15623320639133453, 0.4638676047325134
30, 32, 0.4438095688819885, 0.50755774974823, 0.1975170075893402, 0.2188795953989029
31, 0, 0.4352661073207855, 0.44266659021377563, -0.2518111765384674, 0.9979123473167419
31, 1, 0.4437257647514343, 0.441885769367218, -0.2567647397518158, 0.9978044629096985
31, 2, 0.44531315565109253, 0.44188064336776733, -0.2567595839500427, 0.9971891045570374
31, 3, 0.4477676451206207, 0.43856489658355713, -0.25677502155303955, 0.9971420168876648
31, 4, 0.43172258138656616, 0.4360295236110687, -0.25715702772140503, 0.9983822107315063
31, 5, 0.4296359121799469, 0.4350995719432831, -0.2572474777698517, 0.9982514977455139
31, 6, 0.42756980657577515, 0.43413200974464417, -0.2573297917842865, 0.9986811280250549
31, 7, 0.451993465423584, 0.43292197585105896, -0.23416659235954285, 0.9898585677146912
31, 8, 0.42512473464012146, 0.4204316735267639, -0.23630082607269287, 0.9971445202827454
31, 9, 0.4431014657020569, 0.44165775179862976, -0.23874421417713165, 0.9952676296234131
31, 10, 0.4334171414375305, 0.43785005807876587, -0.23915830254554749, 0.9964892864227295
31, 11, 0.4711397588253021, 0.4138409495353699, -0.17871293425559998, 0.9795093536376953
31, 12, 0.40649205446243286, 0.40175747871398926, -0.18613749742507935, 0.9977291226387024
31, 13, 0.5021455883979797, 0.45057204365730286, -0.17513813078403473, 0.95467609167099
31, 14, 0.3756914734840393, 0.4228648841381073, -0.17851485311985016, 0.9505016803741455
31, 15, 0.5227679014205933, 0.516011655330658, -0.2129184901714325, 0.9745205044746399
31, 16, 0.3653421700000763, 0.4877721667289734, -0.20834188163280487, 0.9869204759597778
31, 17, 0.5329018235206604, 0.5293328762054443, -0.23560722172260284, 0.9427440166473389
31, 18, 0.3586660325527191, 0.5007809400558472, -0.23383834958076477, 0.9818828105926514
31, 19, 0.5251675844192505, 0.5335022211074829, -0.24103906750679016, 0.9411500692367554
31, 20, 0.3595106899738312, 0.49367985129356384, -0.23511627316474915, 0.9798984527587891
31, 21, 0.51973557472229, 0.5275503396987915, -0.21683378517627716, 0.890373706817627
31, 22, 0.3695906400680542, 0.5000684857368469, -0.2100466936826706, 0.9629284739494324
31, 23, 0.46472612023353577, 0.3673236072063446, -0.007675596978515387, 0.9855906963348389
31, 24, 0.43618637323379517, 0.3580060303211212, 0.00749316718429327, 0.9908077120780945
31, 25, 0.4644894003868103, 0.4467777609825134, 0.08719474077224731, 0.081544429063797
31, 26, 0.4313233494758606, 0.43079790472984314, 0.0849185511469841, 0.11247411370277405
31, 27, 0.4726049304008484, 0.482827365398407, 0.22871056199073792, 0.2077541947364807
31, 28, 0.45702797174453735, 0.46477389335632324, 0.22547569870948792, 0.08935315161943436
31, 29, 0.474304735660553, 0.48416295647621155, 0.24370941519737244, 0.1027701199054718
31, 30, 0.4615975022315979, 0.46582943201065063, 0.24036531150341034, 0.07829407602548599
31, 31, 0.47203129529953003, 0.509891152381897, 0.22892031073570251, 0.24429887533187866
31, 32, 0.46394938230514526, 0.4871913194656372, 0.2237224280834198, 0.14641441404819489
32, 0, 0.43136900663375854, 0.43420061469078064, -0.26448819041252136, 0.9980471134185791
32, 1, 0.43566399812698364, 0.4307132363319397, -0.2642998695373535, 0.9939568042755127
32, 2, 0.43714165687561035, 0.4318152070045471, -0.26435428857803345, 0.992263674736023
32, 3, 0.438641220331192, 0.4328010082244873, -0.2643682062625885, 0.9952344298362732
32, 4, 0.43109989166259766, 0.42650967836380005, -0.26750296354293823, 0.998710036277771
32, 5, 0.42968758940696716, 0.4248315691947937, -0.2675573527812958, 0.9989439845085144
32, 6, 0.4282429814338684, 0.42313051223754883, -0.2676123380661011, 0.9987710118293762
32, 7, 0.44229617714881897, 0.42735162377357483, -0.2247670590877533, 0.9911177158355713
32, 8, 0.42530447244644165, 0.4124508202075958, -0.23905804753303528, 0.9981967806816101
32, 9, 0.4326905310153961, 0.435904324054718, -0.24569550156593323, 0.9976886510848999
32, 10, 0.42805472016334534, 0.4311491549015045, -0.2497832477092743, 0.9988576173782349
32, 11, 0.4512597620487213, 0.42535632848739624, -0.1665191799402237, 0.9956342577934265
32, 12, 0.4065769612789154, 0.4026050269603729, -0.1642226278781891, 0.9999102354049683
32, 13, 0.4574776589870453, 0.44644397497177124, -0.1638752520084381, 0.23050829768180847
32, 14, 0.37674641609191895, 0.42981016635894775, -0.16318891942501068, 0.9828683137893677
32, 15, 0.4633939862251282, 0.48009157180786133, -0.19558414816856384, 0.1961389034986496
32, 16, 0.3595427870750427, 0.47901633381843567, -0.20152178406715393, 0.9786167740821838
32, 17, 0.47436004877090454, 0.4866529107093811, -0.21154074370861053, 0.35512250661849976
32, 18, 0.3551449477672577, 0.4866965711116791, -0.22432518005371094, 0.9757094979286194
32, 19, 0.46818676590919495, 0.4858962893486023, -0.21701645851135254, 0.39111536741256714
32, 20, 0.36264318227767944, 0.4893946051597595, -0.2279704064130783, 0.9786888360977173
32, 21, 0.46244940161705017, 0.48213136196136475, -0.19900986552238464, 0.32982999086380005
32, 22, 0.36621376872062683, 0.48771828413009644, -0.2047119438648224, 0.9491555094718933
32, 23, 0.45354825258255005, 0.3772314190864563, -0.010778477415442467, 0.9999538660049438
32, 24, 0.43390101194381714, 0.3675133287906647, 0.010711504146456718, 0.9999922513961792
32, 25, 0.46400290727615356, 0.4480942487716675, -0.0025870443787425756, 0.23438601195812225
32, 26, 0.42964449524879456, 0.43041741847991943, -0.08892865478992462, 0.49533504247665405
32, 27, 0.4863460063934326, 0.49916577339172363, 0.0886683538556099, 0.14460456371307373
32, 28, 0.46955814957618713, 0.47640690207481384, -0.08454179763793945, 0.6110185980796814
32, 29, 0.48882049322128296, 0.5052924156188965, 0.09845231473445892, 0.10280259698629379
32, 30, 0.4784015715122223, 0.47892290353775024, -0.08441892266273499, 0.5183417201042175
32, 31, 0.4916995167732239, 0.5233855247497559, 0.07368719577789307, 0.3575316071510315
32, 32, 0.47150078415870667, 0.5077438354492188, -0.12808768451213837, 0.8012516498565674
33, 0, 0.42729026079177856, 0.41852909326553345, -0.2666032314300537, 0.9944711923599243
33, 1, 0.43084198236465454, 0.41519585251808167, -0.26561886072158813, 0.9910611510276794
33, 2, 0.4317869246006012, 0.41707590222358704, -0.2656678259372711, 0.9867377877235413
33, 3, 0.432733952999115, 0.4188602566719055, -0.2657163739204407, 0.9932852983474731
33, 4, 0.42787495255470276, 0.4092355966567993, -0.2678031325340271, 0.9973453879356384
33, 5, 0.42690548300743103, 0.4069472551345825, -0.2678700387477875, 0.9968776702880859
33, 6, 0.4259311556816101, 0.4046797752380371, -0.26789724826812744, 0.9971646666526794
33, 7, 0.43480271100997925, 0.41825854778289795, -0.2216668576002121, 0.9897167086601257
33, 8, 0.4244842529296875, 0.3973958194255829, -0.23105326294898987, 0.9979093670845032
33, 9, 0.4278603494167328, 0.42344096302986145, -0.2464170753955841, 0.994392991065979
33, 10, 0.42434972524642944, 0.416371613740921, -0.24930837750434875, 0.9962446093559265
33, 11, 0.433485746383667, 0.4304143190383911, -0.15235091745853424, 0.990001916885376
33, 12, 0.41635861992836, 0.397013783454895, -0.1659424751996994, 0.9973132014274597
33, 13, 0.4047897458076477, 0.4617618918418884, -0.13335080444812775, 0.55568528175354
33, 14, 0.38392186164855957, 0.43645524978637695, -0.14012187719345093, 0.9721415042877197
33, 15, 0.3849563002586365, 0.489155650138855, -0.16943660378456116, 0.5906340479850769
33, 16, 0.3657948672771454, 0.48805516958236694, -0.15963788330554962, 0.9425729513168335
33, 17, 0.3849678933620453, 0.5002849102020264, -0.18820863962173462, 0.6963809728622437
33, 18, 0.3622206151485443, 0.4997815489768982, -0.18106205761432648, 0.9262127876281738
33, 19, 0.3834133744239807, 0.4955533444881439, -0.19693230092525482, 0.7579448223114014
33, 20, 0.3685493767261505, 0.5027098655700684, -0.1871916502714157, 0.9385805726051331
33, 21, 0.38238954544067383, 0.4897068738937378, -0.17494292557239532, 0.6673851609230042
33, 22, 0.3702355921268463, 0.4992992877960205, -0.16385826468467712, 0.899510383605957
33, 23, 0.44359636306762695, 0.3821597993373871, -0.0022248837631195784, 0.9997448325157166
33, 24, 0.4333530366420746, 0.3718198537826538, 0.0023092308547347784, 0.999946117401123
33, 25, 0.43882936239242554, 0.4356978237628937, 0.06599977612495422, 0.16286306083202362
33, 26, 0.4149600863456726, 0.42682841420173645, 0.007638818584382534, 0.42104780673980713
33, 27, 0.4517034888267517, 0.44556695222854614, 0.19186148047447205, 0.049413520842790604
33, 28, 0.44735056161880493, 0.4364795982837677, 0.0963650494813919, 0.32272177934646606
33, 29, 0.4534246325492859, 0.4449205994606018, 0.20484241843223572, 0.05576697364449501
33, 30, 0.4530121684074402, 0.43490487337112427, 0.10594026744365692, 0.25891411304473877
33, 31, 0.4520118832588196, 0.46222633123397827, 0.19287976622581482, 0.13547778129577637
33, 32, 0.4505065083503723, 0.4549613893032074, 0.08947514742612839, 0.48569318652153015
34, 0, 0.4265916347503662, 0.45271986722946167, -0.23431377112865448, 0.9964867830276489
34, 1, 0.4314424395561218, 0.4437641501426697, -0.24445457756519318, 0.9961075186729431
34, 2, 0.4346385598182678, 0.44406548142433167, -0.24446281790733337, 0.996507465839386
34, 3, 0.44281309843063354, 0.44488367438316345, -0.24451617896556854, 0.9955800175666809
34, 4, 0.4223518371582031, 0.43976372480392456, -0.2432873547077179, 0.9965960383415222
34, 5, 0.41943278908729553, 0.4375392496585846, -0.24335117638111115, 0.9972797632217407
34, 6, 0.4164767265319824, 0.440352201461792, -0.24338571727275848, 0.9973324537277222
34, 7, 0.4497794210910797, 0.4289518892765045, -0.2379588633775711, 0.9882119297981262
34, 8, 0.41462770104408264, 0.4152053892612457, -0.23275721073150635, 0.9959608912467957
34, 9, 0.43395060300827026, 0.45015203952789307, -0.2263709008693695, 0.9927598237991333
34, 10, 0.42413386702537537, 0.4456450939178467, -0.22478064894676208, 0.9928994178771973
34, 11, 0.4724682867527008, 0.4174577593803406, -0.18063904345035553, 0.9744789600372314
34, 12, 0.4042869508266449, 0.3889250159263611, -0.1842791885137558, 0.9841657876968384
34, 13, 0.4911704957485199, 0.46571382880210876, -0.14923232793807983, 0.9501205682754517
34, 14, 0.3696621060371399, 0.41869407892227173, -0.14406777918338776, 0.8224834203720093
34, 15, 0.500592827796936, 0.5423139333724976, -0.1658676415681839, 0.9788452386856079
34, 16, 0.36153191328048706, 0.48879188299179077, -0.13660073280334473, 0.9520716667175293
34, 17, 0.5070931911468506, 0.5623195767402649, -0.1882130205631256, 0.9690861105918884
34, 18, 0.35733669996261597, 0.5060012340545654, -0.1559942364692688, 0.9470954537391663
34, 19, 0.49801531434059143, 0.5622557997703552, -0.19139458239078522, 0.9680841565132141
34, 20, 0.36490076780319214, 0.5112648606300354, -0.16383466124534607, 0.9469178318977356
34, 21, 0.4939468502998352, 0.5539663434028625, -0.16861212253570557, 0.9297624826431274
34, 22, 0.36822065711021423, 0.507366418838501, -0.14034418761730194, 0.9259554147720337
34, 23, 0.4656469225883484, 0.36219027638435364, -0.003414350328966975, 0.9849361777305603
34, 24, 0.43421322107315063, 0.34718388319015503, 0.003372402163222432, 0.980459451675415
34, 25, 0.4626299738883972, 0.4579276144504547, 0.0973469614982605, 0.06750159710645676
34, 26, 0.4261600375175476, 0.4508691430091858, 0.09309978783130646, 0.06157370284199715
34, 27, 0.46093249320983887, 0.4785822033882141, 0.25940605998039246, 0.15914852917194366
34, 28, 0.4465717673301697, 0.474627822637558, 0.25214892625808716, 0.06415314972400665
34, 29, 0.4599459767341614, 0.4750351905822754, 0.2769010066986084, 0.09333419054746628
34, 30, 0.4488573670387268, 0.4729403555393219, 0.2695241868495941, 0.05177922919392586
34, 31, 0.4601309299468994, 0.5125678777694702, 0.26467758417129517, 0.10189744085073471
34, 32, 0.45377033948898315, 0.50423663854599, 0.2549225091934204, 0.057357195764780045
35, 0, 0.4264625906944275, 0.4556366801261902, -0.23968961834907532, 0.9970620274543762
35, 1, 0.4317314028739929, 0.4464154839515686, -0.24855247139930725, 0.9967747330665588
35, 2, 0.44096049666404724, 0.4460216164588928, -0.2485557496547699, 0.9971333742141724
35, 3, 0.44507747888565063, 0.44808822870254517, -0.24859073758125305, 0.9966482520103455
35, 4, 0.42323097586631775, 0.4440029561519623, -0.24766016006469727, 0.9970568418502808
35, 5, 0.4191855788230896, 0.4414147734642029, -0.2477208822965622, 0.9973575472831726
35, 6, 0.4159491956233978, 0.4392877221107483, -0.24775221943855286, 0.9973909258842468
35, 7, 0.45201820135116577, 0.4320662319660187, -0.23592188954353333, 0.9884476065635681
35, 8, 0.4134753346443176, 0.42303550243377686, -0.23243770003318787, 0.9953722357749939
35, 9, 0.43342679738998413, 0.4527718722820282, -0.22972258925437927, 0.9942453503608704
35, 10, 0.4238492548465729, 0.44796624779701233, -0.22861190140247345, 0.9938253164291382
35, 11, 0.4723799228668213, 0.42287778854370117, -0.17472003400325775, 0.9769723415374756
35, 12, 0.4046610891819, 0.38443925976753235, -0.17750929296016693, 0.9824129343032837
35, 13, 0.49017396569252014, 0.4778660535812378, -0.14509861171245575, 0.8917552828788757
35, 14, 0.3722786605358124, 0.41703173518180847, -0.14021873474121094, 0.8494450449943542
35, 15, 0.4924408793449402, 0.5528279542922974, -0.17318469285964966, 0.9731075167655945
35, 16, 0.3632853031158447, 0.4846442639827728, -0.14940501749515533, 0.9599975943565369
35, 17, 0.4968886971473694, 0.5727144479751587, -0.19815874099731445, 0.966323971748352
35, 18, 0.35799843072891235, 0.5024697780609131, -0.17256125807762146, 0.9559571146965027
35, 19, 0.4875996708869934, 0.5697053074836731, -0.20412416756153107, 0.9661902785301208
35, 20, 0.36591821908950806, 0.5081422328948975, -0.18251653015613556, 0.9553943872451782
35, 21, 0.48434990644454956, 0.5614314079284668, -0.17738144099712372, 0.9353827834129333
35, 22, 0.3710407316684723, 0.509312093257904, -0.15463858842849731, 0.9385393857955933
35, 23, 0.46856728196144104, 0.35716748237609863, -0.0030086629558354616, 0.9811756014823914
35, 24, 0.4375072121620178, 0.3381091058254242, 0.002982398495078087, 0.9799174666404724
35, 25, 0.46764832735061646, 0.46392709016799927, 0.0982099249958992, 0.06639359891414642
35, 26, 0.43027639389038086, 0.44983479380607605, 0.08829682320356369, 0.06398960947990417
35, 27, 0.4668121933937073, 0.4846743643283844, 0.260116845369339, 0.19628413021564484
35, 28, 0.44897574186325073, 0.47250285744667053, 0.2509675621986389, 0.0688689798116684
35, 29, 0.4665999412536621, 0.48180338740348816, 0.2769954204559326, 0.12204376608133316
35, 30, 0.4513663351535797, 0.4721357226371765, 0.26841503381729126, 0.05681447312235832
35, 31, 0.4650017321109772, 0.517494261264801, 0.255998432636261, 0.17949791252613068
35, 32, 0.45451849699020386, 0.4986640512943268, 0.24643270671367645, 0.07958643138408661
36, 0, 0.4235384464263916, 0.43816477060317993, -0.21478509902954102, 0.9957550764083862
36, 1, 0.4273322522640228, 0.43417736887931824, -0.21827027201652527, 0.9966222047805786
36, 2, 0.42930468916893005, 0.43466615676879883, -0.21831317245960236, 0.9966024160385132
36, 3, 0.43127408623695374, 0.43505316972732544, -0.2183879315853119, 0.9968158602714539
36, 4, 0.4218888282775879, 0.4313024878501892, -0.21979863941669464, 0.997864305973053
36, 5, 0.42016521096229553, 0.4298625588417053, -0.21987012028694153, 0.998144268989563
36, 6, 0.4184216558933258, 0.4283633828163147, -0.21992719173431396, 0.9980632662773132
36, 7, 0.4370203912258148, 0.42705047130584717, -0.19932854175567627, 0.9939604997634888
36, 8, 0.41725414991378784, 0.4161474108695984, -0.2051331102848053, 0.9980787038803101
36, 9, 0.4275115132331848, 0.43668508529663086, -0.20397213101387024, 0.9943625926971436
36, 10, 0.42153453826904297, 0.43340685963630676, -0.20574951171875, 0.9943565726280212
36, 11, 0.4550376534461975, 0.4218027889728546, -0.1509692668914795, 0.984031617641449
36, 12, 0.40387335419654846, 0.4029507637023926, -0.15344053506851196, 0.985491156578064
36, 13, 0.4688071608543396, 0.46748363971710205, -0.13028566539287567, 0.9410893321037292
36, 14, 0.3760296106338501, 0.4304901957511902, -0.12180621922016144, 0.6817850470542908
36, 15, 0.4833834171295166, 0.5289614200592041, -0.14253374934196472, 0.9432506561279297
36, 16, 0.36369067430496216, 0.48189350962638855, -0.11148150265216827, 0.8729751706123352
36, 17, 0.49064645171165466, 0.5449838042259216, -0.15886354446411133, 0.9208035469055176
36, 18, 0.35540714859962463, 0.4938861131668091, -0.1281222552061081, 0.8619673848152161
36, 19, 0.48630475997924805, 0.5484800338745117, -0.16200047731399536, 0.9145361185073853
36, 20, 0.36029350757598877, 0.49543654918670654, -0.12948232889175415, 0.8483706712722778
36, 21, 0.4824870228767395, 0.541844367980957, -0.14484621584415436, 0.8228236436843872
36, 22, 0.36505556106567383, 0.49183982610702515, -0.11256401240825653, 0.7588045597076416
36, 23, 0.4498741626739502, 0.3783212900161743, -0.006608323659747839, 0.9997525811195374
36, 24, 0.4265062212944031, 0.37111109495162964, 0.006620241794735193, 0.999526858329773
36, 25, 0.4640912115573883, 0.4563854932785034, 0.03282593935728073, 0.2820608913898468
36, 26, 0.4267222285270691, 0.45053529739379883, 0.04008712247014046, 0.13886381685733795
36, 27, 0.4885712265968323, 0.4959905743598938, 0.13426029682159424, 0.44299787282943726
36, 28, 0.4589868187904358, 0.47944483160972595, 0.1312990039587021, 0.1573348194360733
36, 29, 0.4915059208869934, 0.5018970370292664, 0.14573781192302704, 0.3021191656589508
36, 30, 0.46382397413253784, 0.4811781048774719, 0.1408456563949585, 0.18781155347824097
36, 31, 0.4949761927127838, 0.5134737491607666, 0.12681172788143158, 0.33091458678245544
36, 32, 0.46714678406715393, 0.4957774579524994, 0.1204896941781044, 0.15539343655109406
37, 0, 0.42401736974716187, 0.43066006898880005, -0.19046728312969208, 0.9993653893470764
37, 1, 0.4258786141872406, 0.43055450916290283, -0.19006705284118652, 0.9995744824409485
37, 2, 0.426139771938324, 0.43126484751701355, -0.19010241329669952, 0.9993694424629211
37, 3, 0.4264155924320221, 0.4318844974040985, -0.19019266963005066, 0.9994701743125916
37, 4, 0.4254993498325348, 0.42802131175994873, -0.19220241904258728, 0.9997559189796448
37, 5, 0.42546167969703674, 0.4266324043273926, -0.19224990904331207, 0.9997221827507019
37, 6, 0.42538827657699585, 0.4252137839794159, -0.19227400422096252, 0.9997053742408752
37, 7, 0.4280785620212555, 0.42749789357185364, -0.16185568273067474, 0.9991507530212402
37, 8, 0.4264633059501648, 0.4182208180427551, -0.1707720011472702, 0.9997877478599548
37, 9, 0.42394179105758667, 0.4291117787361145, -0.1766609102487564, 0.9994723200798035
37, 10, 0.42329126596450806, 0.4255995452404022, -0.17933353781700134, 0.9995587468147278
37, 11, 0.42458146810531616, 0.4208400845527649, -0.11442546546459198, 0.9992935657501221
37, 12, 0.42633986473083496, 0.40854400396347046, -0.1238209456205368, 0.9997441172599792
37, 13, 0.39019155502319336, 0.44167545437812805, -0.10500762611627579, 0.6785386800765991
37, 14, 0.42283350229263306, 0.454190194606781, -0.09352955222129822, 0.7487902641296387
37, 15, 0.36169564723968506, 0.47502896189689636, -0.1269308179616928, 0.7902982234954834
37, 16, 0.42541179060935974, 0.5053883790969849, -0.0875735804438591, 0.8216118216514587
37, 17, 0.3606005311012268, 0.48523950576782227, -0.13818103075027466, 0.7450884580612183
37, 18, 0.42598801851272583, 0.5203019976615906, -0.09910933673381805, 0.761792004108429
37, 19, 0.36030688881874084, 0.4871101677417755, -0.14779046177864075, 0.7520000338554382
37, 20, 0.42802900075912476, 0.5191068649291992, -0.10479889810085297, 0.7527580857276917
37, 21, 0.36234554648399353, 0.4832531809806824, -0.13224384188652039, 0.7242435812950134
37, 22, 0.42742401361465454, 0.5130417346954346, -0.09083868563175201, 0.7507744431495667
37, 23, 0.4358648657798767, 0.37639927864074707, -0.0005502696731127799, 0.9999758005142212
37, 24, 0.43624645471572876, 0.3757714033126831, 0.0006956500001251698, 0.999996542930603
37, 25, 0.43337303400039673, 0.44412291049957275, 0.03678283840417862, 0.2873159646987915
37, 26, 0.4248899519443512, 0.4527980089187622, -0.021209578961133957, 0.46254879236221313
37, 27, 0.44634661078453064, 0.4529975354671478, 0.12785916030406952, 0.12977378070354462
37, 28, 0.45501989126205444, 0.4648130536079407, 0.009714554995298386, 0.24061734974384308
37, 29, 0.44896450638771057, 0.4511955976486206, 0.13838347792625427, 0.13639777898788452
37, 30, 0.46048885583877563, 0.4577852487564087, 0.01329379715025425, 0.25739529728889465
37, 31, 0.44831156730651855, 0.4751299023628235, 0.12727557122707367, 0.2771283984184265
37, 32, 0.4588626027107239, 0.49553266167640686, -0.005402300041168928, 0.4239511489868164
38, 0, 0.42660433053970337, 0.42257827520370483, 0.07657119631767273, 0.8604981899261475
38, 1, 0.4246068596839905, 0.42315375804901123, 0.08088072389364243, 0.7909693717956543
38, 2, 0.4238770008087158, 0.42312729358673096, 0.08086998015642166, 0.8496675491333008
38, 3, 0.4231444299221039, 0.4230189919471741, 0.08079325407743454, 0.785544753074646
38, 4, 0.42721468210220337, 0.42349767684936523, 0.0812443345785141, 0.7864785194396973
38, 5, 0.42792731523513794, 0.4233625531196594, 0.08125854283571243, 0.8540671467781067
38, 6, 0.42860856652259827, 0.423126757144928, 0.08120567351579666, 0.7782074213027954
38, 7, 0.4220249056816101, 0.4194234609603882, 0.0965300053358078, 0.8757955431938171
38, 8, 0.4304981827735901, 0.4210423231124878, 0.10015504062175751, 0.9080159068107605
38, 9, 0.42582544684410095, 0.4199424684047699, 0.0823606625199318, 0.899868369102478
38, 10, 0.4283861517906189, 0.4200476408004761, 0.08330947160720825, 0.882675051689148
38, 11, 0.4126291871070862, 0.4085249602794647, 0.08227375149726868, 0.9989786148071289
38, 12, 0.4396747648715973, 0.4187626838684082, 0.09337666630744934, 0.9990353584289551
38, 13, 0.3814077377319336, 0.42823413014411926, 0.05777265876531601, 0.4476247727870941
38, 14, 0.4536510407924652, 0.44321489334106445, 0.0720568373799324, 0.03182884305715561
38, 15, 0.36100685596466064, 0.46689727902412415, 0.030850565060973167, 0.49556058645248413
38, 16, 0.4611671566963196, 0.4782654345035553, 0.04580836370587349, 0.15824830532073975
38, 17, 0.3558359742164612, 0.47471338510513306, 0.02622249163687229, 0.4958423376083374
38, 18, 0.4648740887641907, 0.48978984355926514, 0.04230016842484474, 0.20931507647037506
38, 19, 0.3567264676094055, 0.4764809012413025, 0.026729276403784752, 0.5004573464393616
38, 20, 0.462887704372406, 0.49036791920661926, 0.04262020066380501, 0.1938592940568924
38, 21, 0.3593055009841919, 0.4727233350276947, 0.029976269230246544, 0.44878220558166504
38, 22, 0.4605496823787689, 0.4851676821708679, 0.04495633393526077, 0.18864735960960388
38, 23, 0.4295271039009094, 0.3690231442451477, -0.004654118325561285, 0.9998437166213989
38, 24, 0.4445262551307678, 0.38587015867233276, 0.004529525060206652, 0.9999146461486816
38, 25, 0.42365938425064087, 0.4252815544605255, 0.005498441401869059, 0.5961630940437317
38, 26, 0.4368593692779541, 0.4623126685619354, 0.0020027689170092344, 0.21110844612121582
38, 27, 0.4369993805885315, 0.4349980354309082, 0.012181994505226612, 0.19090686738491058
38, 28, 0.45217403769493103, 0.4615921378135681, -0.01791524700820446, 0.1279556304216385
38, 29, 0.44132089614868164, 0.43310660123825073, 0.013907763175666332, 0.4256207048892975
38, 30, 0.4546085298061371, 0.4495154917240143, -0.01938301883637905, 0.403409481048584
38, 31, 0.43973416090011597, 0.4499187469482422, -0.00907776691019535, 0.3012428283691406
38, 32, 0.4537602365016937, 0.48341280221939087, -0.041967857629060745, 0.2090994268655777
39, 0, 0.42794427275657654, 0.44862744212150574, -0.23501114547252655, 0.9986880421638489
39, 1, 0.43046480417251587, 0.44356048107147217, -0.23974180221557617, 0.9990498423576355
39, 2, 0.4325152039527893, 0.4434925615787506, -0.23974952101707458, 0.9988828301429749
39, 3, 0.43455395102500916, 0.44332075119018555, -0.23977498710155487, 0.9985277652740479
39, 4, 0.42432379722595215, 0.44194474816322327, -0.23929288983345032, 0.9993532299995422
39, 5, 0.4224083423614502, 0.44109633564949036, -0.23937270045280457, 0.9993913173675537
39, 6, 0.42052215337753296, 0.44018715620040894, -0.2394537627696991, 0.9993993043899536
39, 7, 0.4399319589138031, 0.43430519104003906, -0.21707120537757874, 0.9960745573043823
39, 8, 0.4182560443878174, 0.42627206444740295, -0.21549680829048157, 0.9990836381912231
39, 9, 0.43454891443252563, 0.44336241483688354, -0.22152182459831238, 0.9956526756286621
39, 10, 0.4267819821834564, 0.44406068325042725, -0.2208271473646164, 0.9971193075180054
39, 11, 0.4642668664455414, 0.4151707589626312, -0.1544904261827469, 0.9849393367767334
39, 12, 0.396550714969635, 0.4083474576473236, -0.16761614382266998, 0.9977217316627502
39, 13, 0.49623894691467285, 0.43799421191215515, -0.1405874639749527, 0.9063471555709839
39, 14, 0.36483606696128845, 0.41803738474845886, -0.12831586599349976, 0.8394355773925781
39, 15, 0.514103889465332, 0.4900485873222351, -0.15927936136722565, 0.9700389504432678
39, 16, 0.3520139455795288, 0.4616489112377167, -0.1167760044336319, 0.9604413509368896
39, 17, 0.5234969854354858, 0.49974268674850464, -0.17618896067142487, 0.9332490563392639
39, 18, 0.3435705006122589, 0.4721558094024658, -0.1314140111207962, 0.9573155641555786
39, 19, 0.5162761807441711, 0.5044558048248291, -0.18273748457431793, 0.9333834052085876
39, 20, 0.35034191608428955, 0.4697205424308777, -0.13127093017101288, 0.9544672966003418
39, 21, 0.5112066268920898, 0.4995496869087219, -0.163302481174469, 0.886815071105957
39, 22, 0.3563205599784851, 0.4650205373764038, -0.11609317362308502, 0.9176347851753235
39, 23, 0.4525175094604492, 0.37930426001548767, -0.01127068791538477, 0.9945505261421204
39, 24, 0.4263175427913666, 0.3780105710029602, 0.01107823010534048, 0.994213879108429
39, 25, 0.45649251341819763, 0.44603416323661804, 0.08382558077573776, 0.3002443015575409
39, 26, 0.42544326186180115, 0.43881890177726746, 0.08837752789258957, 0.10635201632976532
39, 27, 0.4722561240196228, 0.4856329560279846, 0.21344228088855743, 0.46804752945899963
39, 28, 0.45696133375167847, 0.4715002775192261, 0.22053489089012146, 0.1520601511001587
39, 29, 0.47477954626083374, 0.48959800601005554, 0.22806409001350403, 0.1920083463191986
39, 30, 0.46356654167175293, 0.4734872281551361, 0.23467914760112762, 0.10800501704216003
39, 31, 0.4751323163509369, 0.5071831941604614, 0.22300636768341064, 0.3716955780982971
39, 32, 0.46346157789230347, 0.49374139308929443, 0.22498397529125214, 0.19496376812458038
40, 0, 0.42594486474990845, 0.4440728425979614, -0.2412160336971283, 0.9992104768753052
40, 1, 0.42831867933273315, 0.4397437274456024, -0.24668188393115997, 0.9994915723800659
40, 2, 0.43028903007507324, 0.43970900774002075, -0.24668054282665253, 0.9994333386421204
40, 3, 0.43225058913230896, 0.43959614634513855, -0.24671068787574768, 0.9992165565490723
40, 4, 0.42241746187210083, 0.43780168890953064, -0.2465309351682663, 0.999582827091217
40, 5, 0.4205848276615143, 0.4368465840816498, -0.24661417305469513, 0.9996113181114197
40, 6, 0.41877374053001404, 0.43583250045776367, -0.24668464064598083, 0.9996028542518616
40, 7, 0.43760013580322266, 0.4306659400463104, -0.22400279343128204, 0.9982910752296448
40, 8, 0.41670864820480347, 0.42185455560684204, -0.2236603945493698, 0.9995699524879456
40, 9, 0.4305892884731293, 0.44112077355384827, -0.22719907760620117, 0.9980865716934204
40, 10, 0.4250475764274597, 0.43899285793304443, -0.22696486115455627, 0.9987333416938782
40, 11, 0.46126213669776917, 0.4113337993621826, -0.15901251137256622, 0.9923728108406067
40, 12, 0.39686155319213867, 0.4019104838371277, -0.1709439754486084, 0.9984550476074219
40, 13, 0.49218136072158813, 0.43557626008987427, -0.13572707772254944, 0.9102268815040588
40, 14, 0.36716097593307495, 0.41778260469436646, -0.10955557972192764, 0.751301646232605
40, 15, 0.5090345740318298, 0.47890037298202515, -0.14552727341651917, 0.9608863592147827
40, 16, 0.3557625412940979, 0.46213072538375854, -0.07543131709098816, 0.9267498850822449
40, 17, 0.5178083181381226, 0.48769477009773254, -0.16176308691501617, 0.9191302061080933
40, 18, 0.351350337266922, 0.48940324783325195, -0.08553393185138702, 0.9273151755332947
40, 19, 0.5112651586532593, 0.4913617968559265, -0.16818298399448395, 0.919026792049408
40, 20, 0.3544251322746277, 0.47043365240097046, -0.08703397214412689, 0.923634946346283
40, 21, 0.5065704584121704, 0.4870252013206482, -0.14939440786838531, 0.865718424320221
40, 22, 0.36011409759521484, 0.46595001220703125, -0.07464731484651566, 0.8767948150634766
40, 23, 0.45032572746276855, 0.3776044249534607, -0.010471810586750507, 0.997037410736084
40, 24, 0.42688530683517456, 0.37450170516967773, 0.010335267521440983, 0.9965728521347046
40, 25, 0.44844189286231995, 0.44259172677993774, 0.09149346500635147, 0.28821760416030884
40, 26, 0.42398256063461304, 0.43351829051971436, 0.09494966268539429, 0.09353890269994736
40, 27, 0.4668887257575989, 0.48230451345443726, 0.23379071056842804, 0.5096052289009094
40, 28, 0.4536967873573303, 0.46717703342437744, 0.2373674213886261, 0.16513603925704956
40, 29, 0.4703370928764343, 0.48710811138153076, 0.24985766410827637, 0.26070621609687805
40, 30, 0.46007323265075684, 0.46930259466171265, 0.252792626619339, 0.1113111674785614
40, 31, 0.4686059057712555, 0.5004523992538452, 0.24571636319160461, 0.36109358072280884
40, 32, 0.4576362073421478, 0.4879470765590668, 0.2434423863887787, 0.16442617774009705
41, 0, 0.4216983914375305, 0.4373913109302521, -0.22799405455589294, 0.9983514547348022
41, 1, 0.42521390318870544, 0.4346461296081543, -0.2292053997516632, 0.9986288547515869
41, 2, 0.42732247710227966, 0.4351765811443329, -0.22922475636005402, 0.9982286095619202
41, 3, 0.42941778898239136, 0.4356056749820709, -0.22925595939159393, 0.9980151653289795
41, 4, 0.4193193316459656, 0.432306170463562, -0.23161788284778595, 0.9993703961372375
41, 5, 0.41758355498313904, 0.43138134479522705, -0.2316925972700119, 0.9993953704833984
41, 6, 0.4158315062522888, 0.43042582273483276, -0.23176495730876923, 0.9994101524353027
41, 7, 0.4359959065914154, 0.42899230122566223, -0.19719114899635315, 0.9939959049224854
41, 8, 0.41447168588638306, 0.41983798146247864, -0.2081858217716217, 0.9992050528526306
41, 9, 0.42622536420822144, 0.4360891878604889, -0.21223196387290955, 0.9973334074020386
41, 10, 0.42024022340774536, 0.4335929751396179, -0.21532531082630157, 0.9985333681106567
41, 11, 0.45938771963119507, 0.4173731803894043, -0.13646839559078217, 0.9807912111282349
41, 12, 0.3946843147277832, 0.4040614366531372, -0.15123941004276276, 0.9970874190330505
41, 13, 0.48604661226272583, 0.4399124085903168, -0.11973808705806732, 0.9009983539581299
41, 14, 0.36588072776794434, 0.42288738489151, -0.12127719819545746, 0.9338862299919128
41, 15, 0.5046865940093994, 0.49045369029045105, -0.1433720588684082, 0.9618830680847168
41, 16, 0.3565751910209656, 0.4794570207595825, -0.1171850934624672, 0.9829487800598145
41, 17, 0.5139316320419312, 0.5020275712013245, -0.16011017560958862, 0.9363559484481812
41, 18, 0.34623390436172485, 0.4866338074207306, -0.13284561038017273, 0.9808518290519714
41, 19, 0.5069239139556885, 0.5061464309692383, -0.16465026140213013, 0.9327226281166077
41, 20, 0.3522528111934662, 0.4872429370880127, -0.13569846749305725, 0.9797580242156982
41, 21, 0.5020275712013245, 0.5017150044441223, -0.14647121727466583, 0.8830837607383728
41, 22, 0.3575815260410309, 0.48347586393356323, -0.11821451038122177, 0.9618938565254211
41, 23, 0.44962915778160095, 0.3721965253353119, -0.007952596060931683, 0.9978097081184387
41, 24, 0.4198070168495178, 0.36235225200653076, 0.00782024022191763, 0.9969793558120728
41, 25, 0.45481157302856445, 0.45543521642684937, 0.032281018793582916, 0.4642574191093445
41, 26, 0.4137207865715027, 0.4436357319355011, 0.04686371237039566, 0.13321304321289062
41, 27, 0.4796935021877289, 0.4916093945503235, 0.13498537242412567, 0.6175512075424194
41, 28, 0.4408496022224426, 0.46115928888320923, 0.14521975815296173, 0.12257612496614456
41, 29, 0.4829651415348053, 0.494575172662735, 0.14616915583610535, 0.42193517088890076
41, 30, 0.4454377293586731, 0.46005380153656006, 0.15527701377868652, 0.1139957383275032
41, 31, 0.4836565852165222, 0.5130195021629333, 0.13240784406661987, 0.6327878832817078
41, 32, 0.44660860300064087, 0.47752708196640015, 0.1393711119890213, 0.21728529036045074
42, 0, 0.4187583327293396, 0.442240834236145, -0.23842188715934753, 0.9985380172729492
42, 1, 0.4222080111503601, 0.4382515251636505, -0.23980601131916046, 0.9986604452133179
42, 2, 0.42441684007644653, 0.43849384784698486, -0.2398259937763214, 0.9982115030288696
42, 3, 0.4266265034675598, 0.43863821029663086, -0.23986926674842834, 0.9983431100845337
42, 4, 0.41605043411254883, 0.4364040791988373, -0.24146242439746857, 0.999356210231781
42, 5, 0.41424208879470825, 0.4355543255805969, -0.2415277510881424, 0.9993378520011902
42, 6, 0.41240519285202026, 0.4346797466278076, -0.2415899932384491, 0.9994350075721741
42, 7, 0.4338192939758301, 0.43062523007392883, -0.20964816212654114, 0.9939800500869751
42, 8, 0.41133052110671997, 0.42323440313339233, -0.21656441688537598, 0.9990434050559998
42, 9, 0.4239618182182312, 0.4409046471118927, -0.22332613170146942, 0.997257649898529
42, 10, 0.41762644052505493, 0.438858300447464, -0.22518488764762878, 0.9981266856193542
42, 11, 0.4587966799736023, 0.4221319556236267, -0.14961642026901245, 0.9666241407394409
42, 12, 0.3937898278236389, 0.4063225984573364, -0.1622122824192047, 0.9955078363418579
42, 13, 0.4804675579071045, 0.45250728726387024, -0.14563971757888794, 0.8863313794136047
42, 14, 0.3646852374076843, 0.4234359860420227, -0.15010663866996765, 0.9529709815979004
42, 15, 0.49933046102523804, 0.508661687374115, -0.1864459365606308, 0.9529756307601929
42, 16, 0.35678696632385254, 0.48413941264152527, -0.16942495107650757, 0.98831707239151
42, 17, 0.5082120895385742, 0.5219982862472534, -0.2091309130191803, 0.9317421913146973
42, 18, 0.3461962938308716, 0.4933217465877533, -0.19149772822856903, 0.9858688116073608
42, 19, 0.5004345774650574, 0.5251044631004333, -0.21351277828216553, 0.9283067584037781
42, 20, 0.3530001938343048, 0.49408212304115295, -0.1966603547334671, 0.9850851893424988
42, 21, 0.4958723485469818, 0.5196553468704224, -0.1905730962753296, 0.8718238472938538
42, 22, 0.3606080412864685, 0.4950983226299286, -0.17251117527484894, 0.9699985980987549
42, 23, 0.44931286573410034, 0.3720381557941437, -0.007453432772308588, 0.9979690909385681
42, 24, 0.4201655983924866, 0.36161330342292786, 0.007348670158535242, 0.9973722696304321
42, 25, 0.45716238021850586, 0.4586617648601532, 0.010987783782184124, 0.43910282850265503
42, 26, 0.40691012144088745, 0.4448399543762207, 0.04228522628545761, 0.1807464212179184
42, 27, 0.4824981689453125, 0.5013724565505981, 0.10729297250509262, 0.6278513073921204
42, 28, 0.43043017387390137, 0.46060922741889954, 0.1467166393995285, 0.15004481375217438
42, 29, 0.48646336793899536, 0.5046865940093994, 0.11724986135959625, 0.4980117678642273
42, 30, 0.4350556433200836, 0.45910441875457764, 0.15705034136772156, 0.1423935741186142
42, 31, 0.4844791889190674, 0.5263531804084778, 0.09259875118732452, 0.7126832008361816
42, 32, 0.4329795241355896, 0.47643452882766724, 0.13738302886486053, 0.2681969106197357
43, 0, 0.417654424905777, 0.4481644630432129, -0.20863929390907288, 0.9961821436882019
43, 1, 0.42057138681411743, 0.4437820017337799, -0.21505872905254364, 0.9956892132759094
43, 2, 0.4228886663913727, 0.44381213188171387, -0.21507886052131653, 0.9955065250396729
43, 3, 0.4252048432826996, 0.44376471638679504, -0.21512870490550995, 0.9940837025642395
43, 4, 0.4138758182525635, 0.4416786730289459, -0.2154250591993332, 0.9972237348556519
43, 5, 0.411825954914093, 0.4405350685119629, -0.21551167964935303, 0.9977855682373047
43, 6, 0.41034334897994995, 0.4441719949245453, -0.2155831754207611, 0.9981493949890137
43, 7, 0.43183666467666626, 0.43372565507888794, -0.19905048608779907, 0.9825336337089539
43, 8, 0.40698617696762085, 0.42823871970176697, -0.20009784400463104, 0.9972147345542908
43, 9, 0.42305096983909607, 0.44493693113327026, -0.197443425655365, 0.9899553060531616
43, 10, 0.416212260723114, 0.4424479901790619, -0.1976495236158371, 0.9938828945159912
43, 11, 0.4583819508552551, 0.41651156544685364, -0.14556579291820526, 0.9799978137016296
43, 12, 0.39053454995155334, 0.40277472138404846, -0.1597459763288498, 0.9977018237113953
43, 13, 0.49172502756118774, 0.44133448600769043, -0.13079141080379486, 0.976171612739563
43, 14, 0.3629717528820038, 0.42126351594924927, -0.13278353214263916, 0.9476067423820496
43, 15, 0.5102310180664062, 0.5094313621520996, -0.15442581474781036, 0.9880942702293396
43, 16, 0.35558152198791504, 0.4881895184516907, -0.13114923238754272, 0.9899641871452332
43, 17, 0.5197798013687134, 0.5246100425720215, -0.1739482879638672, 0.9791069030761719
43, 18, 0.35024160146713257, 0.5048528909683228, -0.14922364056110382, 0.9891352653503418
43, 19, 0.5116590857505798, 0.5286183953285217, -0.17623664438724518, 0.9767783880233765
43, 20, 0.3567314147949219, 0.5069080591201782, -0.1525244563817978, 0.9886764287948608
43, 21, 0.5068079829216003, 0.5221136808395386, -0.15695680677890778, 0.9442479610443115
43, 22, 0.35913369059562683, 0.49617746472358704, -0.13260337710380554, 0.9782926440238953
43, 23, 0.45062941312789917, 0.3649987578392029, -0.003269170643761754, 0.9937717318534851
43, 24, 0.41999396681785583, 0.35547542572021484, 0.00313743157312274, 0.9921838641166687
43, 25, 0.4476708471775055, 0.4311952292919159, 0.07946848124265671, 0.07454828917980194
43, 26, 0.40728992223739624, 0.4152836799621582, 0.07625947892665863, 0.0951346904039383
43, 27, 0.4569428563117981, 0.43936339020729065, 0.21462556719779968, 0.13792796432971954
43, 28, 0.42458558082580566, 0.4199647307395935, 0.21347054839134216, 0.03876768797636032
43, 29, 0.45770135521888733, 0.4348406195640564, 0.2301085740327835, 0.09061973541975021
43, 30, 0.426748663187027, 0.4158358573913574, 0.22917702794075012, 0.0524466373026371
43, 31, 0.4585089087486267, 0.46623820066452026, 0.23093147575855255, 0.08634647727012634
43, 32, 0.429511159658432, 0.4380801320075989, 0.22982604801654816, 0.03873996064066887
44, 0, 0.4154152274131775, 0.44421112537384033, -0.22797194123268127, 0.9935243129730225
44, 1, 0.41803640127182007, 0.4397546947002411, -0.23252539336681366, 0.9930934906005859
44, 2, 0.4200749397277832, 0.43983060121536255, -0.23253777623176575, 0.9923456311225891
44, 3, 0.42210596799850464, 0.43983420729637146, -0.23256416618824005, 0.9901270866394043
44, 4, 0.41186094284057617, 0.43772804737091064, -0.23255066573619843, 0.9949612617492676
44, 5, 0.4099203050136566, 0.4368501305580139, -0.23264005780220032, 0.9956193566322327
44, 6, 0.4079904556274414, 0.43594634532928467, -0.2327258139848709, 0.9963023662567139
44, 7, 0.42770105600357056, 0.43081140518188477, -0.20798520743846893, 0.9734346270561218
44, 8, 0.405437171459198, 0.4230383038520813, -0.20815125107765198, 0.9947139620780945
44, 9, 0.41989558935165405, 0.4415009915828705, -0.21398940682411194, 0.9854859113693237
44, 10, 0.41385650634765625, 0.4395599067211151, -0.21396584808826447, 0.9907912015914917
44, 11, 0.45191168785095215, 0.41254162788391113, -0.15197902917861938, 0.9728188514709473
44, 12, 0.38732942938804626, 0.4041890501976013, -0.16026204824447632, 0.996898889541626
44, 13, 0.4890245795249939, 0.4396485686302185, -0.14157406985759735, 0.9558584690093994
44, 14, 0.3612465560436249, 0.4204164147377014, -0.13683876395225525, 0.892237663269043
44, 15, 0.5126860737800598, 0.499114453792572, -0.17050784826278687, 0.9814578890800476
44, 16, 0.3544715940952301, 0.48569631576538086, -0.1464068591594696, 0.9796826243400574
44, 17, 0.524019718170166, 0.5125757455825806, -0.19044868648052216, 0.9652163982391357
44, 18, 0.34877830743789673, 0.4987163841724396, -0.166750967502594, 0.9775261878967285
44, 19, 0.5155652761459351, 0.517696738243103, -0.19485941529273987, 0.9632349610328674
44, 20, 0.3484543561935425, 0.49057626724243164, -0.16770751774311066, 0.9757720828056335
44, 21, 0.5098492503166199, 0.5121667981147766, -0.1736592799425125, 0.9197565317153931
44, 22, 0.3540036380290985, 0.48626500368118286, -0.1471942514181137, 0.9532198309898376
44, 23, 0.4479748606681824, 0.36014044284820557, -0.008662375621497631, 0.9903717041015625
44, 24, 0.420387327671051, 0.3540307283401489, 0.008488046005368233, 0.9915992021560669
44, 25, 0.44689178466796875, 0.4273855984210968, 0.08927349746227264, 0.05653239041566849
44, 26, 0.4129725396633148, 0.4170445203781128, 0.09167493879795074, 0.06683453917503357
44, 27, 0.4558083415031433, 0.44017529487609863, 0.23299935460090637, 0.12217836081981659
44, 28, 0.43803685903549194, 0.42663055658340454, 0.23235340416431427, 0.04554659500718117
44, 29, 0.4570384621620178, 0.4368020296096802, 0.24884596467018127, 0.08006127923727036
44, 30, 0.4422576427459717, 0.42452970147132874, 0.24824099242687225, 0.051096007227897644
44, 31, 0.45705971121788025, 0.4644531309604645, 0.24487778544425964, 0.11299480497837067
44, 32, 0.444924533367157, 0.4415336549282074, 0.24267248809337616, 0.06150514632463455
45, 0, 0.42257699370384216, 0.45906007289886475, -0.2306319773197174, 0.998505711555481
45, 1, 0.42618808150291443, 0.45457538962364197, -0.239588662981987, 0.9984194040298462
45, 2, 0.4332166314125061, 0.45642250776290894, -0.2395974099636078, 0.9984330534934998
45, 3, 0.43501144647598267, 0.45595407485961914, -0.2396600991487503, 0.9979298114776611
45, 4, 0.41859206557273865, 0.45202866196632385, -0.23987579345703125, 0.9987347722053528
45, 5, 0.41632789373397827, 0.4505663216114044, -0.2399396449327469, 0.9988266825675964
45, 6, 0.41165995597839355, 0.45303723216056824, -0.2399715930223465, 0.9988564252853394
45, 7, 0.4397006034851074, 0.4418852925300598, -0.22650465369224548, 0.9945323467254639
45, 8, 0.40869665145874023, 0.43587854504585266, -0.2272973358631134, 0.9985429048538208
45, 9, 0.4313198924064636, 0.45500075817108154, -0.21916361153125763, 0.9964967370033264
45, 10, 0.4212781488895416, 0.450962096452713, -0.21947698295116425, 0.9970675110816956
45, 11, 0.4685226380825043, 0.41791263222694397, -0.1686653047800064, 0.9877602458000183
45, 12, 0.39817240834236145, 0.3982176184654236, -0.17777566611766815, 0.995298445224762
45, 13, 0.49861016869544983, 0.441008597612381, -0.13176000118255615, 0.9858198165893555
45, 14, 0.3642403483390808, 0.4183311462402344, -0.11666937172412872, 0.9411811232566833
45, 15, 0.5114184021949768, 0.5231032371520996, -0.13872449100017548, 0.9880747199058533
45, 16, 0.3556100130081177, 0.48723453283309937, -0.086475670337677, 0.9747797846794128
45, 17, 0.5226998925209045, 0.5486094951629639, -0.1587309092283249, 0.9810438752174377
45, 18, 0.3503005802631378, 0.5044054388999939, -0.10128625482320786, 0.9691425561904907
45, 19, 0.5125117897987366, 0.5528757572174072, -0.16177158057689667, 0.9807773232460022
45, 20, 0.3568781912326813, 0.5091423988342285, -0.10687603056430817, 0.9692298769950867
45, 21, 0.5080413818359375, 0.5446018576622009, -0.14111725986003876, 0.9552785158157349
45, 22, 0.36301013827323914, 0.5043498277664185, -0.08830039948225021, 0.9544447064399719
45, 23, 0.4596237242221832, 0.359343558549881, -0.0017035935306921601, 0.9827203750610352
45, 24, 0.4284687042236328, 0.3456137180328369, 0.0016473811119794846, 0.968031108379364
45, 25, 0.4537504315376282, 0.4532053768634796, 0.10455596446990967, 0.12051885575056076
45, 26, 0.4200552999973297, 0.4398826062679291, 0.10818686336278915, 0.07997225970029831
45, 27, 0.45719438791275024, 0.46939170360565186, 0.28223174810409546, 0.18263478577136993
45, 28, 0.42904457449913025, 0.45305562019348145, 0.27995747327804565, 0.05868253484368324
45, 29, 0.45785704255104065, 0.46612074971199036, 0.3020475208759308, 0.14132381975650787
45, 30, 0.4296894669532776, 0.45076432824134827, 0.29917532205581665, 0.05765940248966217
45, 31, 0.45560184121131897, 0.4985710680484772, 0.29729771614074707, 0.11429578065872192
45, 32, 0.4318764805793762, 0.4738445580005646, 0.2924407422542572, 0.05364399775862694
46, 0, 0.41617876291275024, 0.43449097871780396, -0.2321748435497284, 0.9990590214729309
46, 1, 0.4191058576107025, 0.4298596978187561, -0.23362679779529572, 0.9993308782577515
46, 2, 0.4211447834968567, 0.43008100986480713, -0.23363403975963593, 0.9989759922027588
46, 3, 0.4316495358943939, 0.43492937088012695, -0.2336689531803131, 0.9989583492279053
46, 4, 0.4132192134857178, 0.42852720618247986, -0.2361118048429489, 0.9996671676635742
46, 5, 0.411467969417572, 0.42794883251190186, -0.23616757988929749, 0.9996011853218079
46, 6, 0.40970510244369507, 0.427338570356369, -0.23621413111686707, 0.9996645450592041
46, 7, 0.4295424520969391, 0.42331886291503906, -0.200901061296463, 0.9959142804145813
46, 8, 0.40806084871292114, 0.4175204336643219, -0.21062640845775604, 0.9995366334915161
46, 9, 0.42118215560913086, 0.4336889982223511, -0.21519139409065247, 0.9973305463790894
46, 10, 0.41499805450439453, 0.431853324174881, -0.2178988754749298, 0.9980953335762024
46, 11, 0.4558573365211487, 0.41480183601379395, -0.13319730758666992, 0.9498315453529358
46, 12, 0.3898804783821106, 0.40516942739486694, -0.15303581953048706, 0.9905678629875183
46, 13, 0.4888497292995453, 0.4449231028556824, -0.11856184899806976, 0.9226506948471069
46, 14, 0.3608185648918152, 0.4263971447944641, -0.11449049413204193, 0.8872799277305603
46, 15, 0.5090903043746948, 0.5244483947753906, -0.15397942066192627, 0.9696041941642761
46, 16, 0.35354530811309814, 0.4843956530094147, -0.10713128745555878, 0.9714704155921936
46, 17, 0.5189704298973083, 0.5420436859130859, -0.17398498952388763, 0.9469360113143921
46, 18, 0.3430473208427429, 0.4963117241859436, -0.12225554138422012, 0.9653456211090088
46, 19, 0.5106948018074036, 0.5492504239082336, -0.17525528371334076, 0.9454835653305054
46, 20, 0.35494789481163025, 0.5081542134284973, -0.12571221590042114, 0.963953971862793
46, 21, 0.505595862865448, 0.5426361560821533, -0.15623633563518524, 0.8922810554504395
46, 22, 0.3576352596282959, 0.5041768550872803, -0.10798414796590805, 0.9388021230697632
46, 23, 0.4506497383117676, 0.3613457977771759, -0.0040685622952878475, 0.9886088371276855
46, 24, 0.4186007082462311, 0.35055097937583923, 0.003972935024648905, 0.9788665175437927
46, 25, 0.46790266036987305, 0.4597402811050415, 0.008484717458486557, 0.4103465676307678
46, 26, 0.41417747735977173, 0.43612366914749146, 0.05089402198791504, 0.12016559392213821
46, 27, 0.4925328195095062, 0.5084869861602783, 0.10221447795629501, 0.6426723599433899
46, 28, 0.4220591187477112, 0.464031845331192, 0.15994685888290405, 0.11145173013210297
46, 29, 0.4961549639701843, 0.5135270357131958, 0.11263785511255264, 0.49979230761528015
46, 30, 0.4235922694206238, 0.46551185846328735, 0.17147058248519897, 0.13065674901008606
46, 31, 0.4961767792701721, 0.535151481628418, 0.08986427634954453, 0.6640105247497559
46, 32, 0.42363476753234863, 0.48135045170783997, 0.15626519918441772, 0.1983710527420044
47, 0, 0.4136958122253418, 0.4484110474586487, -0.2383711338043213, 0.990676760673523
47, 1, 0.4168948531150818, 0.4416481554508209, -0.2409364879131317, 0.9900407195091248
47, 2, 0.4192439913749695, 0.4414561688899994, -0.24095480144023895, 0.9885297417640686
47, 3, 0.42959579825401306, 0.44598591327667236, -0.24100646376609802, 0.9865667223930359
47, 4, 0.4102233052253723, 0.4403001666069031, -0.24247869849205017, 0.9938545227050781
47, 5, 0.4088345468044281, 0.44418635964393616, -0.24255076050758362, 0.9942527413368225
47, 6, 0.4072253108024597, 0.44298842549324036, -0.24261173605918884, 0.9948031306266785
47, 7, 0.42939192056655884, 0.4300381541252136, -0.21142283082008362, 0.9494948983192444
47, 8, 0.4053495526313782, 0.4240924119949341, -0.21735262870788574, 0.9909473061561584
47, 9, 0.41972237825393677, 0.44562312960624695, -0.22271676361560822, 0.9721507430076599
47, 10, 0.4130154550075531, 0.4441194236278534, -0.22440893948078156, 0.980369508266449
47, 11, 0.458711713552475, 0.415741890668869, -0.14747366309165955, 0.8997570872306824
47, 12, 0.389894962310791, 0.4067990481853485, -0.1638270616531372, 0.9781368374824524
47, 13, 0.49304309487342834, 0.4442105293273926, -0.1269151270389557, 0.928925633430481
47, 14, 0.36047041416168213, 0.4273103177547455, -0.12861493229866028, 0.8759524822235107
47, 15, 0.5122655630111694, 0.5218344926834106, -0.15288804471492767, 0.976637065410614
47, 16, 0.3534560203552246, 0.49383261799812317, -0.12587407231330872, 0.9755363464355469
47, 17, 0.5217738151550293, 0.5389026403427124, -0.1733105480670929, 0.9598041772842407
47, 18, 0.3491068482398987, 0.5116022229194641, -0.14375919103622437, 0.9729549288749695
47, 19, 0.512704074382782, 0.5444006323814392, -0.17652881145477295, 0.9592272043228149
47, 20, 0.355094313621521, 0.512440025806427, -0.14736294746398926, 0.9721559286117554
47, 21, 0.5077298283576965, 0.5377165079116821, -0.15585601329803467, 0.9138842821121216
47, 22, 0.3578164577484131, 0.5080878734588623, -0.12732282280921936, 0.9490259289741516
47, 23, 0.4525814950466156, 0.3612792193889618, -0.0049588363617658615, 0.974838376045227
47, 24, 0.41974329948425293, 0.35396531224250793, 0.004863029345870018, 0.9640753865242004
47, 25, 0.4599364399909973, 0.45665669441223145, 0.0534638948738575, 0.17085415124893188
47, 26, 0.41207534074783325, 0.44407981634140015, 0.06742292642593384, 0.10182884335517883
47, 27, 0.4780651926994324, 0.4869256019592285, 0.18842986226081848, 0.28463420271873474
47, 28, 0.4286784529685974, 0.4590854346752167, 0.1961335390806198, 0.06993792951107025
47, 29, 0.4802473187446594, 0.4875727891921997, 0.20311424136161804, 0.18673063814640045
47, 30, 0.4311648905277252, 0.4574871361255646, 0.21004274487495422, 0.06609956175088882
47, 31, 0.480787456035614, 0.51422119140625, 0.18979895114898682, 0.3040584921836853
47, 32, 0.4327736496925354, 0.47666171193122864, 0.19572016596794128, 0.12119491398334503
48, 0, 0.41815799474716187, 0.4533534646034241, -0.26557835936546326, 0.9986250400543213
48, 1, 0.4223457872867584, 0.44462281465530396, -0.2738207280635834, 0.9987186193466187
48, 2, 0.430838018655777, 0.44572341442108154, -0.27386265993118286, 0.9991331696510315
48, 3, 0.4331052899360657, 0.44556283950805664, -0.2739185690879822, 0.9989424347877502
48, 4, 0.4144667983055115, 0.4427047669887543, -0.27400296926498413, 0.999043881893158
48, 5, 0.41207486391067505, 0.4410760700702667, -0.2740634083747864, 0.9993591904640198
48, 6, 0.4071808457374573, 0.4441206753253937, -0.27408838272094727, 0.9990890026092529
48, 7, 0.43812042474746704, 0.4307827353477478, -0.26047930121421814, 0.9967340230941772
48, 8, 0.4032025933265686, 0.42601287364959717, -0.26099976897239685, 0.9985142350196838
48, 9, 0.42892155051231384, 0.4514094591140747, -0.2545768618583679, 0.9970991611480713
48, 10, 0.4161303639411926, 0.44658079743385315, -0.25457924604415894, 0.9965512752532959
48, 11, 0.46325403451919556, 0.415647029876709, -0.18598507344722748, 0.9849585294723511
48, 12, 0.3920597732067108, 0.3927300274372101, -0.19402284920215607, 0.9860966801643372
48, 13, 0.48714393377304077, 0.460099995136261, -0.14723527431488037, 0.8698392510414124
48, 14, 0.36067184805870056, 0.4225834310054779, -0.1508367657661438, 0.8930977582931519
48, 15, 0.5049172043800354, 0.5447091460227966, -0.169127956032753, 0.9765299558639526
48, 16, 0.35240495204925537, 0.48992931842803955, -0.14252376556396484, 0.9774749875068665
48, 17, 0.5109327435493469, 0.5678348541259766, -0.1908673793077469, 0.9733370542526245
48, 18, 0.3490399420261383, 0.5091773867607117, -0.16253158450126648, 0.9736440777778625
48, 19, 0.5022503733634949, 0.5721533894538879, -0.19555537402629852, 0.970986545085907
48, 20, 0.3555079698562622, 0.5126215219497681, -0.1703168898820877, 0.9715467691421509
48, 21, 0.498760461807251, 0.5637935400009155, -0.17236120998859406, 0.956257700920105
48, 22, 0.3615413308143616, 0.5164951086044312, -0.14616374671459198, 0.9583738446235657
48, 23, 0.45596033334732056, 0.35973677039146423, -0.004116324707865715, 0.995560884475708
48, 24, 0.4186086058616638, 0.3501710891723633, 0.00424133101478219, 0.9896594882011414
48, 25, 0.47037261724472046, 0.48394426703453064, 0.006035568658262491, 0.6726870536804199
48, 26, 0.41381508111953735, 0.45595118403434753, 0.04672455042600632, 0.5228955745697021
48, 27, 0.4764135479927063, 0.5644561052322388, 0.11480014026165009, 0.7347291111946106
48, 28, 0.42503589391708374, 0.5243093967437744, 0.16192328929901123, 0.5269847512245178
48, 29, 0.47820034623146057, 0.5738227963447571, 0.12687090039253235, 0.5421596765518188
48, 30, 0.4295778274536133, 0.5344556570053101, 0.1744016408920288, 0.36813127994537354
48, 31, 0.47195500135421753, 0.6030805706977844, 0.09435620158910751, 0.8566721081733704
48, 32, 0.4211583733558655, 0.5537107586860657, 0.14607647061347961, 0.684020459651947
49, 0, 0.41409412026405334, 0.4282795488834381, -0.23237445950508118, 0.9858232736587524
49, 1, 0.4165133833885193, 0.42283985018730164, -0.23708292841911316, 0.982611358165741
49, 2, 0.4243568480014801, 0.4309970736503601, -0.23709800839424133, 0.9808005094528198
49, 3, 0.4272623658180237, 0.42701923847198486, -0.23714467883110046, 0.9758002161979675
49, 4, 0.4101942181587219, 0.4215846061706543, -0.2380911111831665, 0.9904546141624451
49, 5, 0.4081660211086273, 0.4209146797657013, -0.23816318809986115, 0.9911032915115356
49, 6, 0.40612444281578064, 0.42020535469055176, -0.23823432624340057, 0.9922603964805603
49, 7, 0.4262872338294983, 0.41553348302841187, -0.2115176022052765, 0.9289550185203552
49, 8, 0.40346938371658325, 0.4099431037902832, -0.2152588665485382, 0.9869051575660706
49, 9, 0.41903790831565857, 0.4272913336753845, -0.21719689667224884, 0.9557749032974243
49, 10, 0.4123461842536926, 0.42570585012435913, -0.21834798157215118, 0.9714207649230957
49, 11, 0.45050159096717834, 0.40822121500968933, -0.15259556472301483, 0.8591529726982117
49, 12, 0.38542425632476807, 0.4019935131072998, -0.16249148547649384, 0.9651596546173096
49, 13, 0.48333054780960083, 0.44982054829597473, -0.13946473598480225, 0.9373596906661987
49, 14, 0.358816534280777, 0.4339103400707245, -0.13831371068954468, 0.7155599594116211
49, 15, 0.5021960735321045, 0.5168821811676025, -0.16883410513401031, 0.9771419167518616
49, 16, 0.3521946668624878, 0.49553602933883667, -0.14214681088924408, 0.9239261150360107
49, 17, 0.5115729570388794, 0.5350525975227356, -0.19041882455348969, 0.9583591818809509
49, 18, 0.3481125235557556, 0.5088803768157959, -0.16205283999443054, 0.9297491908073425
49, 19, 0.5042639374732971, 0.53934246301651, -0.19129373133182526, 0.9567081332206726
49, 20, 0.3541828393936157, 0.5114359259605408, -0.1642797291278839, 0.9271290302276611
49, 21, 0.499372661113739, 0.531343400478363, -0.17103078961372375, 0.9014798402786255
49, 22, 0.35669374465942383, 0.49973225593566895, -0.14354810118675232, 0.8688393831253052
49, 23, 0.44257038831710815, 0.36214679479599, -0.0047561549581587315, 0.9834483861923218
49, 24, 0.41288167238235474, 0.3552865982055664, 0.004607567563652992, 0.9695215821266174
49, 25, 0.44256263971328735, 0.43415167927742004, 0.08155276626348495, 0.090886190533638
49, 26, 0.40524014830589294, 0.42410823702812195, 0.08971090614795685, 0.08903636783361435
49, 27, 0.4570097327232361, 0.4505595862865448, 0.22646772861480713, 0.15322227776050568
49, 28, 0.41651660203933716, 0.4279773235321045, 0.22821462154388428, 0.04266098514199257
49, 29, 0.4584943652153015, 0.44931551814079285, 0.2428123950958252, 0.0870920866727829
49, 30, 0.4179005026817322, 0.4256613850593567, 0.2438943088054657, 0.04466429725289345
49, 31, 0.4604629874229431, 0.47329920530319214, 0.23628850281238556, 0.12652409076690674
49, 32, 0.4203522801399231, 0.4408745765686035, 0.2356168031692505, 0.056301407516002655
50, 0, 0.40894579887390137, 0.4389227032661438, -0.2599334716796875, 0.9992116689682007
50, 1, 0.41293129324913025, 0.4352564215660095, -0.25840747356414795, 0.9991244673728943
50, 2, 0.4147458076477051, 0.4360430836677551, -0.25844234228134155, 0.9985625147819519
50, 3, 0.41656142473220825, 0.4367194175720215, -0.2584826648235321, 0.9985994696617126
50, 4, 0.40773773193359375, 0.4320627450942993, -0.2607238292694092, 0.999574601650238
50, 5, 0.4061795175075531, 0.43077147006988525, -0.2608185112476349, 0.9995617270469666
50, 6, 0.40460214018821716, 0.4294582009315491, -0.26090309023857117, 0.9996392726898193
50, 7, 0.42231711745262146, 0.4303216338157654, -0.2179892510175705, 0.99631267786026
50, 8, 0.4031936228275299, 0.4179876446723938, -0.22762174904346466, 0.9993971586227417
50, 9, 0.4123895764350891, 0.4387182593345642, -0.24137410521507263, 0.9989995360374451
50, 10, 0.40710917115211487, 0.43523770570755005, -0.2440558224916458, 0.9993915557861328
50, 11, 0.44436293840408325, 0.4196667969226837, -0.15523111820220947, 0.9971075654029846
50, 12, 0.3835393190383911, 0.4038875699043274, -0.16439200937747955, 0.9997325539588928
50, 13, 0.4701848030090332, 0.4366571307182312, -0.14853112399578094, 0.8596670031547546
50, 14, 0.3577878475189209, 0.4253680408000946, -0.14250777661800385, 0.9513890147209167
50, 15, 0.4898684620857239, 0.470066100358963, -0.1858139932155609, 0.8794892430305481
50, 16, 0.35044360160827637, 0.48484644293785095, -0.15277116000652313, 0.9873237013816833
50, 17, 0.50059574842453, 0.476146399974823, -0.20483386516571045, 0.8032640814781189
50, 18, 0.3461834192276001, 0.49774032831192017, -0.1720469444990158, 0.984065592288971
50, 19, 0.4942948818206787, 0.4789774715900421, -0.21153640747070312, 0.7857987284660339
50, 20, 0.3453488349914551, 0.48526254296302795, -0.1759394258260727, 0.9815938472747803
50, 21, 0.48864927887916565, 0.47643691301345825, -0.1902206391096115, 0.6981102824211121
50, 22, 0.3499671518802643, 0.482563316822052, -0.1547272801399231, 0.96275395154953
50, 23, 0.4403840899467468, 0.37340402603149414, -0.010112582705914974, 0.999855637550354
50, 24, 0.41344889998435974, 0.3680685758590698, 0.010047540068626404, 0.9999301433563232
50, 25, 0.4480360150337219, 0.46074748039245605, 0.007922845892608166, 0.4039575457572937
50, 26, 0.4092026650905609, 0.4469819664955139, -0.01418315153568983, 0.29929107427597046
50, 27, 0.4712751507759094, 0.49936994910240173, 0.1091146245598793, 0.4662744700908661
50, 28, 0.4483567178249359, 0.48649951815605164, 0.05433965474367142, 0.331067830324173
50, 29, 0.47480565309524536, 0.5013422966003418, 0.11964217573404312, 0.3343164026737213
50, 30, 0.45628461241722107, 0.4865555763244629, 0.06039975956082344, 0.2848368287086487
50, 31, 0.4749777913093567, 0.5261716842651367, 0.10058631747961044, 0.5795424580574036
50, 32, 0.4528115689754486, 0.5151073932647705, 0.02943303808569908, 0.5089073777198792
51, 0, 0.41024884581565857, 0.43518078327178955, -0.21263882517814636, 0.9996161460876465
51, 1, 0.4138213098049164, 0.4321688413619995, -0.21494922041893005, 0.9997000694274902
51, 2, 0.415619432926178, 0.4326375424861908, -0.21495692431926727, 0.9995854496955872
51, 3, 0.4174138903617859, 0.4330675005912781, -0.21501424908638, 0.9995032548904419
51, 4, 0.40866199135780334, 0.4295071065425873, -0.2163965404033661, 0.9998167157173157
51, 5, 0.40709882974624634, 0.42838695645332336, -0.2164756953716278, 0.999811589717865
51, 6, 0.4055245518684387, 0.42726194858551025, -0.2165238857269287, 0.9998229146003723
51, 7, 0.4221768379211426, 0.42683911323547363, -0.1869073361158371, 0.9993515610694885
51, 8, 0.40325284004211426, 0.4171137809753418, -0.19282636046409607, 0.9998366832733154
51, 9, 0.41316643357276917, 0.4342189431190491, -0.1977546662092209, 0.999426007270813
51, 10, 0.40786880254745483, 0.43126484751701355, -0.19960521161556244, 0.999658465385437
51, 11, 0.43782371282577515, 0.42034783959388733, -0.12606649100780487, 0.9956185221672058
51, 12, 0.38406044244766235, 0.4039831757545471, -0.13670767843723297, 0.9993178844451904
51, 13, 0.4527079463005066, 0.43008744716644287, -0.07980261743068695, 0.4489111006259918
51, 14, 0.35412895679473877, 0.42868924140930176, -0.08214476704597473, 0.8656908869743347
51, 15, 0.46156221628189087, 0.45593973994255066, -0.06382828205823898, 0.49757280945777893
51, 16, 0.34560173749923706, 0.47914111614227295, -0.046501051634550095, 0.932212769985199
51, 17, 0.4690638482570648, 0.46107375621795654, -0.07279179245233536, 0.4454055726528168
51, 18, 0.33944952487945557, 0.48792460560798645, -0.05514539033174515, 0.9308403134346008
51, 19, 0.4638647437095642, 0.46047720313072205, -0.07989645004272461, 0.4347090423107147
51, 20, 0.34620463848114014, 0.4874311089515686, -0.06043880060315132, 0.9320643544197083
51, 21, 0.4595930576324463, 0.45763033628463745, -0.06656164675951004, 0.33738380670547485
51, 22, 0.34990522265434265, 0.4845641553401947, -0.047599922865629196, 0.8922032117843628
51, 23, 0.4291333258152008, 0.3877081274986267, -0.005203426815569401, 0.9998648166656494
51, 24, 0.4059086740016937, 0.379016250371933, 0.005191217176616192, 0.999923825263977
51, 25, 0.42348623275756836, 0.45297619700431824, 0.05782360956072807, 0.14768971502780914
51, 26, 0.3922309875488281, 0.4449250400066376, 0.0574532076716423, 0.16482296586036682
51, 27, 0.4361439347267151, 0.456775039434433, 0.17939455807209015, 0.195693701505661
51, 28, 0.42103180289268494, 0.4496956765651703, 0.17021065950393677, 0.16514024138450623
51, 29, 0.43918314576148987, 0.4538991153240204, 0.19309738278388977, 0.17221271991729736
51, 30, 0.4269019067287445, 0.44494786858558655, 0.18238750100135803, 0.1183881089091301
51, 31, 0.4364987313747406, 0.4753166735172272, 0.19371099770069122, 0.1732500195503235
51, 32, 0.4248785376548767, 0.47186025977134705, 0.1790117621421814, 0.12120514363050461
52, 0, 0.4024413526058197, 0.4334232807159424, -0.18767385184764862, 0.9996185302734375
52, 1, 0.4066045880317688, 0.43124061822891235, -0.18808098137378693, 0.999824583530426
52, 2, 0.40812110900878906, 0.43253016471862793, -0.1881132572889328, 0.9997085928916931
52, 3, 0.40961962938308716, 0.43374747037887573, -0.18817588686943054, 0.999767005443573
52, 4, 0.4023870825767517, 0.42594993114471436, -0.189509779214859, 0.999927282333374
52, 5, 0.4012557566165924, 0.423652321100235, -0.1895366907119751, 0.9998878240585327
52, 6, 0.4001048505306244, 0.42136356234550476, -0.18957071006298065, 0.9998959302902222
52, 7, 0.414445698261261, 0.42879292368888855, -0.1631677895784378, 0.999386191368103
52, 8, 0.399646520614624, 0.41037532687187195, -0.1691325455904007, 0.9999113082885742
52, 9, 0.40461406111717224, 0.4337444305419922, -0.17485311627388, 0.9996750354766846
52, 10, 0.4001847207546234, 0.4279751181602478, -0.17657606303691864, 0.9996809959411621
52, 11, 0.42444127798080444, 0.433414489030838, -0.11489211022853851, 0.9981927275657654
52, 12, 0.3877239227294922, 0.39665111899375916, -0.1255241483449936, 0.9990537762641907
52, 13, 0.4170014262199402, 0.4688715934753418, -0.11864615976810455, 0.8033757209777832
52, 14, 0.36210399866104126, 0.4258584678173065, -0.11733180284500122, 0.9547797441482544
52, 15, 0.39682459831237793, 0.4918854236602783, -0.1636258363723755, 0.9304044842720032
52, 16, 0.35092124342918396, 0.46567076444625854, -0.1462533324956894, 0.9787377119064331
52, 17, 0.39405614137649536, 0.5022100210189819, -0.18174326419830322, 0.8818770051002502
52, 18, 0.3540325164794922, 0.4667760133743286, -0.16496644914150238, 0.959079384803772
52, 19, 0.3897446095943451, 0.49669647216796875, -0.18969660997390747, 0.8752018213272095
52, 20, 0.35249003767967224, 0.47745105624198914, -0.16709116101264954, 0.9567505717277527
52, 21, 0.38955602049827576, 0.491655170917511, -0.16866207122802734, 0.8262397646903992
52, 22, 0.3535482883453369, 0.4756355285644531, -0.14826758205890656, 0.9382266998291016
52, 23, 0.42753419280052185, 0.3825826346874237, -0.0025760687422007322, 0.9999048709869385
52, 24, 0.407658189535141, 0.36763209104537964, 0.002560531022027135, 0.9999226331710815
52, 25, 0.4348674714565277, 0.44638732075691223, 0.027586262673139572, 0.29005974531173706
52, 26, 0.3950369954109192, 0.42847028374671936, 0.04074201360344887, 0.05037356913089752
52, 27, 0.4534772038459778, 0.4425686001777649, 0.11069376766681671, 0.11275077611207962
52, 28, 0.40751832723617554, 0.4150959551334381, 0.14800070226192474, 0.008870554156601429
52, 29, 0.45617905259132385, 0.43686655163764954, 0.1202625259757042, 0.14107757806777954
52, 30, 0.4094011187553406, 0.40921691060066223, 0.15906111896038055, 0.013925591483712196
52, 31, 0.4566384255886078, 0.46241050958633423, 0.12041451781988144, 0.20126968622207642
52, 32, 0.4103686213493347, 0.4259392321109772, 0.1655799299478531, 0.024262305349111557
53, 0, 0.40276163816452026, 0.43481186032295227, -0.1855187565088272, 0.9985523819923401
53, 1, 0.40571826696395874, 0.4347490072250366, -0.1861272156238556, 0.9993773102760315
53, 2, 0.406505286693573, 0.4357166588306427, -0.18615682423114777, 0.9990033507347107
53, 3, 0.4072919487953186, 0.4366092383861542, -0.1862388700246811, 0.999128520488739
53, 4, 0.40354815125465393, 0.43119698762893677, -0.1870870143175125, 0.9995891451835632
53, 5, 0.4029642939567566, 0.4296061098575592, -0.18710735440254211, 0.9993371367454529
53, 6, 0.4023669362068176, 0.4279946982860565, -0.1871284693479538, 0.9993553757667542
53, 7, 0.4098750650882721, 0.4325602352619171, -0.1599748283624649, 0.9977515339851379
53, 8, 0.4021938443183899, 0.4192047417163849, -0.1634603887796402, 0.9996261596679688
53, 9, 0.40313521027565, 0.43351614475250244, -0.17261135578155518, 0.9988960027694702
53, 10, 0.40090981125831604, 0.4292135536670685, -0.17364217340946198, 0.9988164901733398
53, 11, 0.4113544523715973, 0.4295065999031067, -0.11141940206289291, 0.9991881251335144
53, 12, 0.39304137229919434, 0.40586400032043457, -0.12167443335056305, 0.9987331032752991
53, 13, 0.3870294988155365, 0.4579313397407532, -0.11005149781703949, 0.6568763852119446
53, 14, 0.3757242262363434, 0.4365205466747284, -0.10180599987506866, 0.7958109974861145
53, 15, 0.36300382018089294, 0.4794512987136841, -0.1461034119129181, 0.7920531034469604
53, 16, 0.36577293276786804, 0.4703517556190491, -0.10712839663028717, 0.917668342590332
53, 17, 0.35917147994041443, 0.48726552724838257, -0.1621328443288803, 0.7861090898513794
53, 18, 0.3626920282840729, 0.4773273766040802, -0.12288596481084824, 0.8997756242752075
53, 19, 0.35724684596061707, 0.48327553272247314, -0.17388583719730377, 0.7834272384643555
53, 20, 0.36520564556121826, 0.47675812244415283, -0.12481151521205902, 0.8935100436210632
53, 21, 0.35493165254592896, 0.47506314516067505, -0.15281608700752258, 0.7518182396888733
53, 22, 0.36645960807800293, 0.47351396083831787, -0.10870220512151718, 0.8757919073104858
53, 23, 0.42099475860595703, 0.38035303354263306, -0.009622604586184025, 0.9999336004257202
53, 24, 0.41127514839172363, 0.3757290840148926, 0.009666254743933678, 0.9999446868896484
53, 25, 0.42271462082862854, 0.4484570026397705, 0.0133749321103096, 0.5655549764633179
53, 26, 0.40869492292404175, 0.44638505578041077, 0.03511849418282509, 0.055202558636665344
53, 27, 0.43813198804855347, 0.43375393748283386, 0.10440780967473984, 0.1764439344406128
53, 28, 0.4326270520687103, 0.42264193296432495, 0.09986615180969238, 0.019101222977042198
53, 29, 0.4396588206291199, 0.4246330261230469, 0.11524026095867157, 0.19243212044239044
53, 30, 0.434866726398468, 0.41291290521621704, 0.1066303476691246, 0.032028716057538986
53, 31, 0.4417468011379242, 0.4553520977497101, 0.11842701584100723, 0.21674707531929016
53, 32, 0.4402618408203125, 0.43734467029571533, 0.10467716306447983, 0.03436039760708809
54, 0, 0.3956408202648163, 0.43709245324134827, -0.18958084285259247, 0.9959514141082764
54, 1, 0.3997936248779297, 0.4362950623035431, -0.19093701243400574, 0.9974971413612366
54, 2, 0.4011771082878113, 0.4375344216823578, -0.1909721940755844, 0.9969382286071777
54, 3, 0.4025484621524811, 0.43868428468704224, -0.19104604423046112, 0.9971653819084167
54, 4, 0.3960070013999939, 0.43100595474243164, -0.1930953413248062, 0.9988923668861389
54, 5, 0.39517641067504883, 0.4287892282009125, -0.1931239664554596, 0.9987534284591675
54, 6, 0.3943304121494293, 0.4265579283237457, -0.19314678013324738, 0.9984241724014282
54, 7, 0.4075395166873932, 0.4341956377029419, -0.16900351643562317, 0.9933680891990662
54, 8, 0.3950701951980591, 0.4158417284488678, -0.1779547780752182, 0.9987803101539612
54, 9, 0.3979063332080841, 0.4365975558757782, -0.17758360505104065, 0.9942337870597839
54, 10, 0.3942582309246063, 0.43087705969810486, -0.18011707067489624, 0.9935551285743713
54, 11, 0.4157363772392273, 0.431701123714447, -0.12670224905014038, 0.9980171918869019
54, 12, 0.3848736882209778, 0.4003821015357971, -0.13525930047035217, 0.9975696206092834
54, 13, 0.40102314949035645, 0.4709618389606476, -0.12797415256500244, 0.980047881603241
54, 14, 0.3543861210346222, 0.4224778413772583, -0.11723528057336807, 0.9934799671173096
54, 15, 0.37105074524879456, 0.481972873210907, -0.1607576161623001, 0.9527257084846497
54, 16, 0.3494599759578705, 0.4643103778362274, -0.12569954991340637, 0.9862977266311646
54, 17, 0.365114688873291, 0.4879976809024811, -0.17579221725463867, 0.8538619875907898
54, 18, 0.3487282395362854, 0.46971309185028076, -0.13914300501346588, 0.9564110040664673
54, 19, 0.3626880347728729, 0.482196182012558, -0.18281377851963043, 0.816996157169342
54, 20, 0.352359414100647, 0.4692364037036896, -0.13806188106536865, 0.9413536190986633
54, 21, 0.3609912693500519, 0.47605985403060913, -0.16496068239212036, 0.8019854426383972
54, 22, 0.35283806920051575, 0.46908098459243774, -0.12515327334403992, 0.9132416844367981
54, 23, 0.4242618680000305, 0.3782620429992676, -0.010435232892632484, 0.9995827078819275
54, 24, 0.4075799882411957, 0.369637131690979, 0.010555353946983814, 0.9992813467979431
54, 25, 0.43839460611343384, 0.43275564908981323, 0.011129463091492653, 0.6580008864402771
54, 26, 0.41089433431625366, 0.422309547662735, 0.055336274206638336, 0.016610171645879745
54, 27, 0.46428149938583374, 0.42954808473587036, 0.09607598185539246, 0.2543012201786041
54, 28, 0.43466371297836304, 0.40394484996795654, 0.13446535170078278, 0.005343934986740351
54, 29, 0.46755450963974, 0.4214492738246918, 0.1058632954955101, 0.3557851016521454
54, 30, 0.43761855363845825, 0.3955465853214264, 0.14182411134243011, 0.009596568532288074
54, 31, 0.469806969165802, 0.4516007602214813, 0.1125018373131752, 0.288333535194397
54, 32, 0.4423777461051941, 0.41485723853111267, 0.1458015739917755, 0.012525372207164764
55, 0, 0.3919553756713867, 0.42981892824172974, -0.20611879229545593, 0.9999524354934692
55, 1, 0.39558249711990356, 0.4252101480960846, -0.20773272216320038, 0.999968409538269
55, 2, 0.39735084772109985, 0.4258330464363098, -0.2077825516462326, 0.9999628067016602
55, 3, 0.3990994989871979, 0.42639052867889404, -0.2078661173582077, 0.9999653100967407
55, 4, 0.3909868597984314, 0.42154404520988464, -0.2095552682876587, 0.9999744892120361
55, 5, 0.38982442021369934, 0.41974809765815735, -0.20956847071647644, 0.9999700784683228
55, 6, 0.38866692781448364, 0.41790974140167236, -0.20957079529762268, 0.9999659061431885
55, 7, 0.40500012040138245, 0.4215022921562195, -0.18581712245941162, 0.999947190284729
55, 8, 0.3898715078830719, 0.40849441289901733, -0.19332660734653473, 0.9999754428863525
55, 9, 0.3961361050605774, 0.4296976625919342, -0.1937968134880066, 0.9999182224273682
55, 10, 0.3910042643547058, 0.4258311092853546, -0.1958632916212082, 0.999879002571106
55, 11, 0.419154554605484, 0.424420028924942, -0.1357976794242859, 0.9999449253082275
55, 12, 0.38541921973228455, 0.3987906873226166, -0.1536562293767929, 0.9995550513267517
55, 13, 0.41374653577804565, 0.4665258228778839, -0.13443292677402496, 0.9988904595375061
55, 14, 0.3559398353099823, 0.42399585247039795, -0.15024390816688538, 0.9996795654296875
55, 15, 0.38664671778678894, 0.47014907002449036, -0.16642244160175323, 0.9950850605964661
55, 16, 0.3499170243740082, 0.4383690655231476, -0.17367906868457794, 0.9970622658729553
55, 17, 0.3807445764541626, 0.47816962003707886, -0.18230408430099487, 0.9687624573707581
55, 18, 0.3467103838920593, 0.44471481442451477, -0.19094344973564148, 0.9700191020965576
55, 19, 0.3783409893512726, 0.47110092639923096, -0.18776507675647736, 0.9539667963981628
55, 20, 0.34957775473594666, 0.44359290599823, -0.18862901628017426, 0.9540145397186279
55, 21, 0.37926149368286133, 0.4676615297794342, -0.16958226263523102, 0.9074100255966187
55, 22, 0.35108962655067444, 0.44274911284446716, -0.1730196326971054, 0.9420533180236816
55, 23, 0.4204203188419342, 0.3837834596633911, 0.002553749131038785, 0.9999915361404419
55, 24, 0.39908257126808167, 0.37526214122772217, -0.00255667045712471, 0.9999741315841675
55, 25, 0.43792495131492615, 0.4185582995414734, 0.07358452677726746, 0.37221410870552063
55, 26, 0.38852569460868835, 0.42077386379241943, 0.08443301916122437, 0.06324662268161774
55, 27, 0.45167025923728943, 0.41794654726982117, 0.20150187611579895, 0.21625608205795288
55, 28, 0.39224720001220703, 0.4100128710269928, 0.2130187451839447, 0.03772066533565521
55, 29, 0.45366817712783813, 0.4146167039871216, 0.21537259221076965, 0.3752169907093048
55, 30, 0.3928513526916504, 0.4049520790576935, 0.2258017361164093, 0.07065625488758087
55, 31, 0.4560142159461975, 0.431520938873291, 0.21998688578605652, 0.11502248048782349
55, 32, 0.39520078897476196, 0.4198214113712311, 0.23389634490013123, 0.037482574582099915
56, 0, 0.3913607597351074, 0.4189777374267578, -0.21312515437602997, 0.999779999256134
56, 1, 0.3960314393043518, 0.4123132824897766, -0.21590939164161682, 0.9997057318687439
56, 2, 0.39792394638061523, 0.4135093688964844, -0.2159450352191925, 0.9997594952583313
56, 3, 0.3998008072376251, 0.41461244225502014, -0.21601709723472595, 0.9997190833091736
56, 4, 0.3908657729625702, 0.40671399235725403, -0.21762152016162872, 0.9998113512992859
56, 5, 0.3895420730113983, 0.40437525510787964, -0.21765629947185516, 0.9998526573181152
56, 6, 0.38822636008262634, 0.4019932746887207, -0.21767623722553253, 0.9997907280921936
56, 7, 0.4059113562107086, 0.411404550075531, -0.1953069269657135, 0.9993032217025757
56, 8, 0.38903647661209106, 0.3926598131656647, -0.20207121968269348, 0.9997488856315613
56, 9, 0.3955336809158325, 0.4220448434352875, -0.2008207142353058, 0.9995009899139404
56, 10, 0.3899177610874176, 0.4164087176322937, -0.20272889733314514, 0.9991563558578491
56, 11, 0.4204029142856598, 0.42436110973358154, -0.15139368176460266, 0.9994072914123535
56, 12, 0.38248658180236816, 0.3852928578853607, -0.16185417771339417, 0.9991432428359985
56, 13, 0.423530250787735, 0.47320055961608887, -0.16062793135643005, 0.9994783997535706
56, 14, 0.3476683795452118, 0.40342891216278076, -0.16625119745731354, 0.9999682903289795
56, 15, 0.4019691050052643, 0.4725504219532013, -0.19650302827358246, 0.992387056350708
56, 16, 0.3451896607875824, 0.4353598356246948, -0.18562695384025574, 0.9989026784896851
56, 17, 0.3962128162384033, 0.477639377117157, -0.2083190381526947, 0.9486913681030273
56, 18, 0.34170886874198914, 0.4454652667045593, -0.19856995344161987, 0.9856824278831482
56, 19, 0.3950522541999817, 0.46871379017829895, -0.20779533684253693, 0.9158691763877869
56, 20, 0.34633761644363403, 0.4426476061344147, -0.19361218810081482, 0.9741570949554443
56, 21, 0.39614197611808777, 0.4668855369091034, -0.19641853868961334, 0.8275090456008911
56, 22, 0.3478905260562897, 0.44101575016975403, -0.18308785557746887, 0.958093523979187
56, 23, 0.42130500078201294, 0.3814893066883087, -0.0014577456749975681, 0.9998878240585327
56, 24, 0.40120869874954224, 0.36609357595443726, 0.0014291288098320365, 0.9997956156730652
56, 25, 0.4347885251045227, 0.41281893849372864, 0.077583447098732, 0.11167600005865097
56, 26, 0.402545690536499, 0.39623403549194336, 0.09443733841180801, 0.02796216681599617
56, 27, 0.4533548951148987, 0.4136042594909668, 0.19745513796806335, 0.05320348963141441
56, 28, 0.41074711084365845, 0.3838346600532532, 0.21096043288707733, 0.016852283850312233
56, 29, 0.45694541931152344, 0.40802425146102905, 0.21113041043281555, 0.21826158463954926
56, 30, 0.412752240896225, 0.377678245306015, 0.2234009951353073, 0.059238798916339874
56, 31, 0.4570503830909729, 0.429347962141037, 0.22983141243457794, 0.020343022421002388
56, 32, 0.4134320616722107, 0.3924929201602936, 0.24080534279346466, 0.013660998083651066
57, 0, 0.39618006348609924, 0.42146119475364685, -0.20686426758766174, 0.9990039467811584
57, 1, 0.4004155695438385, 0.4163133502006531, -0.21025630831718445, 0.9988431930541992
57, 2, 0.40215498208999634, 0.41735130548477173, -0.2102992832660675, 0.9990000128746033
57, 3, 0.4038892686367035, 0.41828614473342896, -0.21037176251411438, 0.9989410042762756
57, 4, 0.3954818546772003, 0.411274254322052, -0.21143433451652527, 0.9992522597312927
57, 5, 0.39415815472602844, 0.40914538502693176, -0.21146778762340546, 0.9993311166763306
57, 6, 0.3928302228450775, 0.40696266293525696, -0.21149508655071259, 0.999221920967102
57, 7, 0.4092214107513428, 0.4143011271953583, -0.19223763048648834, 0.9977535605430603
57, 8, 0.3928225040435791, 0.39719608426094055, -0.19694805145263672, 0.9990065693855286
57, 9, 0.39957231283187866, 0.42317211627960205, -0.19584020972251892, 0.998308539390564
57, 10, 0.3942750096321106, 0.41802775859832764, -0.19714201986789703, 0.9971475005149841
57, 11, 0.42230910062789917, 0.4218112826347351, -0.1483662724494934, 0.9972946047782898
57, 12, 0.38489869236946106, 0.3885266184806824, -0.15794752538204193, 0.9965736865997314
57, 13, 0.4288620054721832, 0.4621192216873169, -0.15386687219142914, 0.9983488321304321
57, 14, 0.356334388256073, 0.4042576253414154, -0.1611413210630417, 0.9996416568756104
57, 15, 0.4184442460536957, 0.4652307629585266, -0.18465590476989746, 0.9859241843223572
57, 16, 0.35018742084503174, 0.4284757077693939, -0.1792779117822647, 0.9956564903259277
57, 17, 0.4168547987937927, 0.47002699971199036, -0.1969299167394638, 0.9434158802032471
57, 18, 0.3459053337574005, 0.43534648418426514, -0.1941051483154297, 0.972850501537323
57, 19, 0.415397971868515, 0.46406465768814087, -0.1979295164346695, 0.9107771515846252
57, 20, 0.3500060439109802, 0.4338918924331665, -0.1906420737504959, 0.9549875855445862
57, 21, 0.4148426651954651, 0.4616827964782715, -0.18531730771064758, 0.7906012535095215
57, 22, 0.35207414627075195, 0.4329676032066345, -0.17793089151382446, 0.925857424736023
57, 23, 0.4224686026573181, 0.38304170966148376, 0.0009788533207029104, 0.999783456325531
57, 24, 0.40324902534484863, 0.37001943588256836, -0.001009084633551538, 0.9995856881141663
57, 25, 0.43400368094444275, 0.416061669588089, 0.07829871773719788, 0.07436887174844742
57, 26, 0.3985496163368225, 0.4028363823890686, 0.08263078331947327, 0.06612823903560638
57, 27, 0.4484574794769287, 0.41557982563972473, 0.1965959370136261, 0.06400109827518463
57, 28, 0.404296338558197, 0.38724127411842346, 0.19657672941684723, 0.02911156602203846
57, 29, 0.4508870244026184, 0.40948760509490967, 0.21004804968833923, 0.21557338535785675
57, 30, 0.40582260489463806, 0.38019368052482605, 0.2087360918521881, 0.0702609121799469
57, 31, 0.4529906213283539, 0.4321330189704895, 0.22191087901592255, 0.019563136622309685
57, 32, 0.4061681628227234, 0.3963414430618286, 0.2191263735294342, 0.015613564290106297
58, 0, 0.39032143354415894, 0.42569735646247864, -0.20899558067321777, 0.9979090690612793
58, 1, 0.39449018239974976, 0.41847890615463257, -0.21172329783439636, 0.9990758895874023
58, 2, 0.3962949216365814, 0.4184257388114929, -0.21176496148109436, 0.9988177418708801
58, 3, 0.39807796478271484, 0.41834408044815063, -0.21182158589363098, 0.9989284873008728
58, 4, 0.3895118832588196, 0.4169566333293915, -0.21377353370189667, 0.9990542531013489
58, 5, 0.3878900706768036, 0.41578641533851624, -0.21378712356090546, 0.9987817406654358
58, 6, 0.38626158237457275, 0.41461092233657837, -0.21376831829547882, 0.9988905787467957
58, 7, 0.40240588784217834, 0.41178590059280396, -0.19106566905975342, 0.9986932873725891
58, 8, 0.38504067063331604, 0.4057011008262634, -0.2001570761203766, 0.9994640946388245
58, 9, 0.39305445551872253, 0.4254164695739746, -0.1971178650856018, 0.9990680813789368
58, 10, 0.38709282875061035, 0.42352956533432007, -0.19974130392074585, 0.9986457228660583
58, 11, 0.4097259044647217, 0.4191698431968689, -0.13382010161876678, 0.9989829659461975
58, 12, 0.3749343156814575, 0.40280991792678833, -0.1570948213338852, 0.9960924983024597
58, 13, 0.4033621847629547, 0.4603095054626465, -0.11575593054294586, 0.8613662123680115
58, 14, 0.35942113399505615, 0.4491610527038574, -0.13368076086044312, 0.994877815246582
58, 15, 0.38739636540412903, 0.48408496379852295, -0.14410826563835144, 0.9416343569755554
58, 16, 0.35247889161109924, 0.48486077785491943, -0.13966871798038483, 0.9947348833084106
58, 17, 0.38687124848365784, 0.49519598484039307, -0.1599653959274292, 0.8816375732421875
58, 18, 0.34809213876724243, 0.4974037706851959, -0.1582329273223877, 0.9787026047706604
58, 19, 0.38269564509391785, 0.4921228587627411, -0.16936837136745453, 0.8773654103279114
58, 20, 0.3527109920978546, 0.49551549553871155, -0.15953655540943146, 0.9759300947189331
58, 21, 0.3816668391227722, 0.48641619086265564, -0.149239182472229, 0.7896390557289124
58, 22, 0.3548266291618347, 0.49094659090042114, -0.1411675363779068, 0.9580073356628418
58, 23, 0.40417855978012085, 0.38346946239471436, 0.006342834793031216, 0.9999088048934937
58, 24, 0.3887137174606323, 0.37535884976387024, -0.006274341139942408, 0.9998434782028198
58, 25, 0.41568660736083984, 0.43261656165122986, 0.07895135134458542, 0.06958013772964478
58, 26, 0.39267706871032715, 0.4355188012123108, 0.06169186905026436, 0.2761113941669464
58, 27, 0.411332905292511, 0.42789095640182495, 0.21579483151435852, 0.01991952769458294
58, 28, 0.3932938873767853, 0.4360613226890564, 0.20682497322559357, 0.03140890225768089
58, 29, 0.40983763337135315, 0.42223548889160156, 0.23083385825157166, 0.02725900337100029
58, 30, 0.392762690782547, 0.4292672574520111, 0.2219463586807251, 0.030102744698524475
58, 31, 0.41012024879455566, 0.44458988308906555, 0.22786104679107666, 0.06688671559095383
58, 32, 0.39330872893333435, 0.4551163911819458, 0.22103631496429443, 0.06868497282266617
59, 0, 0.3906688094139099, 0.4285739064216614, -0.21524131298065186, 0.9989571571350098
59, 1, 0.39476078748703003, 0.42096787691116333, -0.2185710221529007, 0.9995315074920654
59, 2, 0.3966313898563385, 0.4208120107650757, -0.21862705051898956, 0.9994872808456421
59, 3, 0.39848005771636963, 0.42060598731040955, -0.2187102735042572, 0.9994528889656067
59, 4, 0.38956835865974426, 0.41966140270233154, -0.22034096717834473, 0.9994781613349915
59, 5, 0.38794293999671936, 0.4185005724430084, -0.220349982380867, 0.9993748068809509
59, 6, 0.38630372285842896, 0.4173182249069214, -0.22033047676086426, 0.9993649125099182
59, 7, 0.40284544229507446, 0.41353002190589905, -0.19938121736049652, 0.9992055296897888
59, 8, 0.3849869668483734, 0.4081026613712311, -0.20660510659217834, 0.9996663331985474
59, 9, 0.39353233575820923, 0.4279487729072571, -0.20335760712623596, 0.9995105266571045
59, 10, 0.387368768453598, 0.426107794046402, -0.20539017021656036, 0.9992567896842957
59, 11, 0.41219282150268555, 0.41872045397758484, -0.13857576251029968, 0.9993553757667542
59, 12, 0.3737086355686188, 0.4064827859401703, -0.16277152299880981, 0.9949471354484558
59, 13, 0.4103769361972809, 0.46367883682250977, -0.11715283244848251, 0.9566627144813538
59, 14, 0.35635536909103394, 0.45273733139038086, -0.14002160727977753, 0.9966748952865601
59, 15, 0.3954443335533142, 0.49029240012168884, -0.14496773481369019, 0.9727775454521179
59, 16, 0.3490956425666809, 0.4875793755054474, -0.15064863860607147, 0.995999813079834
59, 17, 0.3945004343986511, 0.5031734704971313, -0.1615375280380249, 0.9082874059677124
59, 18, 0.34351295232772827, 0.5008624196052551, -0.1705504208803177, 0.9771048426628113
59, 19, 0.3899464011192322, 0.5004405975341797, -0.17086699604988098, 0.8896500468254089
59, 20, 0.34843817353248596, 0.49909549951553345, -0.1706552952528, 0.9714846611022949
59, 21, 0.3889108896255493, 0.4945349097251892, -0.14994414150714874, 0.8085612058639526
59, 22, 0.35092198848724365, 0.4945703148841858, -0.15133026242256165, 0.9511768221855164
59, 23, 0.40646371245384216, 0.38559168577194214, 0.005554537288844585, 0.9999723434448242
59, 24, 0.38718366622924805, 0.3824745714664459, -0.005425531417131424, 0.9999380111694336
59, 25, 0.42583197355270386, 0.42803293466567993, 0.0782402828335762, 0.10354077816009521
59, 26, 0.39362287521362305, 0.4425470232963562, 0.06836993992328644, 0.34930992126464844
59, 27, 0.4247682988643646, 0.4343772530555725, 0.22768965363502502, 0.033205755054950714
59, 28, 0.391740083694458, 0.44329673051834106, 0.21159641444683075, 0.038175068795681
59, 29, 0.42305976152420044, 0.43042707443237305, 0.24422207474708557, 0.045509885996580124
59, 30, 0.38980159163475037, 0.43639156222343445, 0.22635586559772491, 0.04417598247528076
59, 31, 0.4268523156642914, 0.4541911780834198, 0.24490511417388916, 0.07729239761829376
59, 32, 0.3951852023601532, 0.4616454541683197, 0.22713962197303772, 0.08072536438703537
60, 0, 0.3836197555065155, 0.41983020305633545, -0.20387336611747742, 0.9999669790267944
60, 1, 0.3879389464855194, 0.4150685966014862, -0.20914408564567566, 0.9999854564666748
60, 2, 0.38987067341804504, 0.41595298051834106, -0.2091781347990036, 0.9999816417694092
60, 3, 0.3917902708053589, 0.41676899790763855, -0.20924246311187744, 0.9999843835830688
60, 4, 0.38290849328041077, 0.41054004430770874, -0.2100856602191925, 0.9999868869781494
60, 5, 0.38155367970466614, 0.408399760723114, -0.21011343598365784, 0.9999840259552002
60, 6, 0.38019800186157227, 0.4062056541442871, -0.2101220190525055, 0.9999868869781494
60, 7, 0.397884726524353, 0.41219422221183777, -0.20025280117988586, 0.9999746084213257
60, 8, 0.38121646642684937, 0.39619991183280945, -0.20369163155555725, 0.9999860525131226
60, 9, 0.38773053884506226, 0.42112433910369873, -0.19628295302391052, 0.9999785423278809
60, 10, 0.3819291591644287, 0.41613349318504333, -0.1972346156835556, 0.9999676942825317
60, 11, 0.411349356174469, 0.41692209243774414, -0.15535591542720795, 0.9999113082885742
60, 12, 0.37675371766090393, 0.38380399346351624, -0.15999166667461395, 0.9998113512992859
60, 13, 0.4120004177093506, 0.4496372938156128, -0.1394347995519638, 0.9948624968528748
60, 14, 0.35118377208709717, 0.3958505392074585, -0.14311818778514862, 0.9998410940170288
60, 15, 0.3997648060321808, 0.46072256565093994, -0.15874341130256653, 0.9793278574943542
60, 16, 0.34376925230026245, 0.42637383937835693, -0.16241033375263214, 0.9997569918632507
60, 17, 0.39877447485923767, 0.46619850397109985, -0.1770847588777542, 0.9460347890853882
60, 18, 0.33962470293045044, 0.4343428611755371, -0.18167760968208313, 0.9982681274414062
60, 19, 0.39700931310653687, 0.46217596530914307, -0.18415571749210358, 0.929792046546936
60, 20, 0.34296169877052307, 0.43481382727622986, -0.1845066100358963, 0.9973546266555786
60, 21, 0.3962336480617523, 0.45968279242515564, -0.16233935952186584, 0.8543688058853149
60, 22, 0.3446425199508667, 0.4335547983646393, -0.16384883224964142, 0.9959278702735901
60, 23, 0.4155493676662445, 0.37368205189704895, -0.0062644146382808685, 0.9999984502792358
60, 24, 0.3945356011390686, 0.35777705907821655, 0.0063847266137599945, 0.9999914169311523
60, 25, 0.43812933564186096, 0.40574759244918823, 0.06436251103878021, 0.9515140652656555
60, 26, 0.38595670461654663, 0.38519370555877686, 0.10804067552089691, 0.08831378072500229
60, 27, 0.45243772864341736, 0.4101189970970154, 0.19346481561660767, 0.8970422148704529
60, 28, 0.3880619704723358, 0.3833722472190857, 0.2550700306892395, 0.12638337910175323
60, 29, 0.4542057514190674, 0.4071173071861267, 0.20740394294261932, 0.9373862743377686
60, 30, 0.3879907429218292, 0.3795449435710907, 0.2695775330066681, 0.17212632298469543
60, 31, 0.45716696977615356, 0.4234488904476166, 0.20322367548942566, 0.4614969491958618
60, 32, 0.3899011015892029, 0.39437592029571533, 0.2674424648284912, 0.05096996948122978
61, 0, 0.39708301424980164, 0.41411861777305603, 0.018358342349529266, 0.8195516467094421
61, 1, 0.39797747135162354, 0.4147753417491913, 0.015732763335108757, 0.879766583442688
61, 2, 0.3981223702430725, 0.41472864151000977, 0.015707487240433693, 0.8878811597824097
61, 3, 0.3982655107975006, 0.41462698578834534, 0.015576166100800037, 0.8712297677993774
61, 4, 0.3976704478263855, 0.41457027196884155, 0.016046922653913498, 0.9024319648742676
61, 5, 0.3974103331565857, 0.41422373056411743, 0.01601804420351982, 0.9252108335494995
61, 6, 0.39711469411849976, 0.41384387016296387, 0.015939926728606224, 0.9219815135002136
61, 7, 0.3973506689071655, 0.41070908308029175, 0.006799689028412104, 0.8672250509262085
61, 8, 0.3963582515716553, 0.40940165519714355, 0.009841933846473694, 0.960304319858551
61, 9, 0.3961174488067627, 0.4109223186969757, 0.016298141330480576, 0.8847410082817078
61, 10, 0.3956547975540161, 0.41034364700317383, 0.01713012158870697, 0.9147500991821289
61, 11, 0.39057472348213196, 0.399383008480072, 0.004617032594978809, 0.9938908815383911
61, 12, 0.3940553367137909, 0.3968929648399353, -0.0018849686020985246, 0.9973936080932617
61, 13, 0.3726400136947632, 0.40011316537857056, 0.03247448801994324, 0.10450132191181183
61, 14, 0.4044261872768402, 0.4011502265930176, 0.03519076481461525, 0.039704665541648865
61, 15, 0.36766892671585083, 0.4109864830970764, 0.048109110444784164, 0.03618163987994194
61, 16, 0.4144553542137146, 0.4108303487300873, 0.06542035937309265, 0.025984371080994606
61, 17, 0.368308424949646, 0.4143916666507721, 0.045676637440919876, 0.03480390086770058
61, 18, 0.4170207977294922, 0.4158041775226593, 0.06768392771482468, 0.029304275289177895
61, 19, 0.36741065979003906, 0.4155300259590149, 0.043830618262290955, 0.04258847236633301
61, 20, 0.4180695414543152, 0.4151456952095032, 0.06312894821166992, 0.03511045128107071
61, 21, 0.3673049807548523, 0.4137568175792694, 0.047359649091959, 0.03214240074157715
61, 22, 0.41631659865379333, 0.4142535328865051, 0.0641990527510643, 0.04400220885872841
61, 23, 0.3943030834197998, 0.37563323974609375, 0.004505756311118603, 0.9998910427093506
61, 24, 0.39214959740638733, 0.37844374775886536, -0.004633320961147547, 0.9999473094940186
61, 25, 0.4005211889743805, 0.4266212582588196, 0.08706171065568924, 0.4463275372982025
61, 26, 0.38343334197998047, 0.4421183168888092, 0.07801437377929688, 0.2634091377258301
61, 27, 0.399971604347229, 0.4229426383972168, 0.18275266885757446, 0.19126521050930023
61, 28, 0.39224758744239807, 0.43565770983695984, 0.18416759371757507, 0.23401029407978058
61, 29, 0.39975643157958984, 0.41611388325691223, 0.1938045769929886, 0.2677566707134247
61, 30, 0.392034649848938, 0.4276866614818573, 0.196028932929039, 0.1980273425579071
61, 31, 0.40466365218162537, 0.4399496614933014, 0.18956105411052704, 0.15651507675647736
61, 32, 0.3953992426395416, 0.45371586084365845, 0.19212035834789276, 0.1360110491514206
62, 0, 0.39705735445022583, 0.41936472058296204, -0.0146755650639534, 0.8702512979507446
62, 1, 0.39648324251174927, 0.4219573438167572, -0.018230797722935677, 0.8656700849533081
62, 2, 0.39615774154663086, 0.4223172068595886, -0.01824011653661728, 0.882165253162384
62, 3, 0.39583855867385864, 0.4226249158382416, -0.01837386004626751, 0.8876559734344482
62, 4, 0.39747774600982666, 0.42104578018188477, -0.01757862977683544, 0.9013505578041077
62, 5, 0.39766713976860046, 0.4206654727458954, -0.017601143568754196, 0.9181756377220154
62, 6, 0.3978278636932373, 0.42023739218711853, -0.01766032911837101, 0.9139778017997742
62, 7, 0.39489084482192993, 0.4205479621887207, -0.023932116106152534, 0.8848598599433899
62, 8, 0.39837631583213806, 0.4172438383102417, -0.01927037723362446, 0.9607789516448975
62, 9, 0.39608675241470337, 0.41717496514320374, -0.014722536318004131, 0.8553073406219482
62, 10, 0.3972681760787964, 0.4161859154701233, -0.013516811653971672, 0.8944849967956543
62, 11, 0.3880690932273865, 0.41575509309768677, -0.022992443293333054, 0.9953579306602478
62, 12, 0.4032655358314514, 0.4026813805103302, -0.017254775390028954, 0.9966386556625366
62, 13, 0.35833027958869934, 0.4337708353996277, -0.002186591736972332, 0.5413951277732849
62, 14, 0.41721096634864807, 0.39939531683921814, 0.050263095647096634, 0.01288609765470028
62, 15, 0.34211957454681396, 0.4696202278137207, 0.015417749062180519, 0.2128177136182785
62, 16, 0.4221230149269104, 0.4147610664367676, 0.11010479927062988, 0.016383273527026176
62, 17, 0.3399248719215393, 0.4830503761768341, 0.014414383098483086, 0.1566247045993805
62, 18, 0.422670841217041, 0.42025062441825867, 0.11847665160894394, 0.022854534909129143
62, 19, 0.3394296169281006, 0.4827437400817871, 0.012388980016112328, 0.18747323751449585
62, 20, 0.42387476563453674, 0.4220048785209656, 0.1149025559425354, 0.026417700573801994
62, 21, 0.3405091464519501, 0.4771694242954254, 0.014487223699688911, 0.14165551960468292
62, 22, 0.42284902930259705, 0.4206554889678955, 0.11030212789773941, 0.02743183821439743
62, 23, 0.3957575559616089, 0.3763962686061859, 0.00040482840267941356, 0.9998400211334229
62, 24, 0.39845040440559387, 0.3748360574245453, -0.0005425952840596437, 0.9999380111694336
62, 25, 0.39749836921691895, 0.4109905958175659, 0.10070723295211792, 0.24781478941440582
62, 26, 0.38386857509613037, 0.42930078506469727, 0.09569498151540756, 0.12321387976408005
62, 27, 0.3977435827255249, 0.4165390729904175, 0.2150452435016632, 0.07789526134729385
62, 28, 0.3933253586292267, 0.4266422986984253, 0.20608516037464142, 0.12042274326086044
62, 29, 0.39757049083709717, 0.4142443835735321, 0.22832444310188293, 0.12055008858442307
62, 30, 0.3938034176826477, 0.42056336998939514, 0.21845217049121857, 0.12436732649803162
62, 31, 0.40146929025650024, 0.42749226093292236, 0.22330375015735626, 0.06999055296182632
62, 32, 0.3957361876964569, 0.4386008381843567, 0.2128811776638031, 0.07137268036603928
63, 0, 0.38847851753234863, 0.4232080578804016, -0.17098183929920197, 0.9734304547309875
63, 1, 0.38787323236465454, 0.4270893633365631, -0.17571638524532318, 0.9750123023986816
63, 2, 0.38734203577041626, 0.4279376268386841, -0.17575448751449585, 0.9784745573997498
63, 3, 0.38682350516319275, 0.42873048782348633, -0.17582912743091583, 0.9742927551269531
63, 4, 0.3896090090274811, 0.4250648617744446, -0.17758317291736603, 0.9862318634986877
63, 5, 0.39015746116638184, 0.4241701364517212, -0.17764073610305786, 0.9891841411590576
63, 6, 0.39068782329559326, 0.4232630133628845, -0.17770205438137054, 0.9828747510910034
63, 7, 0.38622379302978516, 0.42836201190948486, -0.16026628017425537, 0.978438138961792
63, 8, 0.3922067880630493, 0.42102429270744324, -0.16912993788719177, 0.9961001873016357
63, 9, 0.38761472702026367, 0.4213080406188965, -0.16059628129005432, 0.9869693517684937
63, 10, 0.38905707001686096, 0.4184671640396118, -0.16323108971118927, 0.9885503649711609
63, 11, 0.3787946105003357, 0.42411813139915466, -0.11891432106494904, 0.9991034865379333
63, 12, 0.3985990583896637, 0.41269174218177795, -0.131344735622406, 0.9984403252601624
63, 13, 0.34889131784439087, 0.4447368085384369, -0.11688438802957535, 0.7911431789398193
63, 14, 0.4014724791049957, 0.4195249378681183, -0.09897041320800781, 0.18904542922973633
63, 15, 0.33809077739715576, 0.48389312624931335, -0.14555872976779938, 0.9027689695358276
63, 16, 0.40571898221969604, 0.43513599038124084, -0.08954308182001114, 0.34955736994743347
63, 17, 0.3349660634994507, 0.4978511929512024, -0.15918320417404175, 0.8552789688110352
63, 18, 0.4080982208251953, 0.4397261440753937, -0.09740592539310455, 0.3890945017337799
63, 19, 0.3367239832878113, 0.49788588285446167, -0.16333341598510742, 0.8623332381248474
63, 20, 0.4072331488132477, 0.4398046135902405, -0.10339806228876114, 0.4088210463523865
63, 21, 0.3382817506790161, 0.49180543422698975, -0.1487584412097931, 0.8076730966567993
63, 22, 0.4054180979728699, 0.4374789297580719, -0.09195270389318466, 0.3739318549633026
63, 23, 0.39484116435050964, 0.36625462770462036, 0.003739462699741125, 0.9999173879623413
63, 24, 0.40477123856544495, 0.37165582180023193, -0.0036232955753803253, 0.9999589920043945
63, 25, 0.39485257863998413, 0.4173310697078705, 0.0946827232837677, 0.10283101350069046
63, 26, 0.3923923373222351, 0.44399696588516235, 0.06303301453590393, 0.07602992653846741
63, 27, 0.4010283350944519, 0.41565394401550293, 0.2292449176311493, 0.05365762487053871
63, 28, 0.4008939266204834, 0.4257887005805969, 0.16159363090991974, 0.037752311676740646
63, 29, 0.4023614525794983, 0.41250479221343994, 0.244146466255188, 0.08640550076961517
63, 30, 0.40076518058776855, 0.4175959825515747, 0.1722729355096817, 0.048009008169174194
63, 31, 0.4055429995059967, 0.4299800992012024, 0.24041524529457092, 0.08596877008676529
63, 32, 0.4043354392051697, 0.4350983500480652, 0.16571184992790222, 0.0711342841386795
64, 0, 0.3753493130207062, 0.3818571865558624, -0.23080015182495117, 0.9999668598175049
64, 1, 0.37763020396232605, 0.3806908130645752, -0.23346593976020813, 0.9999629259109497
64, 2, 0.37783709168434143, 0.38113322854042053, -0.23344703018665314, 0.9999452829360962
64, 3, 0.37809669971466064, 0.3815392255783081, -0.2334388941526413, 0.9999474287033081
64, 4, 0.3775596022605896, 0.37876880168914795, -0.23558810353279114, 0.9999734163284302
64, 5, 0.37773066759109497, 0.3780519366264343, -0.23566293716430664, 0.9999650716781616
64, 6, 0.37790095806121826, 0.37731504440307617, -0.23570974171161652, 0.9999724626541138
64, 7, 0.38054805994033813, 0.3799034059047699, -0.20547440648078918, 0.9999321699142456
64, 8, 0.3795715570449829, 0.3734450340270996, -0.2158445417881012, 0.9999890327453613
64, 9, 0.3753161132335663, 0.3828578591346741, -0.21624347567558289, 0.9999654293060303
64, 10, 0.375184029340744, 0.3805182874202728, -0.21936634182929993, 0.9999738931655884
64, 11, 0.3800865709781647, 0.3844546973705292, -0.1530473232269287, 0.9988177418708801
64, 12, 0.38131922483444214, 0.372130423784256, -0.17059241235256195, 0.9997720122337341
64, 13, 0.36363932490348816, 0.4186214804649353, -0.14500178396701813, 0.4064313769340515
64, 14, 0.36900681257247925, 0.41306644678115845, -0.16588462889194489, 0.9657986164093018
64, 15, 0.357107013463974, 0.44674986600875854, -0.16393858194351196, 0.6086337566375732
64, 16, 0.36789679527282715, 0.45122912526130676, -0.18176816403865814, 0.9132964611053467
64, 17, 0.3560737073421478, 0.45429331064224243, -0.17953871190547943, 0.5191376209259033
64, 18, 0.36627745628356934, 0.45821598172187805, -0.1976618468761444, 0.84659343957901
64, 19, 0.3568477928638458, 0.45089101791381836, -0.1824871301651001, 0.5399272441864014
64, 20, 0.3694816827774048, 0.45782822370529175, -0.20532897114753723, 0.8296167850494385
64, 21, 0.3571775257587433, 0.4475522041320801, -0.16707581281661987, 0.5041192173957825
64, 22, 0.3704357445240021, 0.4560261070728302, -0.18607479333877563, 0.8265085220336914
64, 23, 0.4088483452796936, 0.3671111762523651, 0.008002650924026966, 0.9997254014015198
64, 24, 0.409353643655777, 0.35664987564086914, -0.008070610463619232, 0.9998859167098999
64, 25, 0.38907286524772644, 0.41703423857688904, 0.08686098456382751, 0.1053842082619667
64, 26, 0.38307735323905945, 0.3880365192890167, 0.039226774126291275, 0.7067162990570068
64, 27, 0.3942336440086365, 0.4213036298751831, 0.21306511759757996, 0.02720160409808159
64, 28, 0.3928322494029999, 0.41665396094322205, 0.17053979635238647, 0.05087494105100632
64, 29, 0.3956444263458252, 0.4206000566482544, 0.22648540139198303, 0.025080513209104538
64, 30, 0.39506253600120544, 0.4198710024356842, 0.1853252649307251, 0.06836919486522675
64, 31, 0.3940064311027527, 0.42946135997772217, 0.2197832614183426, 0.09873893857002258
64, 32, 0.39284440875053406, 0.42802512645721436, 0.18538294732570648, 0.1578649878501892
65, 0, 0.3768573999404907, 0.3934118151664734, -0.300865113735199, 0.9996719360351562
65, 1, 0.3799208998680115, 0.3934151530265808, -0.3101958632469177, 0.9993738532066345
65, 2, 0.3806268572807312, 0.3949826955795288, -0.31015074253082275, 0.9993898868560791
65, 3, 0.3813771903514862, 0.3965698778629303, -0.31012532114982605, 0.998828113079071
65, 4, 0.37839436531066895, 0.38711127638816833, -0.31000110507011414, 0.9995922446250916
65, 5, 0.3780602812767029, 0.3845893442630768, -0.31008821725845337, 0.999687910079956
65, 6, 0.37773597240448, 0.3820779025554657, -0.31013986468315125, 0.9995737671852112
65, 7, 0.38647738099098206, 0.39475217461586, -0.2888316512107849, 0.9984625577926636
65, 8, 0.380727082490921, 0.3720526099205017, -0.28819790482521057, 0.9999133348464966
65, 9, 0.3785448670387268, 0.3951196074485779, -0.28556469082832336, 0.9992699027061462
65, 10, 0.3771318197250366, 0.3883146047592163, -0.2854840159416199, 0.999525785446167
65, 11, 0.39287471771240234, 0.4009373188018799, -0.206597238779068, 0.9937480688095093
65, 12, 0.3819762170314789, 0.3583013713359833, -0.22191056609153748, 0.9991549253463745
65, 13, 0.3690504729747772, 0.4344431459903717, -0.13173045217990875, 0.3591783344745636
65, 14, 0.35654404759407043, 0.40630534291267395, -0.14294858276844025, 0.8996137976646423
65, 15, 0.35464221239089966, 0.4809338450431824, -0.10135295242071152, 0.5478328466415405
65, 16, 0.34406566619873047, 0.4774048328399658, -0.10332926362752914, 0.9321289658546448
65, 17, 0.35337501764297485, 0.4945431053638458, -0.11681859195232391, 0.5527854561805725
65, 18, 0.3385113775730133, 0.4876500964164734, -0.11619321256875992, 0.9012107253074646
65, 19, 0.35421234369277954, 0.48850804567337036, -0.12073065340518951, 0.5508329272270203
65, 20, 0.3463453948497772, 0.4930308759212494, -0.1348791867494583, 0.892657995223999
65, 21, 0.3541049659252167, 0.4832075834274292, -0.10418245941400528, 0.4970122277736664
65, 22, 0.3489527106285095, 0.49199432134628296, -0.11000905185937881, 0.8744260668754578
65, 23, 0.4234071671962738, 0.3904511630535126, -0.0010914681479334831, 0.9994449019432068
65, 24, 0.42202940583229065, 0.3714849650859833, 0.0011105850571766496, 0.9990875720977783
65, 25, 0.39255425333976746, 0.42886021733283997, 0.1363651156425476, 0.04015292227268219
65, 26, 0.391705185174942, 0.40013521909713745, 0.1252967119216919, 0.0629623681306839
65, 27, 0.37841469049453735, 0.44933298230171204, 0.3351796865463257, 0.14282028377056122
65, 28, 0.3784826695919037, 0.4404582679271698, 0.3335079550743103, 0.03286721929907799
65, 29, 0.37858232855796814, 0.4512011706829071, 0.35631248354911804, 0.1646086424589157
65, 30, 0.37746280431747437, 0.4423883557319641, 0.35599449276924133, 0.07811012119054794
65, 31, 0.3665992319583893, 0.4567747712135315, 0.3405241072177887, 0.08722565323114395
65, 32, 0.37144359946250916, 0.4570658504962921, 0.3403574824333191, 0.023736070841550827
66, 0, 0.4149204194545746, 0.3697142004966736, -0.3246006369590759, 0.9735735058784485
66, 1, 0.41360244154930115, 0.355526328086853, -0.32682812213897705, 0.9906013011932373
66, 2, 0.41529446840286255, 0.35202929377555847, -0.3268294036388397, 0.9912693500518799
66, 3, 0.4170219302177429, 0.3485373854637146, -0.3269319236278534, 0.9928606152534485
66, 4, 0.4070720076560974, 0.3644469082355499, -0.33266475796699524, 0.9784731864929199
66, 5, 0.40433230996131897, 0.3669371008872986, -0.3327309489250183, 0.9733249545097351
66, 6, 0.40161222219467163, 0.3694087862968445, -0.3327857255935669, 0.9616687893867493
66, 7, 0.41309690475463867, 0.33910253643989563, -0.2767144441604614, 0.9984514713287354
66, 8, 0.39085954427719116, 0.37070563435554504, -0.3057054877281189, 0.987031877040863
66, 9, 0.41621899604797363, 0.36605846881866455, -0.29906752705574036, 0.9819194078445435
66, 10, 0.40893787145614624, 0.37812936305999756, -0.30769193172454834, 0.9737227559089661
66, 11, 0.4209112226963043, 0.33241742849349976, -0.22016680240631104, 0.9992576241493225
66, 12, 0.36610910296440125, 0.40553244948387146, -0.231039360165596, 0.9835220575332642
66, 13, 0.46151620149612427, 0.3556091785430908, -0.1826411485671997, 0.9277838468551636
66, 14, 0.351021945476532, 0.46742409467697144, -0.19386477768421173, 0.8808448314666748
66, 15, 0.490145206451416, 0.4265114963054657, -0.1719817817211151, 0.8926258087158203
66, 16, 0.3484101891517639, 0.5076025724411011, -0.18548528850078583, 0.7128939032554626
66, 17, 0.5032404661178589, 0.43694624304771423, -0.1836988627910614, 0.6546583771705627
66, 18, 0.3506062924861908, 0.5190683603286743, -0.19521798193454742, 0.5322760939598083
66, 19, 0.49640756845474243, 0.448941707611084, -0.19030053913593292, 0.6658055782318115
66, 20, 0.3540468215942383, 0.5149027109146118, -0.20606474578380585, 0.5810367465019226
66, 21, 0.4904037415981293, 0.4482265114784241, -0.17444853484630585, 0.615259051322937
66, 22, 0.3578292429447174, 0.5105286836624146, -0.19001759588718414, 0.5020513534545898
66, 23, 0.431328684091568, 0.387724906206131, 0.005187613423913717, 0.9992820620536804
66, 24, 0.4106386601924896, 0.43371322751045227, -0.005145929753780365, 0.9975757002830505
66, 25, 0.4599154591560364, 0.3998238742351532, 0.15115967392921448, 0.30485689640045166
66, 26, 0.4460201859474182, 0.45566800236701965, 0.13838715851306915, 0.3646373748779297
66, 27, 0.45896998047828674, 0.43457624316215515, 0.3386649191379547, 0.12193577736616135
66, 28, 0.4525075852870941, 0.45999675989151, 0.3167058825492859, 0.09194912016391754
66, 29, 0.4548538327217102, 0.4389318823814392, 0.35862934589385986, 0.10699409991502762
66, 30, 0.4509590268135071, 0.4551655948162079, 0.3364661931991577, 0.06403223425149918
66, 31, 0.47476401925086975, 0.45341238379478455, 0.34244972467422485, 0.14056111872196198
66, 32, 0.4695552885532379, 0.474640816450119, 0.31671422719955444, 0.08600969612598419
67, 0, 0.4052249789237976, 0.3776627480983734, -0.2886890172958374, 0.9718299508094788
67, 1, 0.4032498002052307, 0.3650461733341217, -0.29308146238327026, 0.9857994318008423
67, 2, 0.4046524465084076, 0.36170434951782227, -0.29310762882232666, 0.9853185415267944
67, 3, 0.4060780107975006, 0.35842224955558777, -0.29321277141571045, 0.9902927875518799
67, 4, 0.3976227939128876, 0.37288427352905273, -0.2946096360683441, 0.9599077701568604
67, 5, 0.39538025856018066, 0.37493547797203064, -0.29465892910957336, 0.9342488050460815
67, 6, 0.39314672350883484, 0.37698301672935486, -0.2947275936603546, 0.9172161817550659
67, 7, 0.404000461101532, 0.3463919758796692, -0.26113659143447876, 0.995326042175293
67, 8, 0.38484513759613037, 0.374581515789032, -0.26853662729263306, 0.9409374594688416
67, 9, 0.40724891424179077, 0.37397927045822144, -0.2706315219402313, 0.9620881080627441
67, 10, 0.4018765091896057, 0.38220542669296265, -0.2729731500148773, 0.9418584108352661
67, 11, 0.4127713739871979, 0.33424878120422363, -0.21093669533729553, 0.9988790154457092
67, 12, 0.36610785126686096, 0.3974204659461975, -0.2153150737285614, 0.9232272505760193
67, 13, 0.4600318372249603, 0.36072760820388794, -0.20053939521312714, 0.9698853492736816
67, 14, 0.34758758544921875, 0.4529344439506531, -0.20857827365398407, 0.9548183083534241
67, 15, 0.48485618829727173, 0.4335613548755646, -0.2094217985868454, 0.9502773880958557
67, 16, 0.3609236776828766, 0.5237852931022644, -0.22004163265228271, 0.8139950633049011
67, 17, 0.49490728974342346, 0.44899868965148926, -0.2263571321964264, 0.7498649954795837
67, 18, 0.35589486360549927, 0.5385822057723999, -0.23482739925384521, 0.5940375924110413
67, 19, 0.4894257187843323, 0.45255279541015625, -0.2347012460231781, 0.7625523209571838
67, 20, 0.36042580008506775, 0.5368408560752869, -0.24806730449199677, 0.6729930639266968
67, 21, 0.4847280979156494, 0.45230796933174133, -0.21388399600982666, 0.7433531880378723
67, 22, 0.36447960138320923, 0.5317580699920654, -0.2265879213809967, 0.6113047003746033
67, 23, 0.4280685484409332, 0.3893798291683197, 0.0011012826580554247, 0.9997608065605164
67, 24, 0.4057886004447937, 0.4221094846725464, -0.0011318139731884003, 0.9983924031257629
67, 25, 0.4543423056602478, 0.4075285494327545, 0.1317318081855774, 0.32658475637435913
67, 26, 0.43301963806152344, 0.4280431568622589, 0.1417778730392456, 0.25513017177581787
67, 27, 0.45729056000709534, 0.42776450514793396, 0.2922734320163727, 0.11788786202669144
67, 28, 0.4448327124118805, 0.43883153796195984, 0.29239600896835327, 0.14398247003555298
67, 29, 0.4549636244773865, 0.42798084020614624, 0.3081831932067871, 0.0838230699300766
67, 30, 0.44627898931503296, 0.436691552400589, 0.30759531259536743, 0.06828723102807999
67, 31, 0.4688945710659027, 0.44807371497154236, 0.2832835912704468, 0.1758211851119995
67, 32, 0.4553769528865814, 0.45443055033683777, 0.2801010310649872, 0.20500443875789642
68, 0, 0.41019290685653687, 0.3930760622024536, -0.3526240289211273, 0.9915830492973328
68, 1, 0.4112839102745056, 0.3799211382865906, -0.3576146364212036, 0.9958027005195618
68, 2, 0.41317686438560486, 0.3773176968097687, -0.35765397548675537, 0.9949939846992493
68, 3, 0.41506022214889526, 0.3747820556163788, -0.3577740490436554, 0.997072696685791
68, 4, 0.4045512080192566, 0.38524454832077026, -0.35853058099746704, 0.9880304932594299
68, 5, 0.40219730138778687, 0.3863421678543091, -0.3585718870162964, 0.9718865156173706
68, 6, 0.39984720945358276, 0.3874552845954895, -0.3586233854293823, 0.9660587906837463
68, 7, 0.4158547520637512, 0.36098426580429077, -0.3181171417236328, 0.9982061386108398
68, 8, 0.3929382562637329, 0.3803535997867584, -0.32224467396736145, 0.9751954674720764
68, 9, 0.412575900554657, 0.3900602161884308, -0.33073461055755615, 0.9959539175033569
68, 10, 0.4065357744693756, 0.39563027024269104, -0.3320758640766144, 0.9915381669998169
68, 11, 0.4297991693019867, 0.3526131808757782, -0.2558518350124359, 0.999757707118988
68, 12, 0.36975306272506714, 0.38696709275245667, -0.2568124234676361, 0.9676972031593323
68, 13, 0.46537214517593384, 0.39714500308036804, -0.25270044803619385, 0.9843448996543884
68, 14, 0.3540037274360657, 0.44544610381126404, -0.24573037028312683, 0.958083987236023
68, 15, 0.4934524893760681, 0.4639906883239746, -0.27126142382621765, 0.9830027222633362
68, 16, 0.34915387630462646, 0.5200918912887573, -0.2606956958770752, 0.808443546295166
68, 17, 0.504665732383728, 0.4729706346988678, -0.29292032122612, 0.8948931097984314
68, 18, 0.34452858567237854, 0.5341750979423523, -0.28017622232437134, 0.6132622361183167
68, 19, 0.49776774644851685, 0.4800121784210205, -0.307387113571167, 0.8915760517120361
68, 20, 0.3478800654411316, 0.5344409346580505, -0.2965460419654846, 0.6787495017051697
68, 21, 0.4926753640174866, 0.48012280464172363, -0.2785681188106537, 0.8702995181083679
68, 22, 0.35042667388916016, 0.5290685892105103, -0.2688833475112915, 0.6285794377326965
68, 23, 0.425986111164093, 0.3938010036945343, -6.870617994536588e-07, 0.9988057613372803
68, 24, 0.39761364459991455, 0.4161006808280945, 3.182684304192662e-05, 0.9923335313796997
68, 25, 0.4436071515083313, 0.40824270248413086, 0.15718281269073486, 0.19252802431583405
68, 26, 0.41259217262268066, 0.4351390302181244, 0.1603565365076065, 0.13406093418598175
68, 27, 0.43862462043762207, 0.4109230041503906, 0.35306140780448914, 0.10265985876321793
68, 28, 0.4215380549430847, 0.41975080966949463, 0.3514691889286041, 0.06269549578428268
68, 29, 0.4341924786567688, 0.40932878851890564, 0.37265726923942566, 0.0947347953915596
68, 30, 0.4231858253479004, 0.41519248485565186, 0.3714418113231659, 0.03612589091062546
68, 31, 0.4478931427001953, 0.4293324649333954, 0.343030720949173, 0.12378157675266266
68, 32, 0.4278031885623932, 0.42905014753341675, 0.34276050329208374, 0.09390824288129807
69, 0, 0.4070776402950287, 0.3901591897010803, -0.3492547273635864, 0.9960600733757019
69, 1, 0.4083120822906494, 0.3778408467769623, -0.3552001714706421, 0.9972835779190063
69, 2, 0.4100519120693207, 0.3753211498260498, -0.35523590445518494, 0.996460497379303
69, 3, 0.4117797017097473, 0.3728798031806946, -0.3553464710712433, 0.9981445074081421
69, 4, 0.40212225914001465, 0.38302621245384216, -0.35542377829551697, 0.9925994873046875
69, 5, 0.399992436170578, 0.38404029607772827, -0.35546451807022095, 0.9816209673881531
69, 6, 0.39787033200263977, 0.38507893681526184, -0.35550960898399353, 0.9818599820137024
69, 7, 0.4126208424568176, 0.3595728874206543, -0.31986004114151, 0.9983686804771423
69, 8, 0.3915257751941681, 0.37826016545295715, -0.3207274377346039, 0.9813498258590698
69, 9, 0.4092377722263336, 0.387204110622406, -0.32908743619918823, 0.9973194003105164
69, 10, 0.403719037771225, 0.39246049523353577, -0.3294626474380493, 0.9944256544113159
69, 11, 0.42481422424316406, 0.3488661050796509, -0.25721219182014465, 0.9998106360435486
69, 12, 0.3700895309448242, 0.3872816860675812, -0.25760048627853394, 0.9790738821029663
69, 13, 0.4602586627006531, 0.3822919726371765, -0.2562192678451538, 0.9857445359230042
69, 14, 0.35310086607933044, 0.445456326007843, -0.2533521056175232, 0.975212037563324
69, 15, 0.4868466854095459, 0.44339147210121155, -0.279555082321167, 0.9816654324531555
69, 16, 0.3479798436164856, 0.5175172686576843, -0.2739088535308838, 0.870851457118988
69, 17, 0.49728670716285706, 0.4511435925960541, -0.3021458089351654, 0.8938607573509216
69, 18, 0.34367531538009644, 0.5284743309020996, -0.29477405548095703, 0.698558509349823
69, 19, 0.4906100332736969, 0.45796170830726624, -0.31585362553596497, 0.8991221189498901
69, 20, 0.35209769010543823, 0.5307878255844116, -0.3105917274951935, 0.7515297532081604
69, 21, 0.4861822724342346, 0.4587683081626892, -0.28665414452552795, 0.8731696605682373
69, 22, 0.3507893681526184, 0.5259184837341309, -0.28206655383110046, 0.7093887329101562
69, 23, 0.4221733510494232, 0.39344125986099243, 0.0006149533437564969, 0.9970857501029968
69, 24, 0.39596498012542725, 0.41677677631378174, -0.000584537978284061, 0.9875004291534424
69, 25, 0.43807321786880493, 0.39850929379463196, 0.1574406921863556, 0.12942080199718475
69, 26, 0.41019192337989807, 0.4305174648761749, 0.1575559824705124, 0.10008455067873001
69, 27, 0.43514761328697205, 0.40909063816070557, 0.34872522950172424, 0.11268649250268936
69, 28, 0.4199288487434387, 0.4285357892513275, 0.3481915295124054, 0.08159422874450684
69, 29, 0.43151983618736267, 0.40787097811698914, 0.3675190508365631, 0.09082791954278946
69, 30, 0.4215131402015686, 0.42520374059677124, 0.3674777150154114, 0.04187193885445595
69, 31, 0.4435061514377594, 0.4299453794956207, 0.33356836438179016, 0.13816410303115845
69, 32, 0.426392138004303, 0.4415940046310425, 0.33322402834892273, 0.11962071061134338
70, 0, 0.4110937714576721, 0.39550352096557617, -0.3184603452682495, 0.9377161264419556
70, 1, 0.41296976804733276, 0.38178879022598267, -0.32458752393722534, 0.9511345028877258
70, 2, 0.4149986207485199, 0.3788754343986511, -0.32459598779678345, 0.949539065361023
70, 3, 0.41702374815940857, 0.3760160207748413, -0.3246724605560303, 0.9644856452941895
70, 4, 0.40590476989746094, 0.3877008557319641, -0.32490208745002747, 0.9007139801979065
70, 5, 0.40349698066711426, 0.3886721730232239, -0.3249664604663849, 0.8492897152900696
70, 6, 0.4011210799217224, 0.3896482586860657, -0.3250456750392914, 0.8266889452934265
70, 7, 0.41816624999046326, 0.3598259687423706, -0.29220229387283325, 0.9786162972450256
70, 8, 0.39414045214653015, 0.3804788887500763, -0.29433080554008484, 0.8075942993164062
70, 9, 0.41361522674560547, 0.391327440738678, -0.29972565174102783, 0.949460506439209
70, 10, 0.40709298849105835, 0.39709463715553284, -0.3005625009536743, 0.8876832127571106
70, 11, 0.43198928236961365, 0.3447057008743286, -0.23082324862480164, 0.9988273978233337
70, 12, 0.3721447288990021, 0.3927241563796997, -0.23313112556934357, 0.9205955862998962
70, 13, 0.4723692834377289, 0.3801835775375366, -0.20977577567100525, 0.9724850058555603
70, 14, 0.35893744230270386, 0.45641058683395386, -0.22284460067749023, 0.9387863278388977
70, 15, 0.4811558127403259, 0.4560977816581726, -0.21292343735694885, 0.9708993434906006
70, 16, 0.34972691535949707, 0.5269525647163391, -0.23379144072532654, 0.8395028710365295
70, 17, 0.48949235677719116, 0.4691418409347534, -0.2275734394788742, 0.8610405921936035
70, 18, 0.34433960914611816, 0.5412800908088684, -0.2503204345703125, 0.6842010021209717
70, 19, 0.4805050492286682, 0.4755992889404297, -0.23696109652519226, 0.8760048151016235
70, 20, 0.35148146748542786, 0.541699230670929, -0.26293689012527466, 0.7356327176094055
70, 21, 0.4764574468135834, 0.47381845116615295, -0.21677204966545105, 0.8678930997848511
70, 22, 0.3569531738758087, 0.536347508430481, -0.24021902680397034, 0.7002539038658142
70, 23, 0.42737382650375366, 0.3970557451248169, 0.002143868012353778, 0.9951847195625305
70, 24, 0.3979876935482025, 0.42343148589134216, -0.0021666965913027525, 0.9777734875679016
70, 25, 0.4460375905036926, 0.4100104570388794, 0.1493086963891983, 0.09722495824098587
70, 26, 0.410031259059906, 0.4482450783252716, 0.1490965485572815, 0.07532579451799393
70, 27, 0.4423626959323883, 0.41694366931915283, 0.3151808977127075, 0.048830341547727585
70, 28, 0.4199827313423157, 0.44507652521133423, 0.3077842891216278, 0.04499164596199989
70, 29, 0.4385893940925598, 0.41505128145217896, 0.3320152461528778, 0.041826508939266205
70, 30, 0.42081576585769653, 0.4394962191581726, 0.32411879301071167, 0.020905258134007454
70, 31, 0.45243844389915466, 0.4376296103000641, 0.3052341639995575, 0.08401349186897278
70, 32, 0.42816728353500366, 0.46420300006866455, 0.2936733663082123, 0.07791028171777725
71, 0, 0.4116697311401367, 0.4110013246536255, -0.33501574397087097, 0.9632143974304199
71, 1, 0.41402921080589294, 0.39721184968948364, -0.34362557530403137, 0.9679086804389954
71, 2, 0.4161868095397949, 0.3942229747772217, -0.34362661838531494, 0.9680135846138
71, 3, 0.41833439469337463, 0.3912898898124695, -0.34370702505111694, 0.9758883118629456
71, 4, 0.40652233362197876, 0.40289098024368286, -0.34356728196144104, 0.9275997281074524
71, 5, 0.40397757291793823, 0.40363937616348267, -0.3436204195022583, 0.8872310519218445
71, 6, 0.40147414803504944, 0.4043935537338257, -0.3436959683895111, 0.8662284016609192
71, 7, 0.4195405840873718, 0.37224406003952026, -0.3132294714450836, 0.9846373200416565
71, 8, 0.3939189612865448, 0.3923746645450592, -0.3135994076728821, 0.8721733689308167
71, 9, 0.4139849543571472, 0.4052409827709198, -0.3157716393470764, 0.9664143323898315
71, 10, 0.40728703141212463, 0.410664826631546, -0.3160916566848755, 0.9232668876647949
71, 11, 0.432996928691864, 0.35094672441482544, -0.24576909840106964, 0.9991683959960938
71, 12, 0.36986231803894043, 0.3976365923881531, -0.2484956681728363, 0.9631553292274475
71, 13, 0.47194379568099976, 0.3847675621509552, -0.2229672372341156, 0.9538135528564453
71, 14, 0.35652491450309753, 0.46154463291168213, -0.23841288685798645, 0.9454764127731323
71, 15, 0.48215585947036743, 0.46516892313957214, -0.22604060173034668, 0.9673987627029419
71, 16, 0.3496473431587219, 0.5264747738838196, -0.2504548728466034, 0.8746247291564941
71, 17, 0.4914379119873047, 0.47673746943473816, -0.24181325733661652, 0.8520011305809021
71, 18, 0.3413713574409485, 0.5468538403511047, -0.26814037561416626, 0.7438871264457703
71, 19, 0.4829027056694031, 0.48260024189949036, -0.25289928913116455, 0.8702516555786133
71, 20, 0.3490930497646332, 0.5476813316345215, -0.2811896502971649, 0.7897793054580688
71, 21, 0.4783864915370941, 0.4815644919872284, -0.23077669739723206, 0.8678279519081116
71, 22, 0.35482102632522583, 0.5423877835273743, -0.2570662498474121, 0.7642467021942139
71, 23, 0.42656153440475464, 0.39944109320640564, 0.002663029357790947, 0.9948931932449341
71, 24, 0.39524421095848083, 0.4256356954574585, -0.0026833578012883663, 0.9810231328010559
71, 25, 0.44155043363571167, 0.41552212834358215, 0.16391342878341675, 0.06602902710437775
71, 26, 0.4088875353336334, 0.4498704671859741, 0.15920214354991913, 0.05353092774748802
71, 27, 0.4368666708469391, 0.4232224225997925, 0.34625983238220215, 0.032764676958322525
71, 28, 0.4183102548122406, 0.4475761950016022, 0.33901873230934143, 0.03413517400622368
71, 29, 0.43294864892959595, 0.42161643505096436, 0.36484700441360474, 0.027864644303917885
71, 30, 0.419091135263443, 0.4423817992210388, 0.35768431425094604, 0.01801270991563797
71, 31, 0.4462042450904846, 0.4451555013656616, 0.3393268585205078, 0.07334107905626297
71, 32, 0.42588645219802856, 0.46672770380973816, 0.32975533604621887, 0.07890275120735168
72, 0, 0.4136200547218323, 0.4260346293449402, -0.34101399779319763, 0.9872562885284424
72, 1, 0.41190940141677856, 0.40865176916122437, -0.35273537039756775, 0.9785142540931702
72, 2, 0.4146173596382141, 0.4051383435726166, -0.3527192771434784, 0.9837137460708618
72, 3, 0.4167119562625885, 0.398480087518692, -0.3527489900588989, 0.9776468873023987
72, 4, 0.4080337882041931, 0.41663604974746704, -0.351605623960495, 0.971097469329834
72, 5, 0.40529322624206543, 0.41714680194854736, -0.3516686260700226, 0.9709575176239014
72, 6, 0.40259233117103577, 0.41767972707748413, -0.3517741858959198, 0.9555696845054626
72, 7, 0.4240843653678894, 0.37906980514526367, -0.32782649993896484, 0.9929792284965515
72, 8, 0.3949621319770813, 0.40081900358200073, -0.32246464490890503, 0.9820014834403992
72, 9, 0.413776695728302, 0.4140498638153076, -0.32280224561691284, 0.9898149967193604
72, 10, 0.40951114892959595, 0.4236542284488678, -0.32152998447418213, 0.981979489326477
72, 11, 0.44067853689193726, 0.3461443781852722, -0.24944284558296204, 0.9994345307350159
72, 12, 0.369006872177124, 0.40012478828430176, -0.2537418007850647, 0.9955140948295593
72, 13, 0.47236308455467224, 0.3801329433917999, -0.18813969194889069, 0.9604721069335938
72, 14, 0.3556498885154724, 0.47284644842147827, -0.24019961059093475, 0.9921161532402039
72, 15, 0.47946906089782715, 0.4671652019023895, -0.17372243106365204, 0.9790474772453308
72, 16, 0.3503751754760742, 0.5614942908287048, -0.25540563464164734, 0.9915270209312439
72, 17, 0.4890976548194885, 0.4806245267391205, -0.18248599767684937, 0.920944094657898
72, 18, 0.34026873111724854, 0.5818406343460083, -0.27242979407310486, 0.9705811738967896
72, 19, 0.47954821586608887, 0.4865981936454773, -0.19411371648311615, 0.9390502572059631
72, 20, 0.34895724058151245, 0.5805930495262146, -0.2864993214607239, 0.9755426049232483
72, 21, 0.4743598997592926, 0.48524919152259827, -0.17687712609767914, 0.9294694066047668
72, 22, 0.3557460308074951, 0.5732746124267578, -0.26172512769699097, 0.965073823928833
72, 23, 0.4296145439147949, 0.4036230444908142, 0.00357443792745471, 0.9894592761993408
72, 24, 0.3922989070415497, 0.42826950550079346, -0.0035826682578772306, 0.968502938747406
72, 25, 0.4368813931941986, 0.42599907517433167, 0.18526920676231384, 0.12007740139961243
72, 26, 0.39970946311950684, 0.45887237787246704, 0.17867760360240936, 0.10366029292345047
72, 27, 0.4301944375038147, 0.43312832713127136, 0.38237106800079346, 0.04924600571393967
72, 28, 0.40637263655662537, 0.4554597735404968, 0.3694520592689514, 0.06166674196720123
72, 29, 0.4265717566013336, 0.430428147315979, 0.4023358225822449, 0.03289050981402397
72, 30, 0.4065820574760437, 0.4482860267162323, 0.3891879916191101, 0.035249676555395126
72, 31, 0.4362490773200989, 0.4603143334388733, 0.37518391013145447, 0.0791391059756279
72, 32, 0.4127521514892578, 0.48127928376197815, 0.3593582808971405, 0.11378009617328644
73, 0, 0.410062700510025, 0.3784087300300598, -0.30497148633003235, 0.9890239238739014
73, 1, 0.4098903238773346, 0.36593198776245117, -0.30933862924575806, 0.9931134581565857
73, 2, 0.41153064370155334, 0.3633851706981659, -0.30935758352279663, 0.9932922124862671
73, 3, 0.41317304968833923, 0.3608962297439575, -0.3094525933265686, 0.9938986301422119
73, 4, 0.40380343794822693, 0.371779203414917, -0.31074386835098267, 0.9830548763275146
73, 5, 0.40155085921287537, 0.3732011020183563, -0.3108021914958954, 0.9740973711013794
73, 6, 0.3993021249771118, 0.3746371865272522, -0.31086432933807373, 0.9620725512504578
73, 7, 0.41279011964797974, 0.35046762228012085, -0.2736124098300934, 0.9953404664993286
73, 8, 0.392358660697937, 0.3714149594306946, -0.28062546253204346, 0.9716611504554749
73, 9, 0.41227275133132935, 0.3767402172088623, -0.28537338972091675, 0.9906191825866699
73, 10, 0.40652045607566833, 0.3829474151134491, -0.28752198815345764, 0.9835793375968933
73, 11, 0.4209009110927582, 0.3409891128540039, -0.21787826716899872, 0.9991514682769775
73, 12, 0.37306085228919983, 0.39041298627853394, -0.2249239981174469, 0.9618501663208008
73, 13, 0.45631617307662964, 0.38846004009246826, -0.20658092200756073, 0.9526544213294983
73, 14, 0.35742923617362976, 0.45117297768592834, -0.2155676633119583, 0.9700080156326294
73, 15, 0.4814078211784363, 0.4481673240661621, -0.2220485955476761, 0.9477503895759583
73, 16, 0.35069727897644043, 0.5179004073143005, -0.2277592122554779, 0.7996429800987244
73, 17, 0.49155178666114807, 0.4569316506385803, -0.2397167682647705, 0.7472462058067322
73, 18, 0.35328543186187744, 0.5255521535873413, -0.24493829905986786, 0.5680387616157532
73, 19, 0.4854462146759033, 0.46333593130111694, -0.25252246856689453, 0.7624613642692566
73, 20, 0.3518211543560028, 0.5331418514251709, -0.2583637833595276, 0.6567021608352661
73, 21, 0.4812126159667969, 0.463126003742218, -0.22828927636146545, 0.7524339556694031
73, 22, 0.3551540970802307, 0.5274259448051453, -0.23414930701255798, 0.6189219355583191
73, 23, 0.4247862696647644, 0.38903406262397766, 0.0008242603507824242, 0.9982914328575134
73, 24, 0.3999433219432831, 0.41284531354904175, -0.0007882470381446183, 0.9897213578224182
73, 25, 0.4332146644592285, 0.4086839556694031, 0.14906160533428192, 0.10848022252321243
73, 26, 0.4054219126701355, 0.4357891082763672, 0.14894568920135498, 0.260087788105011
73, 27, 0.43538132309913635, 0.4182478189468384, 0.3213752508163452, 0.1313461810350418
73, 28, 0.41382163763046265, 0.434278279542923, 0.3221583962440491, 0.11267976462841034
73, 29, 0.4336177706718445, 0.4177952706813812, 0.3386707603931427, 0.08599197119474411
73, 30, 0.4153074324131012, 0.4300330579280853, 0.33996665477752686, 0.05398496985435486
73, 31, 0.4431373178958893, 0.43697407841682434, 0.308820515871048, 0.1827668845653534
73, 32, 0.4214741289615631, 0.4480364918708801, 0.30975693464279175, 0.14231668412685394
74, 0, 0.4118935465812683, 0.3868819773197174, -0.2880588471889496, 0.9810402989387512
74, 1, 0.412658154964447, 0.37271931767463684, -0.2957809567451477, 0.9857172966003418
74, 2, 0.41449493169784546, 0.3696311414241791, -0.2957824170589447, 0.9888119697570801
74, 3, 0.4163331985473633, 0.3666025400161743, -0.29584842920303345, 0.9870026707649231
74, 4, 0.4058903157711029, 0.37957435846328735, -0.29634860157966614, 0.9736058115959167
74, 5, 0.40346843004226685, 0.38084524869918823, -0.29644015431404114, 0.9745195508003235
74, 6, 0.401068776845932, 0.3821090757846832, -0.296531081199646, 0.9576384425163269
74, 7, 0.4163491129875183, 0.3515113592147827, -0.2690269351005554, 0.9943434000015259
74, 8, 0.39348307251930237, 0.3751625120639801, -0.27255257964134216, 0.9747095704078674
74, 9, 0.4140511155128479, 0.3829474151134491, -0.27114537358283997, 0.986793041229248
74, 10, 0.40775156021118164, 0.38951975107192993, -0.27235838770866394, 0.9771149158477783
74, 11, 0.4285518527030945, 0.3370056748390198, -0.2115287333726883, 0.9990492463111877
74, 12, 0.37244248390197754, 0.3894544243812561, -0.22063489258289337, 0.983359694480896
74, 13, 0.46599897742271423, 0.3722836375236511, -0.18088096380233765, 0.9764752388000488
74, 14, 0.3491310477256775, 0.44463279843330383, -0.20708803832530975, 0.9854114651679993
74, 15, 0.47222012281417847, 0.44882631301879883, -0.18232309818267822, 0.9747617840766907
74, 16, 0.34856706857681274, 0.5183390974998474, -0.22221800684928894, 0.9488078951835632
74, 17, 0.4807099401950836, 0.4639250338077545, -0.19620777666568756, 0.8720694780349731
74, 18, 0.34789371490478516, 0.532677412033081, -0.24073059856891632, 0.8777909874916077
74, 19, 0.47196516394615173, 0.46999984979629517, -0.20618119835853577, 0.8856497406959534
74, 20, 0.3494969606399536, 0.536556601524353, -0.2533503770828247, 0.9080197811126709
74, 21, 0.46778416633605957, 0.4669131934642792, -0.1864752620458603, 0.8656144142150879
74, 22, 0.35193851590156555, 0.5286884903907776, -0.22858014702796936, 0.8760219216346741
74, 23, 0.4274311661720276, 0.38799455761909485, 0.002315112156793475, 0.9983636736869812
74, 24, 0.4003745913505554, 0.41773998737335205, -0.002298965584486723, 0.9927574396133423
74, 25, 0.4372677803039551, 0.39113152027130127, 0.15071041882038116, 0.14331327378749847
74, 26, 0.40484029054641724, 0.4357495903968811, 0.1450684368610382, 0.19420869648456573
74, 27, 0.43652305006980896, 0.40174567699432373, 0.31571537256240845, 0.08560530841350555
74, 28, 0.4101800322532654, 0.43432503938674927, 0.30880025029182434, 0.08086773008108139
74, 29, 0.43399444222450256, 0.40075793862342834, 0.3327735364437103, 0.06561094522476196
74, 30, 0.41058874130249023, 0.4287765622138977, 0.3257724344730377, 0.03331476449966431
74, 31, 0.44526976346969604, 0.4229417145252228, 0.3081372082233429, 0.12990352511405945
74, 32, 0.4187036156654358, 0.45110031962394714, 0.29738229513168335, 0.1074012890458107
75, 0, 0.4173294007778168, 0.40741461515426636, -0.29993537068367004, 0.9955286383628845
75, 1, 0.4195510745048523, 0.3915572166442871, -0.3113992512226105, 0.9955384135246277
75, 2, 0.4218835234642029, 0.3884228467941284, -0.31137412786483765, 0.9962551593780518
75, 3, 0.4242151379585266, 0.3853338360786438, -0.31142061948776245, 0.9947729706764221
75, 4, 0.41150301694869995, 0.3977815508842468, -0.3104705512523651, 0.9937135577201843
75, 5, 0.4087428152561188, 0.39849042892456055, -0.3105483949184418, 0.9945257902145386
75, 6, 0.40600863099098206, 0.3992229402065277, -0.3106297552585602, 0.9912007451057434
75, 7, 0.4255765378475189, 0.366791307926178, -0.2926645278930664, 0.9983943104743958
75, 8, 0.39843374490737915, 0.3885785937309265, -0.2892608046531677, 0.9946630001068115
75, 9, 0.42033737897872925, 0.40223023295402527, -0.28519484400749207, 0.9955706000328064
75, 10, 0.4126250147819519, 0.40807825326919556, -0.2844468057155609, 0.9929936528205872
75, 11, 0.43872442841529846, 0.34556883573532104, -0.23568740487098694, 0.9989331364631653
75, 12, 0.37435153126716614, 0.397138386964798, -0.23515459895133972, 0.9971907734870911
75, 13, 0.4682466983795166, 0.3734319508075714, -0.18025226891040802, 0.9695659279823303
75, 14, 0.3593772053718567, 0.45655569434165955, -0.21912769973278046, 0.975057065486908
75, 15, 0.4732746183872223, 0.45832401514053345, -0.1552131175994873, 0.9691416621208191
75, 16, 0.35130980610847473, 0.5231694579124451, -0.23596496880054474, 0.9692714214324951
75, 17, 0.47676414251327515, 0.4787909984588623, -0.16265395283699036, 0.859133243560791
75, 18, 0.3460437059402466, 0.5404365062713623, -0.25377511978149414, 0.920539140701294
75, 19, 0.4719927906990051, 0.4791305661201477, -0.17195281386375427, 0.8857423663139343
75, 20, 0.34974244236946106, 0.5372122526168823, -0.26561206579208374, 0.9391924738883972
75, 21, 0.4675024449825287, 0.47554728388786316, -0.15764638781547546, 0.8504268527030945
75, 22, 0.3535947799682617, 0.5323483943939209, -0.2419847995042801, 0.9105661511421204
75, 23, 0.43154025077819824, 0.39706283807754517, 0.0006439703865908086, 0.9976226687431335
75, 24, 0.39984142780303955, 0.42461535334587097, -0.0006355143268592656, 0.9947502017021179
75, 25, 0.4350971579551697, 0.40231797099113464, 0.17153246700763702, 0.13116984069347382
75, 26, 0.4028063714504242, 0.4392399787902832, 0.17399542033672333, 0.15568424761295319
75, 27, 0.4301368296146393, 0.40804535150527954, 0.3546651601791382, 0.05467372015118599
75, 28, 0.4050855040550232, 0.43473052978515625, 0.35233616828918457, 0.07617189735174179
75, 29, 0.4271124005317688, 0.4046778678894043, 0.37401917576789856, 0.04246973991394043
75, 30, 0.40467748045921326, 0.42843756079673767, 0.3711698353290558, 0.03507184237241745
75, 31, 0.43702268600463867, 0.43318283557891846, 0.35298681259155273, 0.08048457652330399
75, 32, 0.4124510884284973, 0.4555526673793793, 0.3473283052444458, 0.09683097153902054
76, 0, 0.40312260389328003, 0.38286396861076355, -0.28620001673698425, 0.6955154538154602
76, 1, 0.3994440734386444, 0.37390831112861633, -0.300514280796051, 0.7342023849487305
76, 2, 0.3995596468448639, 0.3701784908771515, -0.3005024790763855, 0.790404736995697
76, 3, 0.3997069001197815, 0.366477370262146, -0.3005586862564087, 0.6896170377731323
76, 4, 0.3976283371448517, 0.3834914267063141, -0.2986297309398651, 0.7195843458175659
76, 5, 0.39663931727409363, 0.3862594664096832, -0.2987003028392792, 0.7779024243354797
76, 6, 0.39565590023994446, 0.38907289505004883, -0.2987544536590576, 0.698579728603363
76, 7, 0.39514896273612976, 0.3544777035713196, -0.292434424161911, 0.9339489340782166
76, 8, 0.3891347050666809, 0.38934212923049927, -0.2845080494880676, 0.9616157412528992
76, 9, 0.40274578332901, 0.37615734338760376, -0.2741308808326721, 0.8621746301651001
76, 10, 0.401212602853775, 0.385863721370697, -0.2720734477043152, 0.8573107123374939
76, 11, 0.3910490870475769, 0.32707643508911133, -0.23242147266864777, 0.9916868805885315
76, 12, 0.374914288520813, 0.41412797570228577, -0.2297845333814621, 0.9953893423080444
76, 13, 0.4214039444923401, 0.3189973533153534, -0.16928498446941376, 0.7700462341308594
76, 14, 0.3778252899646759, 0.4601953327655792, -0.18519198894500732, 0.9734223484992981
76, 15, 0.43571871519088745, 0.37725740671157837, -0.1321033388376236, 0.47266462445259094
76, 16, 0.40391215682029724, 0.4657679796218872, -0.16862131655216217, 0.8135659098625183
76, 17, 0.4419594407081604, 0.38819068670272827, -0.14274321496486664, 0.1836055964231491
76, 18, 0.40959176421165466, 0.47336795926094055, -0.18431751430034637, 0.576412558555603
76, 19, 0.43591517210006714, 0.39756932854652405, -0.14433477818965912, 0.15652988851070404
76, 20, 0.41104555130004883, 0.4614589810371399, -0.1909828782081604, 0.6007620692253113
76, 21, 0.43349820375442505, 0.3949020802974701, -0.13163922727108002, 0.10891886800527573
76, 22, 0.40959087014198303, 0.4575335681438446, -0.17133334279060364, 0.4838580787181854
76, 23, 0.4101760983467102, 0.35863783955574036, -0.0017122195567935705, 0.9951373934745789
76, 24, 0.4001232981681824, 0.40569254755973816, 0.0018515570554882288, 0.9922664761543274
76, 25, 0.41412559151649475, 0.37537798285484314, 0.18195919692516327, 0.028110401704907417
76, 26, 0.40372100472450256, 0.41567572951316833, 0.18908913433551788, 0.05490773543715477
76, 27, 0.411109983921051, 0.3799784779548645, 0.3887251317501068, 0.03184552490711212
76, 28, 0.4054120182991028, 0.40671998262405396, 0.3922426998615265, 0.02892446704208851
76, 29, 0.4089726507663727, 0.3814171552658081, 0.4109422564506531, 0.04676537960767746
76, 30, 0.403841108083725, 0.4015565514564514, 0.4140852987766266, 0.026031561195850372
76, 31, 0.4204356074333191, 0.38413548469543457, 0.3955239951610565, 0.03197941184043884
76, 32, 0.4166621267795563, 0.40699467062950134, 0.3975706696510315, 0.028736356645822525
77, 0, 0.3973024785518646, 0.3696361482143402, -0.2771618068218231, 0.9789217710494995
77, 1, 0.3944149613380432, 0.35966700315475464, -0.28416648507118225, 0.9754205346107483
77, 2, 0.39498889446258545, 0.3562646508216858, -0.28415849804878235, 0.9783511757850647
77, 3, 0.3955613970756531, 0.3528781831264496, -0.2842326760292053, 0.9753384590148926
77, 4, 0.3914734721183777, 0.36854615807533264, -0.2857116162776947, 0.9579986929893494
77, 5, 0.39014932513237, 0.3711358904838562, -0.28578469157218933, 0.9563143849372864
77, 6, 0.3888285756111145, 0.37377625703811646, -0.28584936261177063, 0.9078002572059631
77, 7, 0.39286357164382935, 0.34476765990257263, -0.2617475390434265, 0.9775370359420776
77, 8, 0.38291341066360474, 0.37558016180992126, -0.2688980996608734, 0.953224778175354
77, 9, 0.3981252610683441, 0.3661341667175293, -0.2622213065624237, 0.9236599802970886
77, 10, 0.3953067362308502, 0.3754962980747223, -0.2644577920436859, 0.8081142902374268
77, 11, 0.39841949939727783, 0.3297652006149292, -0.209950253367424, 0.9946788549423218
77, 12, 0.36898958683013916, 0.4045349955558777, -0.2230662852525711, 0.9664429426193237
77, 13, 0.41994112730026245, 0.320726603269577, -0.18096092343330383, 0.526141345500946
77, 14, 0.35138875246047974, 0.456545352935791, -0.22236625850200653, 0.9642379879951477
77, 15, 0.4493636190891266, 0.34272176027297974, -0.16582012176513672, 0.5089890956878662
77, 16, 0.35091206431388855, 0.4951169192790985, -0.2204628884792328, 0.7635527849197388
77, 17, 0.4599626064300537, 0.34037360548973083, -0.17012891173362732, 0.257006973028183
77, 18, 0.347445547580719, 0.5093285441398621, -0.22963187098503113, 0.5390711426734924
77, 19, 0.45721763372421265, 0.34854063391685486, -0.17755693197250366, 0.273372083902359
77, 20, 0.35107421875, 0.5063387155532837, -0.23864814639091492, 0.5849819183349609
77, 21, 0.4534153342247009, 0.35161519050598145, -0.16854625940322876, 0.26186293363571167
77, 22, 0.35358577966690063, 0.5015977025032043, -0.2245362251996994, 0.5086520314216614
77, 23, 0.41550010442733765, 0.3738557994365692, 0.0004747709317598492, 0.9990144968032837
77, 24, 0.4000149369239807, 0.41047748923301697, -0.0005001308163627982, 0.9963055849075317
77, 25, 0.4196189045906067, 0.4028337597846985, 0.15152481198310852, 0.04201243445277214
77, 26, 0.407428503036499, 0.41695693135261536, 0.1615908145904541, 0.13711915910243988
77, 27, 0.4196242690086365, 0.40886881947517395, 0.3269882798194885, 0.042388517409563065
77, 28, 0.4098103642463684, 0.4253081977367401, 0.32643595337867737, 0.06922085583209991
77, 29, 0.41905704140663147, 0.4085422456264496, 0.34525322914123535, 0.039716556668281555
77, 30, 0.4097362458705902, 0.4235110282897949, 0.34345221519470215, 0.05117521062493324
77, 31, 0.4240720868110657, 0.4223455786705017, 0.3323914408683777, 0.06183614209294319
77, 32, 0.41830986738204956, 0.4325431287288666, 0.3268149793148041, 0.07462315261363983
78, 0, 0.3965495526790619, 0.3628440797328949, -0.2876700758934021, 0.5899462103843689
78, 1, 0.3948799669742584, 0.3515070676803589, -0.29138821363449097, 0.5462524890899658
78, 2, 0.39604172110557556, 0.34851357340812683, -0.29137933254241943, 0.596221923828125
78, 3, 0.39720821380615234, 0.3455319404602051, -0.2914488613605499, 0.5602431297302246
78, 4, 0.3903016448020935, 0.35917821526527405, -0.29390254616737366, 0.4611370265483856
78, 5, 0.3884160816669464, 0.36129432916641235, -0.2939702570438385, 0.4752222001552582
78, 6, 0.3865381181240082, 0.36341121792793274, -0.29406800866127014, 0.34335705637931824
78, 7, 0.39570415019989014, 0.33757150173187256, -0.25824594497680664, 0.6087653040885925
78, 8, 0.38008737564086914, 0.3637937009334564, -0.27033233642578125, 0.3708198368549347
78, 9, 0.39843830466270447, 0.360657662153244, -0.26948049664497375, 0.33024969696998596
78, 10, 0.39362382888793945, 0.36895751953125, -0.27318131923675537, 0.21244852244853973
78, 11, 0.40384283661842346, 0.32677531242370605, -0.20219771564006805, 0.9591158032417297
78, 12, 0.36559951305389404, 0.392314612865448, -0.2209015190601349, 0.8289097547531128
78, 13, 0.43104124069213867, 0.3558479845523834, -0.14927659928798676, 0.32772883772850037
78, 14, 0.3459852933883667, 0.44664984941482544, -0.21447980403900146, 0.9418879151344299
78, 15, 0.4501475393772125, 0.4054059386253357, -0.11760018765926361, 0.19221781194210052
78, 16, 0.344836950302124, 0.5117258429527283, -0.22133031487464905, 0.6250239610671997
78, 17, 0.45814409852027893, 0.4140620231628418, -0.12025400251150131, 0.08621721714735031
78, 18, 0.3450683355331421, 0.512636661529541, -0.2352304756641388, 0.39848756790161133
78, 19, 0.4542105197906494, 0.4191582500934601, -0.12911038100719452, 0.09851837903261185
78, 20, 0.34808921813964844, 0.5113136768341064, -0.24547067284584045, 0.456106573343277
78, 21, 0.45078372955322266, 0.4177929759025574, -0.12040285766124725, 0.10584960877895355
78, 22, 0.3458526134490967, 0.5203138589859009, -0.22651457786560059, 0.3942040205001831
78, 23, 0.41820669174194336, 0.3853420317173004, 0.004250893369317055, 0.9945387244224548
78, 24, 0.39937901496887207, 0.41691145300865173, -0.004285215865820646, 0.9722567796707153
78, 25, 0.42121610045433044, 0.40396612882614136, 0.16468673944473267, 0.043332695960998535
78, 26, 0.4047645628452301, 0.43068376183509827, 0.15810392796993256, 0.09589621424674988
78, 27, 0.4234834611415863, 0.4163776934146881, 0.34060758352279663, 0.047389641404151917
78, 28, 0.4109777510166168, 0.4324677884578705, 0.3345920145511627, 0.03797045350074768
78, 29, 0.42283493280410767, 0.4169653654098511, 0.3588583171367645, 0.03714801371097565
78, 30, 0.4113237261772156, 0.42911747097969055, 0.3525240421295166, 0.0275147445499897
78, 31, 0.4302156865596771, 0.4307923913002014, 0.3354279398918152, 0.09308882057666779
78, 32, 0.42147698998451233, 0.4415624737739563, 0.3247980773448944, 0.052030015736818314
79, 0, 0.4025084376335144, 0.363662987947464, -0.2867008447647095, 0.7160344123840332
79, 1, 0.4005900025367737, 0.35295528173446655, -0.2910967767238617, 0.7340173125267029
79, 2, 0.40152817964553833, 0.3495694398880005, -0.29108771681785583, 0.7737526297569275
79, 3, 0.4024619162082672, 0.3461962342262268, -0.2911560535430908, 0.7464815974235535
79, 4, 0.39639604091644287, 0.3617377281188965, -0.2951550781726837, 0.6622272729873657
79, 5, 0.394564688205719, 0.36419615149497986, -0.2952336370944977, 0.6943508386611938
79, 6, 0.39273884892463684, 0.3666660785675049, -0.29532963037490845, 0.5257718563079834
79, 7, 0.3994114398956299, 0.3377503752708435, -0.25849616527557373, 0.8032249212265015
79, 8, 0.3850250244140625, 0.36778995394706726, -0.2773035764694214, 0.6474878787994385
79, 9, 0.40327778458595276, 0.36034512519836426, -0.2681750953197479, 0.47756561636924744
79, 10, 0.39889243245124817, 0.3697134554386139, -0.2738816440105438, 0.28499966859817505
79, 11, 0.40220004320144653, 0.32654479146003723, -0.19862498342990875, 0.9810019135475159
79, 12, 0.36903926730155945, 0.39649146795272827, -0.2254001796245575, 0.8751041293144226
79, 13, 0.43103426694869995, 0.3426588475704193, -0.13166983425617218, 0.23405243456363678
79, 14, 0.35557836294174194, 0.4533032774925232, -0.2130228728055954, 0.8699085116386414
79, 15, 0.4496014714241028, 0.38198086619377136, -0.08641117066144943, 0.2181582748889923
79, 16, 0.3525606393814087, 0.4896129071712494, -0.20591667294502258, 0.46853309869766235
79, 17, 0.4574684500694275, 0.3878820538520813, -0.08421213924884796, 0.1136782318353653
79, 18, 0.3486102223396301, 0.5007198452949524, -0.2162749469280243, 0.2956448793411255
79, 19, 0.45415812730789185, 0.3922751247882843, -0.09159273654222488, 0.13231825828552246
79, 20, 0.3512294888496399, 0.4981934130191803, -0.22541303932666779, 0.3406986892223358
79, 21, 0.45057815313339233, 0.39244410395622253, -0.08788195997476578, 0.13203924894332886
79, 22, 0.35377267003059387, 0.4944225251674652, -0.2100331336259842, 0.2716318964958191
79, 23, 0.42069011926651, 0.3852429986000061, 0.006032669451087713, 0.9985989928245544
79, 24, 0.4028082489967346, 0.41980916261672974, -0.006071750074625015, 0.9929261803627014
79, 25, 0.42578405141830444, 0.40604469180107117, 0.16838215291500092, 0.049145281314849854
79, 26, 0.4120367467403412, 0.42864370346069336, 0.16296304762363434, 0.08655739575624466
79, 27, 0.4280412197113037, 0.42281705141067505, 0.34790199995040894, 0.05368535965681076
79, 28, 0.41880708932876587, 0.4350951015949249, 0.3384851813316345, 0.04393014311790466
79, 29, 0.4274619519710541, 0.4242488443851471, 0.36686015129089355, 0.04176697880029678
79, 30, 0.4189569354057312, 0.4333319664001465, 0.3564795255661011, 0.034867364913225174
79, 31, 0.4349788725376129, 0.43696215748786926, 0.34787943959236145, 0.09380315244197845
79, 32, 0.4317721724510193, 0.4426003396511078, 0.33310550451278687, 0.0522158220410347
80, 0, 0.4060281813144684, 0.3908239006996155, -0.30459195375442505, 0.7986667156219482
80, 1, 0.4071914553642273, 0.37725722789764404, -0.31178712844848633, 0.7391613125801086
80, 2, 0.4089239239692688, 0.3743462562561035, -0.31176644563674927, 0.81800776720047
80, 3, 0.4106510281562805, 0.3714614510536194, -0.3118206858634949, 0.7372546792030334
80, 4, 0.4007100462913513, 0.383632630109787, -0.31310591101646423, 0.6877339482307434
80, 5, 0.3984996974468231, 0.38457971811294556, -0.3131679892539978, 0.7636698484420776
80, 6, 0.3963214159011841, 0.38553908467292786, -0.31326577067375183, 0.5906878709793091
80, 7, 0.4109199047088623, 0.3555024266242981, -0.284502238035202, 0.8711079359054565
80, 8, 0.3891342878341675, 0.3774123191833496, -0.29059404134750366, 0.7473669052124023
80, 9, 0.4081405997276306, 0.38667619228363037, -0.28757914900779724, 0.7190101742744446
80, 10, 0.40228837728500366, 0.3923691511154175, -0.2896336019039154, 0.5808777809143066
80, 11, 0.4226931035518646, 0.3369581699371338, -0.21532687544822693, 0.9747340679168701
80, 12, 0.3656558096408844, 0.3858064115047455, -0.23745174705982208, 0.934711754322052
80, 13, 0.44910821318626404, 0.3660460114479065, -0.14733079075813293, 0.6922969818115234
80, 14, 0.3519933521747589, 0.4492705166339874, -0.2367078959941864, 0.9938090443611145
80, 15, 0.46093934774398804, 0.4338259696960449, -0.10976207256317139, 0.7617214918136597
80, 16, 0.3452109694480896, 0.5202399492263794, -0.25509926676750183, 0.9748604893684387
80, 17, 0.4690517485141754, 0.4439650774002075, -0.11185330152511597, 0.49623438715934753
80, 18, 0.3453724980354309, 0.5302356481552124, -0.27406439185142517, 0.9245041012763977
80, 19, 0.46191269159317017, 0.45015090703964233, -0.1237151175737381, 0.5547335743904114
80, 20, 0.34716957807540894, 0.5340063571929932, -0.28362032771110535, 0.9390449523925781
80, 21, 0.4578648507595062, 0.4485577940940857, -0.11300982534885406, 0.5728453993797302
80, 22, 0.3498440682888031, 0.5271514058113098, -0.26015859842300415, 0.8987836241722107
80, 23, 0.4189735949039459, 0.3823431134223938, 0.00484887883067131, 0.9857316613197327
80, 24, 0.39125704765319824, 0.41369038820266724, -0.004897340200841427, 0.933809220790863
80, 25, 0.42646151781082153, 0.39538246393203735, 0.15998955070972443, 0.08210757374763489
80, 26, 0.3915826380252838, 0.4406971037387848, 0.15629731118679047, 0.0948188304901123
80, 27, 0.42433467507362366, 0.40759530663490295, 0.3394455909729004, 0.048439860343933105
80, 28, 0.3969525098800659, 0.43678170442581177, 0.32787057757377625, 0.05769284442067146
80, 29, 0.42159461975097656, 0.4078008830547333, 0.35787442326545715, 0.03740280494093895
80, 30, 0.3978399336338043, 0.43048956990242004, 0.3451187014579773, 0.02782772108912468
80, 31, 0.43226662278175354, 0.426970899105072, 0.329334557056427, 0.05987678840756416
80, 32, 0.4054161608219147, 0.4519593119621277, 0.31244635581970215, 0.05902615189552307
81, 0, 0.3991748094558716, 0.3731783628463745, -0.25542885065078735, 0.2370639145374298
81, 1, 0.3995606303215027, 0.3620867133140564, -0.258980929851532, 0.33827584981918335
81, 2, 0.4008743166923523, 0.35965701937675476, -0.25897693634033203, 0.38854753971099854
81, 3, 0.40218862891197205, 0.35722243785858154, -0.25904056429862976, 0.3510391414165497
81, 4, 0.3950611352920532, 0.36744752526283264, -0.25955086946487427, 0.2490738183259964
81, 5, 0.3933663070201874, 0.3685358166694641, -0.259611040353775, 0.3043111264705658
81, 6, 0.3916915953159332, 0.3696253001689911, -0.2596918046474457, 0.23164013028144836
81, 7, 0.40169650316238403, 0.3465684652328491, -0.23129668831825256, 0.7310398817062378
81, 8, 0.3861733376979828, 0.3650559186935425, -0.23492173850536346, 0.527153730392456
81, 9, 0.4007270932197571, 0.3708038330078125, -0.24018022418022156, 0.3381415605545044
81, 10, 0.3961119055747986, 0.37609219551086426, -0.24145165085792542, 0.22902217507362366
81, 11, 0.4093509316444397, 0.33741363883018494, -0.1812232881784439, 0.9467951655387878
81, 12, 0.3726089596748352, 0.3830210268497467, -0.18488554656505585, 0.9031246304512024
81, 13, 0.430243581533432, 0.36784079670906067, -0.14080438017845154, 0.380792498588562
81, 14, 0.37299275398254395, 0.4244093596935272, -0.16432832181453705, 0.47044381499290466
81, 15, 0.4371132254600525, 0.41561397910118103, -0.11020080745220184, 0.10122501850128174
81, 16, 0.38158273696899414, 0.4440218210220337, -0.16093577444553375, 0.163715198636055
81, 17, 0.44064798951148987, 0.4268058240413666, -0.11241056025028229, 0.048170965164899826
81, 18, 0.3817910850048065, 0.45066505670547485, -0.1701536625623703, 0.11595923453569412
81, 19, 0.43669256567955017, 0.4284457862377167, -0.115608349442482, 0.05013250932097435
81, 20, 0.3833734393119812, 0.4441237449645996, -0.1737261414527893, 0.12414631247520447
81, 21, 0.43428096175193787, 0.42560458183288574, -0.11020493507385254, 0.048639290034770966
81, 22, 0.384164035320282, 0.44125115871429443, -0.1627303957939148, 0.10182306170463562
81, 23, 0.412766695022583, 0.3794504702091217, 0.001896778354421258, 0.993501603603363
81, 24, 0.394841730594635, 0.4048321545124054, -0.0018287893617525697, 0.9871512651443481
81, 25, 0.4248068928718567, 0.41148218512535095, 0.09972746670246124, 0.18966898322105408
81, 26, 0.4118478298187256, 0.4337705373764038, 0.10165878385305405, 0.2917229235172272
81, 27, 0.42282208800315857, 0.4179668128490448, 0.2544245719909668, 0.0895049124956131
81, 28, 0.41376298666000366, 0.4294826090335846, 0.24860289692878723, 0.08617965877056122
81, 29, 0.42124873399734497, 0.4165368378162384, 0.2698662579059601, 0.06665193289518356
81, 30, 0.4125155806541443, 0.4234568178653717, 0.26369547843933105, 0.047348059713840485
81, 31, 0.4287641942501068, 0.43409988284111023, 0.248578742146492, 0.15533988177776337
81, 32, 0.4237217307090759, 0.44493839144706726, 0.2441236674785614, 0.12483854591846466
82, 0, 0.397784560918808, 0.3996463716030121, -0.2999645173549652, 0.9545221328735352
82, 1, 0.40013259649276733, 0.38666290044784546, -0.3080150783061981, 0.9365932941436768
82, 2, 0.40212783217430115, 0.3839851915836334, -0.3079926669597626, 0.9513294100761414
82, 3, 0.40410923957824707, 0.38135576248168945, -0.30802786350250244, 0.9314194917678833
82, 4, 0.3933737874031067, 0.3917582333087921, -0.30630114674568176, 0.9301691651344299
82, 5, 0.39122337102890015, 0.39225736260414124, -0.3063633143901825, 0.9420851469039917
82, 6, 0.38908106088638306, 0.3927869498729706, -0.3064349293708801, 0.9009631872177124
82, 7, 0.40682321786880493, 0.36478641629219055, -0.28451645374298096, 0.9680979251861572
82, 8, 0.3839108347892761, 0.3825199007987976, -0.2766856849193573, 0.9201438426971436
82, 9, 0.40113744139671326, 0.3949967622756958, -0.28494158387184143, 0.9373860955238342
82, 10, 0.3948436379432678, 0.3998865485191345, -0.2829063832759857, 0.882756233215332
82, 11, 0.42131489515304565, 0.34456291794776917, -0.22044774889945984, 0.9967695474624634
82, 12, 0.3655690848827362, 0.3897974193096161, -0.22350342571735382, 0.9845907688140869
82, 13, 0.4497533440589905, 0.3585050702095032, -0.1623753309249878, 0.9637879729270935
82, 14, 0.35258543491363525, 0.4438069760799408, -0.21283259987831116, 0.9907254576683044
82, 15, 0.4511340260505676, 0.4253210425376892, -0.1294654905796051, 0.9652836322784424
82, 16, 0.34662216901779175, 0.5082438588142395, -0.22425124049186707, 0.981164276599884
82, 17, 0.4568050503730774, 0.43642646074295044, -0.13214081525802612, 0.8669022917747498
82, 18, 0.33813443779945374, 0.52297443151474, -0.23958274722099304, 0.9399595856666565
82, 19, 0.44882750511169434, 0.4408629834651947, -0.1412389725446701, 0.89007169008255
82, 20, 0.34561842679977417, 0.5220164060592651, -0.2500907778739929, 0.9497747421264648
82, 21, 0.44556671380996704, 0.43892937898635864, -0.13114044070243835, 0.8509785532951355
82, 22, 0.35063809156417847, 0.5159593820571899, -0.22927138209342957, 0.9142532348632812
82, 23, 0.4154357314109802, 0.3959859609603882, 0.0012306428980082273, 0.9818602204322815
82, 24, 0.3865909278392792, 0.41776397824287415, -0.0012776843504980206, 0.9311244487762451
82, 25, 0.41720050573349, 0.4033949673175812, 0.15346217155456543, 0.06818774342536926
82, 26, 0.3829636871814728, 0.43136292695999146, 0.15604786574840546, 0.08314567804336548
82, 27, 0.41285935044288635, 0.40786218643188477, 0.31631478667259216, 0.029749713838100433
82, 28, 0.3895130157470703, 0.423348069190979, 0.31256169080734253, 0.036594752222299576
82, 29, 0.41040509939193726, 0.4057500958442688, 0.3331494629383087, 0.029748639091849327
82, 30, 0.39088308811187744, 0.41737493872642517, 0.32865411043167114, 0.020821690559387207
82, 31, 0.41781941056251526, 0.4282166659832001, 0.31059664487838745, 0.033810101449489594
82, 32, 0.39501816034317017, 0.4407948851585388, 0.3029766082763672, 0.03905435651540756
83, 0, 0.39038947224617004, 0.3816577196121216, -0.2788711190223694, 0.4875163435935974
83, 1, 0.39231011271476746, 0.3730931878089905, -0.2914023697376251, 0.5178574919700623
83, 2, 0.39373037219047546, 0.3714413642883301, -0.29140836000442505, 0.5300800800323486
83, 3, 0.39514508843421936, 0.3697807192802429, -0.29148054122924805, 0.5272935032844543
83, 4, 0.3878575563430786, 0.3755839169025421, -0.2892290949821472, 0.3956563174724579
83, 5, 0.38658520579338074, 0.3756029009819031, -0.2892652153968811, 0.38491368293762207
83, 6, 0.385288268327713, 0.3756835460662842, -0.28930047154426575, 0.32043296098709106
83, 7, 0.3982386589050293, 0.35824906826019287, -0.2875722646713257, 0.5861730575561523
83, 8, 0.3827703893184662, 0.36831536889076233, -0.2773077189922333, 0.2906452417373657
83, 9, 0.3932497501373291, 0.3786928057670593, -0.2700251340866089, 0.518447995185852
83, 10, 0.3891181945800781, 0.3812539875507355, -0.2673298120498657, 0.3717447519302368
83, 11, 0.4113713204860687, 0.34175822138786316, -0.2351127564907074, 0.9527299404144287
83, 12, 0.36848077178001404, 0.3744890093803406, -0.22842910885810852, 0.8203843235969543
83, 13, 0.43616265058517456, 0.36424845457077026, -0.18508251011371613, 0.8484363555908203
83, 14, 0.358764111995697, 0.41577422618865967, -0.20270684361457825, 0.8419119715690613
83, 15, 0.44352999329566956, 0.3989737927913666, -0.16184931993484497, 0.6262176036834717
83, 16, 0.3642587959766388, 0.4624125063419342, -0.20172365009784698, 0.5947778224945068
83, 17, 0.4476173520088196, 0.40302976965904236, -0.17153197526931763, 0.3689559996128082
83, 18, 0.36092132329940796, 0.4740515947341919, -0.21906670928001404, 0.3777938187122345
83, 19, 0.44235652685165405, 0.4041152894496918, -0.18120042979717255, 0.4083809554576874
83, 20, 0.3667939007282257, 0.47105488181114197, -0.22761180996894836, 0.4296776056289673
83, 21, 0.4403685927391052, 0.40474098920822144, -0.16475896537303925, 0.3490399420261383
83, 22, 0.3689374327659607, 0.4663097858428955, -0.20583263039588928, 0.374044269323349
83, 23, 0.40763163566589355, 0.38097891211509705, -0.0018420260166749358, 0.9669328927993774
83, 24, 0.3843250572681427, 0.3988485634326935, 0.0019025432411581278, 0.9379183650016785
83, 25, 0.4052664339542389, 0.3923928439617157, 0.16304990649223328, 0.0330582857131958
83, 26, 0.3810575604438782, 0.4093976616859436, 0.18100619316101074, 0.05110745131969452
83, 27, 0.3996131420135498, 0.3879956007003784, 0.3486137092113495, 0.013244484551250935
83, 28, 0.3846726417541504, 0.39126479625701904, 0.35567706823349, 0.021550411358475685
83, 29, 0.39767852425575256, 0.38519319891929626, 0.3685440123081207, 0.017437484115362167
83, 30, 0.3861822485923767, 0.3865467607975006, 0.374374121427536, 0.017373841255903244
83, 31, 0.40282493829727173, 0.40007975697517395, 0.3529258370399475, 0.018716437742114067
83, 32, 0.3877722918987274, 0.3967598080635071, 0.3586261570453644, 0.02906273677945137
84, 0, 0.3897794783115387, 0.39094018936157227, -0.23381571471691132, 0.6951959729194641
84, 1, 0.3919794261455536, 0.38220614194869995, -0.246175616979599, 0.575641930103302
84, 2, 0.3936288058757782, 0.38032740354537964, -0.2461518794298172, 0.7044481635093689
84, 3, 0.3952758312225342, 0.37845122814178467, -0.2462281882762909, 0.5573903918266296
84, 4, 0.38679373264312744, 0.3847748339176178, -0.24357715249061584, 0.48715248703956604
84, 5, 0.3852236568927765, 0.3847925066947937, -0.24358518421649933, 0.6162457466125488
84, 6, 0.38365235924720764, 0.3848133385181427, -0.24362830817699432, 0.4463065266609192
84, 7, 0.39878222346305847, 0.3656981587409973, -0.24750952422618866, 0.780921995639801
84, 8, 0.38076382875442505, 0.3768603801727295, -0.23547236621379852, 0.7135511040687561
84, 9, 0.3931922912597656, 0.3869119882583618, -0.22783872485160828, 0.5530505180358887
84, 10, 0.38822171092033386, 0.3898952603340149, -0.2245599776506424, 0.4925101399421692
84, 11, 0.41075682640075684, 0.3475426435470581, -0.19648917019367218, 0.941757321357727
84, 12, 0.3684871196746826, 0.3743038475513458, -0.20031459629535675, 0.9554018378257751
84, 13, 0.4341553747653961, 0.35264065861701965, -0.15084373950958252, 0.7938797473907471
84, 14, 0.3580886423587799, 0.40853309631347656, -0.18258336186408997, 0.870259165763855
84, 15, 0.42407140135765076, 0.3556045889854431, -0.11577355861663818, 0.5250028371810913
84, 16, 0.35849252343177795, 0.44206899404525757, -0.18096211552619934, 0.7891380190849304
84, 17, 0.4194769263267517, 0.35124146938323975, -0.11637560278177261, 0.19938991963863373
84, 18, 0.3548034727573395, 0.45236876606941223, -0.1927792876958847, 0.638583242893219
84, 19, 0.4168916642665863, 0.3495315909385681, -0.11785484850406647, 0.2135649025440216
84, 20, 0.3593752384185791, 0.44967523217201233, -0.1980171799659729, 0.7090297937393188
84, 21, 0.41914206743240356, 0.35606858134269714, -0.11490730941295624, 0.16993120312690735
84, 22, 0.36186620593070984, 0.44550544023513794, -0.1834566742181778, 0.6225028038024902
84, 23, 0.4101303219795227, 0.38446447253227234, -0.0016368090873584151, 0.9781088829040527
84, 24, 0.3872447907924652, 0.4004932940006256, 0.0017873377073556185, 0.950953483581543
84, 25, 0.41068631410598755, 0.39299365878105164, 0.14261364936828613, 0.14607729017734528
84, 26, 0.38886240124702454, 0.41034752130508423, 0.15221697092056274, 0.05794584006071091
84, 27, 0.4062160849571228, 0.3981570303440094, 0.29613810777664185, 0.05183503404259682
84, 28, 0.39334750175476074, 0.40269288420677185, 0.3030432462692261, 0.0254061296582222
84, 29, 0.4055076539516449, 0.3970995545387268, 0.3125198781490326, 0.04536674544215202
84, 30, 0.39523494243621826, 0.3994441628456116, 0.31898507475852966, 0.016402240842580795
84, 31, 0.40588146448135376, 0.4122922718524933, 0.2955600619316101, 0.08162562549114227
84, 32, 0.3970968425273895, 0.4105525016784668, 0.30251917243003845, 0.033250842243433
85, 0, 0.39596569538116455, 0.3944568336009979, -0.3159537613391876, 0.9778683185577393
85, 1, 0.396919846534729, 0.3809225857257843, -0.3244442343711853, 0.9765016436576843
85, 2, 0.39863672852516174, 0.377675324678421, -0.3244282603263855, 0.9840569496154785
85, 3, 0.4003453850746155, 0.37446725368499756, -0.3244713842868805, 0.9745708703994751
85, 4, 0.3904024660587311, 0.388113796710968, -0.32391318678855896, 0.9705961346626282
85, 5, 0.3882521688938141, 0.38918888568878174, -0.32398372888565063, 0.9790372848510742
85, 6, 0.38611695170402527, 0.3902924954891205, -0.32405877113342285, 0.9538089036941528
85, 7, 0.40112870931625366, 0.35695987939834595, -0.3009400963783264, 0.9904486536979675
85, 8, 0.3794107735157013, 0.38169923424720764, -0.29831400513648987, 0.9599312543869019
85, 9, 0.39875560998916626, 0.3888395428657532, -0.3004896938800812, 0.9607418775558472
85, 10, 0.3928952217102051, 0.3955034613609314, -0.3000413775444031, 0.9069097638130188
85, 11, 0.4144694209098816, 0.3311084806919098, -0.2359883338212967, 0.9974403381347656
85, 12, 0.3603762984275818, 0.3937268853187561, -0.24403734505176544, 0.9769240021705627
85, 13, 0.44331592321395874, 0.345620334148407, -0.16989953815937042, 0.9488251805305481
85, 14, 0.3502483069896698, 0.4499899446964264, -0.23060493171215057, 0.9747921824455261
85, 15, 0.44758161902427673, 0.41196680068969727, -0.13069389760494232, 0.926826536655426
85, 16, 0.3477289080619812, 0.5171993374824524, -0.2380756437778473, 0.9377365112304688
85, 17, 0.4517880976200104, 0.4233640134334564, -0.1320376694202423, 0.7584330439567566
85, 18, 0.3394852876663208, 0.5333486795425415, -0.25443628430366516, 0.838135302066803
85, 19, 0.445415735244751, 0.4285183250904083, -0.14117665588855743, 0.7995248436927795
85, 20, 0.3464454114437103, 0.5310494303703308, -0.2651160955429077, 0.8640853762626648
85, 21, 0.4421509802341461, 0.4264567196369171, -0.13222600519657135, 0.7319886684417725
85, 22, 0.35107046365737915, 0.5237439274787903, -0.24334308505058289, 0.7792744636535645
85, 23, 0.4112565517425537, 0.38198524713516235, 0.0017538942629471421, 0.9932461977005005
85, 24, 0.3825908303260803, 0.41372954845428467, -0.001790041453205049, 0.9649524092674255
85, 25, 0.41582196950912476, 0.37653714418411255, 0.16879287362098694, 0.08841974288225174
85, 26, 0.37689849734306335, 0.4258248507976532, 0.17213301360607147, 0.09496468305587769
85, 27, 0.4120754301548004, 0.3760131001472473, 0.34397342801094055, 0.044514745473861694
85, 28, 0.3742738962173462, 0.41000062227249146, 0.34100696444511414, 0.059384990483522415
85, 29, 0.40938419103622437, 0.37444794178009033, 0.3623667359352112, 0.03763340786099434
85, 30, 0.3743017315864563, 0.40475600957870483, 0.35869666934013367, 0.03004574030637741
85, 31, 0.4185935854911804, 0.39211416244506836, 0.3381168842315674, 0.04302231967449188
85, 32, 0.3781586289405823, 0.4192395508289337, 0.332214891910553, 0.0506584495306015
86, 0, 0.39588725566864014, 0.40213683247566223, -0.3265243172645569, 0.9795864224433899
86, 1, 0.393454909324646, 0.3848065137863159, -0.33463841676712036, 0.9780229926109314
86, 2, 0.39606544375419617, 0.38116344809532166, -0.334607869386673, 0.9835726618766785
86, 3, 0.39743587374687195, 0.379097580909729, -0.3346427381038666, 0.9737208485603333
86, 4, 0.3852381706237793, 0.39389437437057495, -0.33343395590782166, 0.9745550155639648
86, 5, 0.38766032457351685, 0.3959469199180603, -0.3335062265396118, 0.9808849096298218
86, 6, 0.38527852296829224, 0.3971276879310608, -0.3335699439048767, 0.9620015025138855
86, 7, 0.402893602848053, 0.3617834746837616, -0.3072061836719513, 0.9886792302131653
86, 8, 0.37862876057624817, 0.38780274987220764, -0.3020334541797638, 0.9699429869651794
86, 9, 0.3993813693523407, 0.39664226770401, -0.3095313608646393, 0.94138103723526
86, 10, 0.3927888572216034, 0.4037426710128784, -0.308257520198822, 0.8785767555236816
86, 11, 0.4161263108253479, 0.3364153504371643, -0.23557505011558533, 0.9961771965026855
86, 12, 0.3590300679206848, 0.39398035407066345, -0.2449338138103485, 0.9883047342300415
86, 13, 0.4419059157371521, 0.3457407057285309, -0.16965198516845703, 0.8943499326705933
86, 14, 0.3483620882034302, 0.449466735124588, -0.22960369288921356, 0.979802668094635
86, 15, 0.4470875859260559, 0.41557785868644714, -0.13170845806598663, 0.8960870504379272
86, 16, 0.34096476435661316, 0.5223994851112366, -0.23976130783557892, 0.9649857878684998
86, 17, 0.4507628381252289, 0.4259517788887024, -0.1330437809228897, 0.6998566389083862
86, 18, 0.3359246551990509, 0.530960202217102, -0.25669148564338684, 0.91142737865448
86, 19, 0.44445306062698364, 0.4314134418964386, -0.14167533814907074, 0.73638916015625
86, 20, 0.34349167346954346, 0.5279174447059631, -0.2669021487236023, 0.9242010712623596
86, 21, 0.44118422269821167, 0.4296964108943939, -0.13314035534858704, 0.6747501492500305
86, 22, 0.34420308470726013, 0.5262042880058289, -0.24495534598827362, 0.8674003481864929
86, 23, 0.41243839263916016, 0.38588452339172363, 0.0020052429754287004, 0.9882130026817322
86, 24, 0.3829565644264221, 0.4174867868423462, -0.002034743083640933, 0.9579074382781982
86, 25, 0.4142359793186188, 0.3764299750328064, 0.1751316785812378, 0.03839068114757538
86, 26, 0.3742380142211914, 0.42536917328834534, 0.17506545782089233, 0.04356415569782257
86, 27, 0.4089730381965637, 0.3743911385536194, 0.34764426946640015, 0.027415944263339043
86, 28, 0.37547311186790466, 0.40787073969841003, 0.3454659581184387, 0.028205612674355507
86, 29, 0.40603071451187134, 0.37409162521362305, 0.3660346567630768, 0.042474742978811264
86, 30, 0.3762667775154114, 0.4016498923301697, 0.3633943796157837, 0.019888319075107574
86, 31, 0.41655510663986206, 0.38732028007507324, 0.34598469734191895, 0.03361222892999649
86, 32, 0.38154199719429016, 0.4186692535877228, 0.3400565981864929, 0.03003915399312973
87, 0, 0.3854312598705292, 0.3910616636276245, -0.3210825026035309, 0.921094536781311
87, 1, 0.38750943541526794, 0.381237655878067, -0.3335069715976715, 0.8857371211051941
87, 2, 0.3896962106227875, 0.3786691129207611, -0.33349424600601196, 0.9213806390762329
87, 3, 0.39154550433158875, 0.37661123275756836, -0.3335396647453308, 0.8886831998825073
87, 4, 0.38190776109695435, 0.3840000033378601, -0.3299146294593811, 0.8695888519287109
87, 5, 0.38016414642333984, 0.3839923143386841, -0.32995733618736267, 0.8973748683929443
87, 6, 0.3784172236919403, 0.38404417037963867, -0.3299982249736786, 0.8459790945053101
87, 7, 0.39572441577911377, 0.3610854148864746, -0.32129916548728943, 0.9380890727043152
87, 8, 0.3754905164241791, 0.3730730712413788, -0.3044121563434601, 0.8923304677009583
87, 9, 0.3894945979118347, 0.38643237948417664, -0.30866965651512146, 0.8652985095977783
87, 10, 0.38419461250305176, 0.38976648449897766, -0.3040209710597992, 0.8060563206672668
87, 11, 0.41438502073287964, 0.3387637138366699, -0.2517467439174652, 0.9946622252464294
87, 12, 0.3595874607563019, 0.375232994556427, -0.24938705563545227, 0.9890949130058289
87, 13, 0.43590718507766724, 0.3662390112876892, -0.1834227591753006, 0.9057841897010803
87, 14, 0.344462126493454, 0.4293421804904938, -0.23120978474617004, 0.9901615381240845
87, 15, 0.43927201628685, 0.4209766387939453, -0.15483920276165009, 0.8782411217689514
87, 16, 0.3408798277378082, 0.4892593026161194, -0.24612942337989807, 0.9795438647270203
87, 17, 0.4448848366737366, 0.42820656299591064, -0.1633085459470749, 0.7142440676689148
87, 18, 0.3331374228000641, 0.5003570914268494, -0.2669510841369629, 0.9335573315620422
87, 19, 0.43832701444625854, 0.43190255761146545, -0.1737556904554367, 0.761248767375946
87, 20, 0.3402904272079468, 0.49997326731681824, -0.2776210904121399, 0.9470803737640381
87, 21, 0.4352336823940277, 0.431296169757843, -0.15782953798770905, 0.717290997505188
87, 22, 0.3448472023010254, 0.49540793895721436, -0.2516956627368927, 0.9258215427398682
87, 23, 0.40837153792381287, 0.38414275646209717, -0.0002074932708637789, 0.98737633228302
87, 24, 0.3788014054298401, 0.40191948413848877, 0.00019258770043961704, 0.9636642932891846
87, 25, 0.4077521860599518, 0.3752124309539795, 0.1860305517911911, 0.06274453550577164
87, 26, 0.37315160036087036, 0.3991522789001465, 0.19325320422649384, 0.06464830040931702
87, 27, 0.4037112295627594, 0.3777063190937042, 0.3896883726119995, 0.025562938302755356
87, 28, 0.37747928500175476, 0.38637736439704895, 0.39624178409576416, 0.024041298776865005
87, 29, 0.40160560607910156, 0.37574470043182373, 0.4111003875732422, 0.023576093837618828
87, 30, 0.37880775332450867, 0.380765438079834, 0.41778892278671265, 0.015474749729037285
87, 31, 0.40809622406959534, 0.3943307101726532, 0.3924609422683716, 0.05328930914402008
87, 32, 0.3818659484386444, 0.3983991742134094, 0.3987469971179962, 0.054965779185295105
88, 0, 0.39154765009880066, 0.35871708393096924, -0.1844930648803711, 0.8369054794311523
88, 1, 0.39189931750297546, 0.3518419563770294, -0.19713006913661957, 0.9304668307304382
88, 2, 0.3928462862968445, 0.3502902686595917, -0.19714069366455078, 0.9364550709724426
88, 3, 0.39378830790519714, 0.3487740457057953, -0.19721685349941254, 0.9354025721549988
88, 4, 0.38925614953041077, 0.3536762297153473, -0.1940375417470932, 0.873356282711029
88, 5, 0.38862377405166626, 0.35360783338546753, -0.1940968781709671, 0.8716847896575928
88, 6, 0.38795754313468933, 0.35356849431991577, -0.1941373348236084, 0.8673185706138611
88, 7, 0.3967033624649048, 0.338663250207901, -0.20786461234092712, 0.9734183549880981
88, 8, 0.3867757022380829, 0.34627264738082886, -0.19443625211715698, 0.9544769525527954
88, 9, 0.3942336142063141, 0.3563838601112366, -0.1823669970035553, 0.9344229102134705
88, 10, 0.39206793904304504, 0.35869449377059937, -0.17874202132225037, 0.9063191413879395
88, 11, 0.413872092962265, 0.3306422233581543, -0.1720651239156723, 0.9985089898109436
88, 12, 0.37644416093826294, 0.35232385993003845, -0.16089579463005066, 0.985008955001831
88, 13, 0.4326998293399811, 0.37136346101760864, -0.12433908134698868, 0.6948515772819519
88, 14, 0.3630252182483673, 0.39179760217666626, -0.12149707973003387, 0.24847577512264252
88, 15, 0.42740973830223083, 0.393791526556015, -0.09184011071920395, 0.5106418132781982
88, 16, 0.3739375174045563, 0.41972002387046814, -0.10393078625202179, 0.08474890887737274
88, 17, 0.42678332328796387, 0.3953566551208496, -0.09657926112413406, 0.3038558065891266
88, 18, 0.37422582507133484, 0.4257127046585083, -0.1112283319234848, 0.05923348292708397
88, 19, 0.4250369668006897, 0.39409106969833374, -0.09866704046726227, 0.34770238399505615
88, 20, 0.37797412276268005, 0.42147016525268555, -0.11655475199222565, 0.07736016809940338
88, 21, 0.42391666769981384, 0.3948446810245514, -0.09135710448026657, 0.2602514922618866
88, 22, 0.3787153959274292, 0.41881805658340454, -0.10596369206905365, 0.06543601304292679
88, 23, 0.4103322923183441, 0.38902777433395386, -0.006364309228956699, 0.9772636294364929
88, 24, 0.3911101818084717, 0.3992023468017578, 0.006474225781857967, 0.9774932861328125
88, 25, 0.4102574288845062, 0.3722117841243744, 0.12570223212242126, 0.026842674240469933
88, 26, 0.39087405800819397, 0.38678187131881714, 0.13993971049785614, 0.007511789444833994
88, 27, 0.40110963582992554, 0.37969717383384705, 0.2767036557197571, 0.022054152563214302
88, 28, 0.39070141315460205, 0.38022395968437195, 0.2898417115211487, 0.008453888818621635
88, 29, 0.399372398853302, 0.37823358178138733, 0.29293814301490784, 0.03208829462528229
88, 30, 0.3913806676864624, 0.377103716135025, 0.3062177002429962, 0.01113251131027937
88, 31, 0.40078845620155334, 0.39061927795410156, 0.2835991382598877, 0.02155868150293827
88, 32, 0.38941535353660583, 0.3880649507045746, 0.298549085855484, 0.01359290536493063
89, 0, 0.3738330006599426, 0.385871559381485, -0.2718471586704254, 0.8840318322181702
89, 1, 0.37561652064323425, 0.37736067175865173, -0.28529202938079834, 0.8798902630805969
89, 2, 0.377181738615036, 0.3754793703556061, -0.2853102385997772, 0.8875599503517151
89, 3, 0.37874817848205566, 0.37366393208503723, -0.285383403301239, 0.8879669904708862
89, 4, 0.3709160387516022, 0.37963372468948364, -0.28044310212135315, 0.8301523923873901
89, 5, 0.36960703134536743, 0.3794699013233185, -0.2804740369319916, 0.8081395626068115
89, 6, 0.36827796697616577, 0.3793681561946869, -0.28050899505615234, 0.8076738715171814
89, 7, 0.3832952678203583, 0.3584270179271698, -0.2837661802768707, 0.9434013962745667
89, 8, 0.3665767312049866, 0.36777716875076294, -0.260821670293808, 0.8773362040519714
89, 9, 0.37795084714889526, 0.3807857632637024, -0.26381993293762207, 0.9240771532058716
89, 10, 0.3738877475261688, 0.38353556394577026, -0.25740867853164673, 0.8932255506515503
89, 11, 0.4030441641807556, 0.33471009135246277, -0.2240113765001297, 0.9985321760177612
89, 12, 0.35405081510543823, 0.36670681834220886, -0.2098686248064041, 0.9894110560417175
89, 13, 0.4304322302341461, 0.35787278413772583, -0.16625294089317322, 0.9486680626869202
89, 14, 0.33998939394950867, 0.4212549328804016, -0.1794196367263794, 0.943884551525116
89, 15, 0.43535226583480835, 0.4064090847969055, -0.1420409083366394, 0.8909584283828735
89, 16, 0.33736440539360046, 0.48276129364967346, -0.18199409544467926, 0.9268871545791626
89, 17, 0.4400910437107086, 0.41269510984420776, -0.15167687833309174, 0.724667489528656
89, 18, 0.33093205094337463, 0.49414360523223877, -0.19668127596378326, 0.7929436564445496
89, 19, 0.43428730964660645, 0.41546201705932617, -0.1609772890806198, 0.781980574131012
89, 20, 0.33734312653541565, 0.49395447969436646, -0.20894649624824524, 0.8470538258552551
89, 21, 0.43167442083358765, 0.41601935029029846, -0.14454038441181183, 0.7231979966163635
89, 22, 0.34175610542297363, 0.4894382357597351, -0.1874425709247589, 0.8380242586135864
89, 23, 0.4000687599182129, 0.38792139291763306, -0.004761986434459686, 0.9918422698974609
89, 24, 0.3756391108036041, 0.4009481966495514, 0.004839655943214893, 0.9810272455215454
89, 25, 0.40425214171409607, 0.3767710328102112, 0.16044476628303528, 0.0886080414056778
89, 26, 0.3777518570423126, 0.39479750394821167, 0.17688491940498352, 0.038498904556035995
89, 27, 0.39899834990501404, 0.38044610619544983, 0.3471605181694031, 0.027306092903017998
89, 28, 0.38065314292907715, 0.3842197060585022, 0.3637373447418213, 0.017518319189548492
89, 29, 0.39726632833480835, 0.37774568796157837, 0.36660173535346985, 0.020887989550828934
89, 30, 0.38170674443244934, 0.37960803508758545, 0.38379716873168945, 0.015297215431928635
89, 31, 0.40170854330062866, 0.39491650462150574, 0.3520848751068115, 0.044370342046022415
89, 32, 0.38217073678970337, 0.3942500948905945, 0.37164658308029175, 0.04268414527177811
90, 0, 0.3704710900783539, 0.40698760747909546, -0.3119083046913147, 0.9969345331192017
90, 1, 0.37415796518325806, 0.4013427197933197, -0.3195420503616333, 0.9981970191001892
90, 2, 0.3762604892253876, 0.4022600054740906, -0.3195423185825348, 0.9986923336982727
90, 3, 0.37836799025535583, 0.4031483829021454, -0.31961408257484436, 0.996940016746521
90, 4, 0.36829647421836853, 0.39600083231925964, -0.3146601617336273, 0.9964054822921753
90, 5, 0.3664661645889282, 0.393868625164032, -0.31472447514533997, 0.9975268244743347
90, 6, 0.3646247684955597, 0.39175552129745483, -0.31474676728248596, 0.995821475982666
90, 7, 0.384286493062973, 0.39887380599975586, -0.29241055250167847, 0.9977194666862488
90, 8, 0.36423638463020325, 0.3801112174987793, -0.27224916219711304, 0.9980033040046692
90, 9, 0.3758646249771118, 0.41093286871910095, -0.2940983474254608, 0.9943795800209045
90, 10, 0.37007614970207214, 0.40486547350883484, -0.2882366180419922, 0.9952147006988525
90, 11, 0.4064785838127136, 0.408371239900589, -0.2107500284910202, 0.9934439659118652
90, 12, 0.3508630394935608, 0.36238908767700195, -0.1971127986907959, 0.9968348145484924
90, 13, 0.4243684709072113, 0.42595890164375305, -0.1432664394378662, 0.6697854995727539
90, 14, 0.33029505610466003, 0.39586788415908813, -0.12786567211151123, 0.615107536315918
90, 15, 0.4337250292301178, 0.4161152243614197, -0.10788719356060028, 0.6821554899215698
90, 16, 0.3313753604888916, 0.47636476159095764, -0.115580715239048, 0.6890871524810791
90, 17, 0.4391350746154785, 0.4124985933303833, -0.1205873042345047, 0.5312454700469971
90, 18, 0.32567715644836426, 0.49322789907455444, -0.12818941473960876, 0.6813070774078369
90, 19, 0.4391630291938782, 0.4107407331466675, -0.13285978138446808, 0.44529208540916443
90, 20, 0.33810436725616455, 0.49298959970474243, -0.14129948616027832, 0.6688004732131958
90, 21, 0.43603944778442383, 0.41054773330688477, -0.11271502822637558, 0.4111196994781494
90, 22, 0.3424406349658966, 0.48832449316978455, -0.11985057592391968, 0.6344960927963257
90, 23, 0.4148315489292145, 0.371255099773407, -0.01205968763679266, 0.9995518326759338
90, 24, 0.39546847343444824, 0.3509310185909271, 0.012074778787791729, 0.998981773853302
90, 25, 0.3914656341075897, 0.3925887942314148, 0.16076599061489105, 0.014820491895079613
90, 26, 0.37854626774787903, 0.3701307475566864, 0.1728600263595581, 0.015534930862486362
90, 27, 0.398971825838089, 0.4013548195362091, 0.38378462195396423, 0.07534130662679672
90, 28, 0.3874892294406891, 0.3757736086845398, 0.3947772979736328, 0.01988200470805168
90, 29, 0.4066053330898285, 0.40370750427246094, 0.407677561044693, 0.14962582290172577
90, 30, 0.39238086342811584, 0.37222644686698914, 0.4191485047340393, 0.03208918124437332
90, 31, 0.38632768392562866, 0.4136609435081482, 0.4172724783420563, 0.029619552195072174
90, 32, 0.3769395649433136, 0.3883085548877716, 0.42906197905540466, 0.0064256154000759125
91, 0, 0.36508384346961975, 0.39960387349128723, -0.26710599660873413, 0.9959535598754883
91, 1, 0.3672177791595459, 0.39773130416870117, -0.2759539484977722, 0.9975011944770813
91, 2, 0.36840420961380005, 0.39884045720100403, -0.27593570947647095, 0.9980352520942688
91, 3, 0.3696095645427704, 0.3999391198158264, -0.2759857177734375, 0.9962947964668274
91, 4, 0.3636474609375, 0.39188849925994873, -0.27214542031288147, 0.9956595301628113
91, 5, 0.3624729514122009, 0.38968488574028015, -0.2722187638282776, 0.9967401623725891
91, 6, 0.36128565669059753, 0.38747438788414, -0.27223536372184753, 0.9954673051834106
91, 7, 0.3740425705909729, 0.39751502871513367, -0.25901857018470764, 0.9953866600990295
91, 8, 0.3615850806236267, 0.3771727979183197, -0.24309809505939484, 0.9959927201271057
91, 9, 0.3686530292034149, 0.4019877016544342, -0.2537246346473694, 0.989575207233429
91, 10, 0.3651687800884247, 0.39638426899909973, -0.2491360604763031, 0.9917731881141663
91, 11, 0.39200064539909363, 0.4109889268875122, -0.1948983520269394, 0.9891961812973022
91, 12, 0.35648593306541443, 0.3512710928916931, -0.17950007319450378, 0.9954773783683777
91, 13, 0.4079269766807556, 0.4416041970252991, -0.1290823072195053, 0.6856445074081421
91, 14, 0.34160250425338745, 0.384143203496933, -0.11429093033075333, 0.589562714099884
91, 15, 0.41256028413772583, 0.4328257143497467, -0.0753277912735939, 0.43424707651138306
91, 16, 0.3349871337413788, 0.4565519690513611, -0.08026362955570221, 0.5282562375068665
91, 17, 0.41568928956985474, 0.43155941367149353, -0.08106093853712082, 0.3161627948284149
91, 18, 0.3282718360424042, 0.46902957558631897, -0.08602723479270935, 0.5463898181915283
91, 19, 0.4159681797027588, 0.4275793433189392, -0.08888375014066696, 0.26585152745246887
91, 20, 0.3379649221897125, 0.4722302258014679, -0.09614138305187225, 0.5257684588432312
91, 21, 0.4141676425933838, 0.42665809392929077, -0.07730766385793686, 0.2329016774892807
91, 22, 0.3418598175048828, 0.46996942162513733, -0.08299403637647629, 0.48886483907699585
91, 23, 0.41487637162208557, 0.3742808401584625, -0.007114219479262829, 0.9979586601257324
91, 24, 0.40435105562210083, 0.3436633348464966, 0.0070950849913060665, 0.9975221753120422
91, 25, 0.3908129334449768, 0.38208338618278503, 0.14572042226791382, 0.015775667503476143
91, 26, 0.3892175257205963, 0.3502117395401001, 0.15275953710079193, 0.021858438849449158
91, 27, 0.3985060453414917, 0.37650400400161743, 0.3456465005874634, 0.028633391484618187
91, 28, 0.3947846293449402, 0.3556631803512573, 0.34536609053611755, 0.017010606825351715
91, 29, 0.4050561785697937, 0.37558120489120483, 0.3679346740245819, 0.06016305461525917
91, 30, 0.3986342251300812, 0.35360053181648254, 0.36708351969718933, 0.025183364748954773
91, 31, 0.3875190019607544, 0.3818364143371582, 0.3825629651546478, 0.01885201781988144
91, 32, 0.38461896777153015, 0.3606104552745819, 0.37800681591033936, 0.00819160882383585
92, 0, 0.37148281931877136, 0.38251927495002747, -0.2781774401664734, 0.9960055947303772
92, 1, 0.36748260259628296, 0.3780075013637543, -0.2907259464263916, 0.9968783855438232
92, 2, 0.3673587739467621, 0.37553825974464417, -0.29071515798568726, 0.9969781637191772
92, 3, 0.3672550618648529, 0.3731297254562378, -0.29075440764427185, 0.9953505992889404
92, 4, 0.3665952682495117, 0.3843740224838257, -0.285849392414093, 0.9967184662818909
92, 5, 0.3660108149051666, 0.3860241770744324, -0.2859368622303009, 0.9967093467712402
92, 6, 0.3654244840145111, 0.38770702481269836, -0.2859983742237091, 0.9960454106330872
92, 7, 0.36411505937576294, 0.3647497296333313, -0.28965044021606445, 0.9971810579299927
92, 8, 0.3616611957550049, 0.3871762454509735, -0.26945576071739197, 0.998691737651825
92, 9, 0.3724581301212311, 0.37702319025993347, -0.2706403136253357, 0.9972506165504456
92, 10, 0.37184932827949524, 0.3832814395427704, -0.26485225558280945, 0.9983245730400085
92, 11, 0.3701564073562622, 0.34713971614837646, -0.24719472229480743, 0.999698281288147
92, 12, 0.3606572151184082, 0.39615389704704285, -0.21617600321769714, 0.9998086094856262
92, 13, 0.4041748642921448, 0.3694112002849579, -0.2102092206478119, 0.8401924967765808
92, 14, 0.37951573729515076, 0.4324128329753876, -0.16718317568302155, 0.736268937587738
92, 15, 0.4182339608669281, 0.4173181653022766, -0.1909290999174118, 0.8442896604537964
92, 16, 0.39937281608581543, 0.42476657032966614, -0.1499575674533844, 0.5942179560661316
92, 17, 0.4223030209541321, 0.4270223081111908, -0.21070881187915802, 0.6624229550361633
92, 18, 0.4035405218601227, 0.42589953541755676, -0.16522474586963654, 0.43178150057792664
92, 19, 0.41769343614578247, 0.43339407444000244, -0.21271994709968567, 0.6374314427375793
92, 20, 0.4025912284851074, 0.4174444079399109, -0.17411501705646515, 0.4791378676891327
92, 21, 0.4158821702003479, 0.43003877997398376, -0.19176577031612396, 0.4609071612358093
92, 22, 0.40094321966171265, 0.41672614216804504, -0.1538112610578537, 0.389586478471756
92, 23, 0.3950003385543823, 0.36058342456817627, -0.006732556968927383, 0.9995970129966736
92, 24, 0.3914681375026703, 0.3881698548793793, 0.006826610304415226, 0.9993975162506104
92, 25, 0.3859717547893524, 0.38019227981567383, 0.1610676348209381, 0.00420271884649992
92, 26, 0.3798101246356964, 0.3987489938735962, 0.185148224234581, 0.030180709436535835
92, 27, 0.37781110405921936, 0.38527947664260864, 0.36505410075187683, 0.014275611378252506
92, 28, 0.37041857838630676, 0.39851880073547363, 0.37879666686058044, 0.014739862643182278
92, 29, 0.37753745913505554, 0.38554519414901733, 0.3869742751121521, 0.026361165568232536
92, 30, 0.37025049328804016, 0.39359647035598755, 0.39965975284576416, 0.016673410311341286
92, 31, 0.37693116068840027, 0.38921961188316345, 0.37713009119033813, 0.016630349680781364
92, 32, 0.36877813935279846, 0.4043557345867157, 0.38762232661247253, 0.014561256393790245
93, 0, 0.3680536150932312, 0.3968982398509979, -0.2916301190853119, 0.9891493916511536
93, 1, 0.3703831136226654, 0.39574047923088074, -0.3022768497467041, 0.9926400184631348
93, 2, 0.37134477496147156, 0.3966045081615448, -0.30226394534111023, 0.994988739490509
93, 3, 0.3723229765892029, 0.3974664807319641, -0.3023066818714142, 0.9919669032096863
93, 4, 0.36725831031799316, 0.391387015581131, -0.2970876693725586, 0.9877135753631592
93, 5, 0.36610981822013855, 0.3894782066345215, -0.2971610426902771, 0.9902127385139465
93, 6, 0.3649485111236572, 0.38758641481399536, -0.2971857786178589, 0.987793505191803
93, 7, 0.3747709393501282, 0.39230218529701233, -0.2899796664714813, 0.9878381490707397
93, 8, 0.36415567994117737, 0.3769688606262207, -0.2679036259651184, 0.9909816384315491
93, 9, 0.37057483196258545, 0.39638158679008484, -0.27961429953575134, 0.9804341197013855
93, 10, 0.36769407987594604, 0.39125770330429077, -0.27327612042427063, 0.9828807711601257
93, 11, 0.3860597014427185, 0.39420971274375916, -0.22519788146018982, 0.9864547252655029
93, 12, 0.35443025827407837, 0.3479073643684387, -0.20265229046344757, 0.9954169988632202
93, 13, 0.38261210918426514, 0.4405049979686737, -0.17199228703975677, 0.8826330304145813
93, 14, 0.3371325731277466, 0.4012805223464966, -0.13571801781654358, 0.7145542502403259
93, 15, 0.3746350407600403, 0.46847406029701233, -0.14256751537322998, 0.8278988599777222
93, 16, 0.3387221693992615, 0.46402692794799805, -0.12966042757034302, 0.624108612537384
93, 17, 0.3750472068786621, 0.4785692095756531, -0.1579255312681198, 0.7180750370025635
93, 18, 0.3343732953071594, 0.473376601934433, -0.14540740847587585, 0.6134804487228394
93, 19, 0.37367650866508484, 0.4732421934604645, -0.1651727855205536, 0.6582295298576355
93, 20, 0.3428298234939575, 0.47498273849487305, -0.15734489262104034, 0.597591757774353
93, 21, 0.3732026517391205, 0.4675136208534241, -0.14539402723312378, 0.5599007606506348
93, 22, 0.34626638889312744, 0.47411590814590454, -0.13430099189281464, 0.5579251646995544
93, 23, 0.4069077968597412, 0.3674842119216919, -0.008641987107694149, 0.9991443157196045
93, 24, 0.3945559561252594, 0.3483681082725525, 0.008639052510261536, 0.9980666041374207
93, 25, 0.3895568251609802, 0.38645681738853455, 0.1589735895395279, 0.035642899572849274
93, 26, 0.3839553892612457, 0.3628500699996948, 0.1679798811674118, 0.04663977771997452
93, 27, 0.3926825523376465, 0.38348570466041565, 0.36891797184944153, 0.07025425136089325
93, 28, 0.38645076751708984, 0.3623352348804474, 0.38075530529022217, 0.03129104524850845
93, 29, 0.39827513694763184, 0.38251087069511414, 0.39151570200920105, 0.10739477723836899
93, 30, 0.389302521944046, 0.35799309611320496, 0.40414100885391235, 0.036557894200086594
93, 31, 0.38077619671821594, 0.39521971344947815, 0.3909352123737335, 0.04669679328799248
93, 32, 0.3768177032470703, 0.3692862093448639, 0.4027748703956604, 0.017763659358024597
94, 0, 0.3855215311050415, 0.37004292011260986, -0.28674495220184326, 0.8624261021614075
94, 1, 0.38301947712898254, 0.358366996049881, -0.2948078513145447, 0.8092570304870605
94, 2, 0.38372594118118286, 0.35443517565727234, -0.29476264119148254, 0.8320204019546509
94, 3, 0.38443565368652344, 0.35051190853118896, -0.2948353886604309, 0.7872542142868042
94, 4, 0.3792610466480255, 0.3689744174480438, -0.2969721257686615, 0.8173953294754028
94, 5, 0.37754368782043457, 0.37192291021347046, -0.29704830050468445, 0.8557236790657043
94, 6, 0.3758351504802704, 0.3748905062675476, -0.29715046286582947, 0.8096206188201904
94, 7, 0.37997910380363464, 0.34009695053100586, -0.2699637711048126, 0.9426046013832092
94, 8, 0.36726659536361694, 0.37697362899780273, -0.2806646525859833, 0.9245083928108215
94, 9, 0.3856171667575836, 0.36534151434898376, -0.2703082263469696, 0.8564839959144592
94, 10, 0.3818027973175049, 0.3762972056865692, -0.27373814582824707, 0.7690848112106323
94, 11, 0.3824543356895447, 0.31947776675224304, -0.20552381873130798, 0.9895960688591003
94, 12, 0.3491320013999939, 0.41272327303886414, -0.22636505961418152, 0.9919943809509277
94, 13, 0.4095349907875061, 0.31005769968032837, -0.12391052395105362, 0.7732539772987366
94, 14, 0.34181827306747437, 0.4693432152271271, -0.20227985084056854, 0.9698271155357361
94, 15, 0.4204825758934021, 0.36530521512031555, -0.06650332361459732, 0.4336894452571869
94, 16, 0.33921676874160767, 0.5164763331413269, -0.20246155560016632, 0.8705913424491882
94, 17, 0.42652004957199097, 0.37841522693634033, -0.06167244166135788, 0.1658753752708435
94, 18, 0.3511589765548706, 0.5273117423057556, -0.21274980902671814, 0.7121469974517822
94, 19, 0.4208917021751404, 0.38328590989112854, -0.06211293861269951, 0.17219777405261993
94, 20, 0.3538931608200073, 0.521697998046875, -0.22347871959209442, 0.7424913048744202
94, 21, 0.4183860421180725, 0.3809181749820709, -0.06410890817642212, 0.13713997602462769
94, 22, 0.35584557056427, 0.5142929553985596, -0.2073432207107544, 0.6308405995368958
94, 23, 0.40154123306274414, 0.3674445152282715, 0.00581884291023016, 0.9831271171569824
94, 24, 0.3874357342720032, 0.4151674807071686, -0.005810083821415901, 0.980560839176178
94, 25, 0.41952529549598694, 0.38050901889801025, 0.16183331608772278, 0.13939757645130157
94, 26, 0.4070027470588684, 0.4274470806121826, 0.14770647883415222, 0.19069735705852509
94, 27, 0.43014153838157654, 0.39385175704956055, 0.3283584713935852, 0.11398052424192429
94, 28, 0.4257050156593323, 0.4290164113044739, 0.31101319193840027, 0.10204701870679855
94, 29, 0.4292267858982086, 0.39444729685783386, 0.3458309769630432, 0.10245360434055328
94, 30, 0.42638731002807617, 0.4275577664375305, 0.32785651087760925, 0.09143586456775665
94, 31, 0.4444902539253235, 0.4065714478492737, 0.32130783796310425, 0.09118884056806564
94, 32, 0.44221025705337524, 0.432695209980011, 0.2969219982624054, 0.06859317421913147
95, 0, 0.3971080780029297, 0.36837437748908997, -0.005638698115944862, 0.9962620139122009
95, 1, 0.3980025351047516, 0.3681800365447998, -0.0072603062726557255, 0.9954560995101929
95, 2, 0.3981252908706665, 0.36839401721954346, -0.007262276951223612, 0.9951944947242737
95, 3, 0.39824360609054565, 0.36860916018486023, -0.007263380102813244, 0.9963266253471375
95, 4, 0.39788615703582764, 0.3680829703807831, -0.004578558728098869, 0.9948832988739014
95, 5, 0.39789676666259766, 0.36819344758987427, -0.0045766932889819145, 0.9936392903327942
95, 6, 0.3979116976261139, 0.36830809712409973, -0.004579759668558836, 0.9945112466812134
95, 7, 0.3986031711101532, 0.37052804231643677, -0.010722600854933262, 0.9924684166908264
95, 8, 0.39818495512008667, 0.3701487183570862, 0.0013968851417303085, 0.9943658113479614
95, 9, 0.3968054950237274, 0.3699550926685333, -0.006621699780225754, 0.9938216209411621
95, 10, 0.3966107666492462, 0.3698168098926544, -0.0030933856032788754, 0.9935245513916016
95, 11, 0.39686548709869385, 0.37645673751831055, -0.01645713672041893, 0.9979069232940674
95, 12, 0.39598435163497925, 0.37499871850013733, 0.00892629660665989, 0.9909098744392395
95, 13, 0.39433640241622925, 0.3726828992366791, -0.024405358359217644, 0.9532206058502197
95, 14, 0.3939809799194336, 0.37143680453300476, 0.012735120952129364, 0.14819680154323578
95, 15, 0.39580562710762024, 0.3679559826850891, -0.025457128882408142, 0.9090943336486816
95, 16, 0.3947858512401581, 0.3689667880535126, 0.005407670978456736, 0.23733963072299957
95, 17, 0.3966429531574249, 0.3668588101863861, -0.028951918706297874, 0.8705521821975708
95, 18, 0.3950740694999695, 0.36879920959472656, 0.005357902962714434, 0.2670324742794037
95, 19, 0.3971097469329834, 0.367139607667923, -0.027878031134605408, 0.8583267331123352
95, 20, 0.39545103907585144, 0.3684007525444031, 0.0027747901622205973, 0.27966493368148804
95, 21, 0.3966975510120392, 0.3675960898399353, -0.025217611342668533, 0.8178677558898926
95, 22, 0.3951890468597412, 0.3683466613292694, 0.004084315150976181, 0.2921229898929596
95, 23, 0.38775309920310974, 0.3956201374530792, -0.00907907448709011, 0.9928622841835022
95, 24, 0.3875577449798584, 0.3930526375770569, 0.009094336070120335, 0.985870361328125
95, 25, 0.3818744421005249, 0.39238661527633667, -0.012200657278299332, 0.9579447507858276
95, 26, 0.38428154587745667, 0.3814266622066498, 0.009403488598763943, 0.35751423239707947
95, 27, 0.3752545416355133, 0.3967285454273224, -0.004164993297308683, 0.9290785789489746
95, 28, 0.3789181113243103, 0.38854658603668213, 0.015060442499816418, 0.3792422413825989
95, 29, 0.3746684789657593, 0.3986261487007141, -0.0035299279261380434, 0.8992725014686584
95, 30, 0.3784697651863098, 0.3908027112483978, 0.015401141718029976, 0.5082088708877563
95, 31, 0.37338393926620483, 0.39398622512817383, -0.007007656153291464, 0.8897395133972168
95, 32, 0.37650859355926514, 0.38554805517196655, 0.013361306861042976, 0.4606126844882965
96, 0, 0.40033817291259766, 0.3574407398700714, -0.01690291240811348, 0.9995811581611633
96, 1, 0.4014899730682373, 0.35690656304359436, -0.01700660027563572, 0.9995306730270386
96, 2, 0.4017241597175598, 0.35731422901153564, -0.01701243594288826, 0.9993175268173218
96, 3, 0.4019542634487152, 0.3577277362346649, -0.017023565247654915, 0.999566376209259
96, 4, 0.4008871614933014, 0.3560240864753723, -0.015327123925089836, 0.9993973970413208
96, 5, 0.4006797671318054, 0.35577392578125, -0.015326691791415215, 0.9990202188491821
96, 6, 0.4004749357700348, 0.3555309772491455, -0.015329001471400261, 0.9993118047714233
96, 7, 0.40168437361717224, 0.35979515314102173, -0.01298666000366211, 0.9994912147521973
96, 8, 0.39977961778640747, 0.35696011781692505, -0.005428920965641737, 0.998971700668335
96, 9, 0.3997444212436676, 0.35995110869407654, -0.015199005603790283, 0.9992411136627197
96, 10, 0.3989509344100952, 0.3587322235107422, -0.013040624558925629, 0.9987288117408752
96, 11, 0.398419052362442, 0.3685416281223297, -0.016270851716399193, 0.9993829727172852
96, 12, 0.39420872926712036, 0.3661171495914459, 0.003870133776217699, 0.9937481880187988
96, 13, 0.3982190489768982, 0.3697614073753357, -0.02400519885122776, 0.9656649827957153
96, 14, 0.3916667699813843, 0.36563944816589355, 0.0012157580349594355, 0.5939297676086426
96, 15, 0.4003177583217621, 0.35572686791419983, -0.02376946620643139, 0.957171618938446
96, 16, 0.3955589830875397, 0.3559727966785431, -0.00754938181489706, 0.580346405506134
96, 17, 0.4010557532310486, 0.3522414565086365, -0.026680463925004005, 0.9199851751327515
96, 18, 0.3965139091014862, 0.35340338945388794, -0.009624256752431393, 0.47363317012786865
96, 19, 0.40134137868881226, 0.35170549154281616, -0.024381019175052643, 0.9076063632965088
96, 20, 0.39644402265548706, 0.3521991968154907, -0.01071400847285986, 0.45339518785476685
96, 21, 0.40083423256874084, 0.35315048694610596, -0.02291945181787014, 0.8850135207176208
96, 22, 0.39608702063560486, 0.3532847762107849, -0.008714374154806137, 0.45365190505981445
96, 23, 0.38304728269577026, 0.3956266939640045, -0.008354178629815578, 0.9988256096839905
96, 24, 0.380919486284256, 0.39341357350349426, 0.008347135037183762, 0.9970007538795471
96, 25, 0.3776061534881592, 0.39700064063072205, -0.011426432058215141, 0.9217429161071777
96, 26, 0.37333422899246216, 0.3973456025123596, 0.005028227809816599, 0.698004424571991
96, 27, 0.3650239408016205, 0.4092421233654022, 0.005702130030840635, 0.8904966115951538
96, 28, 0.365359365940094, 0.40519091486930847, 0.02528134360909462, 0.5743960738182068
96, 29, 0.363738089799881, 0.4117131233215332, 0.007345967926084995, 0.87553870677948
96, 30, 0.36512014269828796, 0.40696436166763306, 0.027381837368011475, 0.6851422786712646
96, 31, 0.36089247465133667, 0.41116875410079956, 0.002424459205940366, 0.8714684247970581
96, 32, 0.3596743941307068, 0.40423089265823364, 0.02563396468758583, 0.605597734451294
97, 0, 0.365232914686203, 0.35677555203437805, -0.37113597989082336, 0.9999110698699951
97, 1, 0.36328721046447754, 0.35651397705078125, -0.3824124038219452, 0.9999018907546997
97, 2, 0.3627828359603882, 0.3561651110649109, -0.38237300515174866, 0.9999058246612549
97, 3, 0.3622702956199646, 0.3557831346988678, -0.3823699653148651, 0.9998642206192017
97, 4, 0.364416241645813, 0.35787221789360046, -0.3814941644668579, 0.9999545812606812
97, 5, 0.36467719078063965, 0.35829272866249084, -0.3815307915210724, 0.9999428987503052
97, 6, 0.36494433879852295, 0.35866981744766235, -0.3815253674983978, 0.9999361038208008
97, 7, 0.36044880747795105, 0.3587971031665802, -0.3527257442474365, 0.9998544454574585
97, 8, 0.36434406042099, 0.3619621992111206, -0.3491114675998688, 0.9999804496765137
97, 9, 0.3650408387184143, 0.35772863030433655, -0.3501892685890198, 0.9996628761291504
97, 10, 0.3659060299396515, 0.35888490080833435, -0.3492979407310486, 0.9997172951698303
97, 11, 0.3578453063964844, 0.38050904870033264, -0.2776091992855072, 0.999690055847168
97, 12, 0.36609694361686707, 0.36840206384658813, -0.26110154390335083, 0.997511625289917
97, 13, 0.334362655878067, 0.41896331310272217, -0.22511276602745056, 0.9935539960861206
97, 14, 0.3781362473964691, 0.37827038764953613, -0.16896620392799377, 0.7107253074645996
97, 15, 0.3410610854625702, 0.46327918767929077, -0.19115488231182098, 0.9187309741973877
97, 16, 0.38545793294906616, 0.38812798261642456, -0.13252806663513184, 0.34831783175468445
97, 17, 0.33922868967056274, 0.47821927070617676, -0.21612723171710968, 0.763602614402771
97, 18, 0.38454902172088623, 0.38878750801086426, -0.14796267449855804, 0.22426322102546692
97, 19, 0.34218600392341614, 0.47624877095222473, -0.2121264636516571, 0.759612500667572
97, 20, 0.384830117225647, 0.3896956443786621, -0.1622733175754547, 0.22207514941692352
97, 21, 0.34277287125587463, 0.4690569043159485, -0.19142699241638184, 0.6243743300437927
97, 22, 0.38554704189300537, 0.3920225501060486, -0.1379619538784027, 0.17278307676315308
97, 23, 0.3895183503627777, 0.3516210913658142, 0.0008881211979314685, 0.999942421913147
97, 24, 0.3938799202442169, 0.35469451546669006, -0.0009440010180696845, 0.9998065829277039
97, 25, 0.3895737826824188, 0.35151946544647217, 0.21218402683734894, 0.07415643334388733
97, 26, 0.39273399114608765, 0.3524753451347351, 0.2184564173221588, 0.11929496377706528
97, 27, 0.39561110734939575, 0.34957921504974365, 0.44888681173324585, 0.4477009177207947
97, 28, 0.39869967103004456, 0.34697115421295166, 0.4571796953678131, 0.18685439229011536
97, 29, 0.3966474235057831, 0.350140243768692, 0.47554558515548706, 0.5264270305633545
97, 30, 0.3973156213760376, 0.3446633815765381, 0.48351025581359863, 0.15133097767829895
97, 31, 0.3977220058441162, 0.3482041656970978, 0.46998435258865356, 0.28110581636428833
97, 32, 0.40342268347740173, 0.3366943895816803, 0.4728632867336273, 0.07224172353744507
98, 0, 0.36363300681114197, 0.35168561339378357, -0.3038117289543152, 0.9985334873199463
98, 1, 0.3608679473400116, 0.3526083827018738, -0.31081852316856384, 0.9981379508972168
98, 2, 0.3600318431854248, 0.35240912437438965, -0.3107987642288208, 0.9980431795120239
98, 3, 0.3591577112674713, 0.35219886898994446, -0.3108069896697998, 0.9976410865783691
98, 4, 0.3629658818244934, 0.35407984256744385, -0.31124550104141235, 0.9991613626480103
98, 5, 0.3635033071041107, 0.35455799102783203, -0.3112982213497162, 0.9990274906158447
98, 6, 0.3640168607234955, 0.35499465465545654, -0.3113434910774231, 0.9989616870880127
98, 7, 0.35653263330459595, 0.35678133368492126, -0.283388614654541, 0.9973453879356384
98, 8, 0.36346912384033203, 0.3605109751224518, -0.28597283363342285, 0.9996386766433716
98, 9, 0.362949013710022, 0.3534080684185028, -0.2861254811286926, 0.9952720999717712
98, 10, 0.36474549770355225, 0.3546024262905121, -0.2870032787322998, 0.9961168766021729
98, 11, 0.3533843755722046, 0.3807397484779358, -0.22265557944774628, 0.9985631108283997
98, 12, 0.36795321106910706, 0.3721451163291931, -0.21567244827747345, 0.9959312081336975
98, 13, 0.3339962363243103, 0.41507503390312195, -0.19352972507476807, 0.9040436148643494
98, 14, 0.3830746114253998, 0.3840874135494232, -0.14425384998321533, 0.23557528853416443
98, 15, 0.33958426117897034, 0.4572979509830475, -0.16717934608459473, 0.5640239119529724
98, 16, 0.3911978602409363, 0.3909543752670288, -0.10203435271978378, 0.09687430411577225
98, 17, 0.33865422010421753, 0.47278374433517456, -0.1833655834197998, 0.2670937776565552
98, 18, 0.3922173082828522, 0.39298582077026367, -0.10978139936923981, 0.06147618219256401
98, 19, 0.3413330912590027, 0.47216638922691345, -0.1764308661222458, 0.2681897282600403
98, 20, 0.3906213641166687, 0.3923778235912323, -0.11879636347293854, 0.0590018667280674
98, 21, 0.3418876528739929, 0.4642553925514221, -0.16545160114765167, 0.1619047075510025
98, 22, 0.39055782556533813, 0.3940092623233795, -0.10511859506368637, 0.040463872253894806
98, 23, 0.3868113160133362, 0.35348033905029297, 0.0064943828620016575, 0.9999476671218872
98, 24, 0.39335301518440247, 0.35666197538375854, -0.006545697804540396, 0.9998902082443237
98, 25, 0.3924159109592438, 0.34518110752105713, 0.17848868668079376, 0.03300388529896736
98, 26, 0.39748039841651917, 0.34527769684791565, 0.1758536845445633, 0.14314062893390656
98, 27, 0.3997866213321686, 0.33979758620262146, 0.3711095452308655, 0.26694631576538086
98, 28, 0.4030579924583435, 0.3398685157299042, 0.3670821189880371, 0.2583472430706024
98, 29, 0.4017537236213684, 0.3405914008617401, 0.3922307789325714, 0.2794364094734192
98, 30, 0.40214723348617554, 0.3396272659301758, 0.3873324990272522, 0.1502290666103363
98, 31, 0.4014475345611572, 0.3332177996635437, 0.37650537490844727, 0.2665247321128845
98, 32, 0.4070062041282654, 0.3232317566871643, 0.367068350315094, 0.14747241139411926
99, 0, 0.37988150119781494, 0.4067794680595398, -0.44388967752456665, 0.9907956719398499
99, 1, 0.3753526508808136, 0.39242345094680786, -0.4587908685207367, 0.9946938157081604
99, 2, 0.37659722566604614, 0.3873991370201111, -0.458780437707901, 0.993690013885498
99, 3, 0.377862811088562, 0.38238441944122314, -0.45892930030822754, 0.9943581223487854
99, 4, 0.3702241778373718, 0.40359434485435486, -0.4484965205192566, 0.9885044693946838
99, 5, 0.36797261238098145, 0.40663692355155945, -0.4486062526702881, 0.9838446974754333
99, 6, 0.3657362759113312, 0.40971753001213074, -0.4486914277076721, 0.9890995621681213
99, 7, 0.3745739161968231, 0.36366114020347595, -0.4404531419277191, 0.9961750507354736
99, 8, 0.3584989011287689, 0.404430091381073, -0.39623022079467773, 0.9895780682563782
99, 9, 0.3840867578983307, 0.39710533618927, -0.42772236466407776, 0.9884994626045227
99, 10, 0.37109214067459106, 0.41488438844680786, -0.41506925225257874, 0.9834492802619934
99, 11, 0.3964884281158447, 0.3302854001522064, -0.38447147607803345, 0.9974473714828491
99, 12, 0.3448517918586731, 0.4142046272754669, -0.3049391508102417, 0.9990563988685608
99, 13, 0.4438847601413727, 0.3812040686607361, -0.391360878944397, 0.956590473651886
99, 14, 0.35670191049575806, 0.5086267590522766, -0.3173675537109375, 0.6519678235054016
99, 15, 0.441087007522583, 0.48597222566604614, -0.3847368657588959, 0.8639686107635498
99, 16, 0.36910420656204224, 0.5729466676712036, -0.3856617510318756, 0.6407605409622192
99, 17, 0.44016343355178833, 0.5083093643188477, -0.41479724645614624, 0.6123062968254089
99, 18, 0.36216846108436584, 0.5913472771644592, -0.41282278299331665, 0.5671614408493042
99, 19, 0.4272082448005676, 0.510812520980835, -0.4081123471260071, 0.5989963412284851
99, 20, 0.3656001091003418, 0.5856995582580566, -0.4243357181549072, 0.5844719409942627
99, 21, 0.42786845564842224, 0.5039393305778503, -0.38308048248291016, 0.5085597634315491
99, 22, 0.37215209007263184, 0.5763318538665771, -0.3933081030845642, 0.566887378692627
99, 23, 0.4394875168800354, 0.3460219204425812, -0.03427937254309654, 0.999738872051239
99, 24, 0.4148370623588562, 0.3912201225757599, 0.034236155450344086, 0.9991400241851807
99, 25, 0.48548874258995056, 0.42989692091941833, 0.1423795521259308, 0.8697935342788696
99, 26, 0.4350709319114685, 0.4513613283634186, 0.2500516474246979, 0.28281882405281067
99, 27, 0.4901774525642395, 0.3389769196510315, 0.3893258571624756, 0.6968514919281006
99, 28, 0.4554787576198578, 0.4234119951725006, 0.503011167049408, 0.09889491647481918
99, 29, 0.48698121309280396, 0.31886595487594604, 0.4176487922668457, 0.6677325963973999
99, 30, 0.4567596912384033, 0.40889841318130493, 0.5307316184043884, 0.06791351735591888
99, 31, 0.5147153735160828, 0.34517449140548706, 0.42584937810897827, 0.7783896327018738
99, 32, 0.47267207503318787, 0.4429202079772949, 0.5333452224731445, 0.18793484568595886
100, 0, 0.3922206163406372, 0.3648343086242676, -0.29841333627700806, 0.9839370250701904
100, 1, 0.3878069221973419, 0.35437044501304626, -0.310159832239151, 0.9960733652114868
100, 2, 0.38826507329940796, 0.3498590290546417, -0.3101702928543091, 0.9969857335090637
100, 3, 0.38873136043548584, 0.3453628420829773, -0.3102947473526001, 0.9965811371803284
100, 4, 0.3844779431819916, 0.3661462664604187, -0.30921873450279236, 0.9897176027297974
100, 5, 0.3827133774757385, 0.36978915333747864, -0.30928587913513184, 0.9884418845176697
100, 6, 0.38096895813941956, 0.37346240878105164, -0.309334933757782, 0.9827061891555786
100, 7, 0.3822099566459656, 0.33421000838279724, -0.29123663902282715, 0.9994268417358398
100, 8, 0.3716070353984833, 0.3765569031238556, -0.2898256480693817, 0.9975692629814148
100, 9, 0.39225682616233826, 0.359109491109848, -0.28292447328567505, 0.9930700659751892
100, 10, 0.38901448249816895, 0.371024489402771, -0.2826494574546814, 0.9889323711395264
100, 11, 0.38507843017578125, 0.30223801732063293, -0.24328497052192688, 0.999836802482605
100, 12, 0.35579273104667664, 0.4039030373096466, -0.21613721549510956, 0.9976389408111572
100, 13, 0.4275287687778473, 0.3075046241283417, -0.21044690907001495, 0.9386699795722961
100, 14, 0.35652410984039307, 0.4418707489967346, -0.14097186923027039, 0.29226869344711304
100, 15, 0.44564133882522583, 0.3727860748767853, -0.1992758810520172, 0.886151909828186
100, 16, 0.3621719479560852, 0.44830992817878723, -0.10885514318943024, 0.2706734538078308
100, 17, 0.4510219693183899, 0.3872200548648834, -0.2153925895690918, 0.687678873538971
100, 18, 0.36132779717445374, 0.45409873127937317, -0.1141328364610672, 0.21374911069869995
100, 19, 0.4405062794685364, 0.396647572517395, -0.21512040495872498, 0.684292733669281
100, 20, 0.3640843331813812, 0.4494631886482239, -0.12102200835943222, 0.23897473514080048
100, 21, 0.43630748987197876, 0.3946854770183563, -0.198526993393898, 0.5511052012443542
100, 22, 0.3651989996433258, 0.44413989782333374, -0.11050893366336823, 0.18644626438617706
100, 23, 0.407691091299057, 0.32479870319366455, -0.009875564835965633, 0.999745786190033
100, 24, 0.39857912063598633, 0.38044217228889465, 0.01002713106572628, 0.9989694356918335
100, 25, 0.4307413697242737, 0.34071585536003113, 0.1556408703327179, 0.039069294929504395
100, 26, 0.42138129472732544, 0.3782254159450531, 0.16514050960540771, 0.05354059115052223
100, 27, 0.44067883491516113, 0.3548662066459656, 0.3253658413887024, 0.07035308331251144
100, 28, 0.4337100088596344, 0.37368425726890564, 0.34183523058891296, 0.03097032755613327
100, 29, 0.44145363569259644, 0.35445576906204224, 0.3432454764842987, 0.13834786415100098
100, 30, 0.4337104856967926, 0.368148535490036, 0.3609919250011444, 0.041879214346408844
100, 31, 0.45001715421676636, 0.3683851957321167, 0.32327529788017273, 0.06010410562157631
100, 32, 0.44615086913108826, 0.3796684145927429, 0.3429696559906006, 0.02267179824411869
101, 0, 0.39532744884490967, 0.3729169964790344, -0.31287267804145813, 0.9949938654899597
101, 1, 0.3915697932243347, 0.362384170293808, -0.3257089853286743, 0.9983882904052734
101, 2, 0.39173659682273865, 0.35764792561531067, -0.3257295489311218, 0.9985957741737366
101, 3, 0.3919356167316437, 0.3529607951641083, -0.3258306682109833, 0.9988309741020203
101, 4, 0.38887298107147217, 0.374846488237381, -0.32164889574050903, 0.9966204166412354
101, 5, 0.38737913966178894, 0.3785189688205719, -0.321716845035553, 0.9954342246055603
101, 6, 0.3858885169029236, 0.3822422921657562, -0.32179081439971924, 0.9950154423713684
101, 7, 0.3846924304962158, 0.3373437523841858, -0.3118606507778168, 0.999663233757019
101, 8, 0.37593695521354675, 0.382247656583786, -0.29605236649513245, 0.998934805393219
101, 9, 0.394192099571228, 0.36352792382240295, -0.2992444932460785, 0.9986177682876587
101, 10, 0.39186763763427734, 0.3755283057689667, -0.294756680727005, 0.997991681098938
101, 11, 0.3862464725971222, 0.2956654131412506, -0.26776552200317383, 0.9998397827148438
101, 12, 0.3596513867378235, 0.4064672291278839, -0.22974970936775208, 0.9988037347793579
101, 13, 0.4302801489830017, 0.31035301089286804, -0.27360236644744873, 0.9534008502960205
101, 14, 0.383571982383728, 0.4378836750984192, -0.2061745673418045, 0.24679626524448395
101, 15, 0.4461914896965027, 0.3855297565460205, -0.30754706263542175, 0.9301403164863586
101, 16, 0.41654977202415466, 0.4439845681190491, -0.24401040375232697, 0.2037101536989212
101, 17, 0.45192795991897583, 0.397018700838089, -0.3389134109020233, 0.7955569624900818
101, 18, 0.42294225096702576, 0.4528927803039551, -0.2669236958026886, 0.17438404262065887
101, 19, 0.4424477517604828, 0.4093642830848694, -0.3397417664527893, 0.8007896542549133
101, 20, 0.4241577088832855, 0.44171440601348877, -0.27550435066223145, 0.2073584496974945
101, 21, 0.4392786920070648, 0.4058341681957245, -0.30927878618240356, 0.664753258228302
101, 22, 0.42232996225357056, 0.4348946511745453, -0.24922721087932587, 0.15915319323539734
101, 23, 0.4077008366584778, 0.3272375464439392, -0.009500198997557163, 0.9996108412742615
101, 24, 0.39555519819259644, 0.3840009570121765, 0.009663619101047516, 0.999067485332489
101, 25, 0.4140108525753021, 0.35144099593162537, 0.1626686155796051, 0.024661293253302574
101, 26, 0.40691208839416504, 0.3883007764816284, 0.1657746285200119, 0.04893255606293678
101, 27, 0.4158386290073395, 0.37666383385658264, 0.3519291579723358, 0.013450737111270428
101, 28, 0.4077853262424469, 0.3972025215625763, 0.37412264943122864, 0.006295525468885899
101, 29, 0.41530925035476685, 0.377640962600708, 0.37128502130508423, 0.02021164819598198
101, 30, 0.40675848722457886, 0.39450913667678833, 0.3963232636451721, 0.007147721480578184
101, 31, 0.4231143593788147, 0.3926292955875397, 0.3480511009693146, 0.03162805363535881
101, 32, 0.41668158769607544, 0.40643417835235596, 0.3794565498828888, 0.01643124409019947
102, 0, 0.38114404678344727, 0.3458743095397949, -0.325575590133667, 0.9962571859359741
102, 1, 0.3792153596878052, 0.33897578716278076, -0.3371516764163971, 0.9938061237335205
102, 2, 0.379686564207077, 0.3360607326030731, -0.3371281027793884, 0.9939992427825928
102, 3, 0.38018497824668884, 0.33315300941467285, -0.33723074197769165, 0.9924726486206055
102, 4, 0.3766270875930786, 0.3471916913986206, -0.3356803357601166, 0.9847133755683899
102, 5, 0.37539371848106384, 0.3501899838447571, -0.33571937680244446, 0.982394278049469
102, 6, 0.3742141127586365, 0.3532053828239441, -0.33573514223098755, 0.9709886908531189
102, 7, 0.3772393763065338, 0.3273434638977051, -0.3225129544734955, 0.99614018201828
102, 8, 0.3689222037792206, 0.3570171892642975, -0.3152703642845154, 0.98862224817276
102, 9, 0.3812316656112671, 0.34185591340065, -0.3120999038219452, 0.9824659824371338
102, 10, 0.37871044874191284, 0.35165002942085266, -0.3105882406234741, 0.9438508152961731
102, 11, 0.3772927522659302, 0.3134452700614929, -0.258952260017395, 0.9955849647521973
102, 12, 0.35041338205337524, 0.38649728894233704, -0.25763165950775146, 0.9855018854141235
102, 13, 0.39347949624061584, 0.2963838577270508, -0.22165031731128693, 0.9311547875404358
102, 14, 0.33387500047683716, 0.4441690742969513, -0.24193823337554932, 0.9828018546104431
102, 15, 0.4125123918056488, 0.319724440574646, -0.18326951563358307, 0.39556485414505005
102, 16, 0.341525137424469, 0.4643290340900421, -0.22258993983268738, 0.7490460872650146
102, 17, 0.42070332169532776, 0.32363730669021606, -0.1899166703224182, 0.2964169383049011
102, 18, 0.33946871757507324, 0.47989535331726074, -0.23251250386238098, 0.41733092069625854
102, 19, 0.4180690348148346, 0.3329648971557617, -0.19292162358760834, 0.3284398913383484
102, 20, 0.3429681956768036, 0.47420910000801086, -0.2375907599925995, 0.4214940667152405
102, 21, 0.4149187207221985, 0.3325935900211334, -0.1840915083885193, 0.4329744577407837
102, 22, 0.3446106016635895, 0.46774646639823914, -0.22499772906303406, 0.40896135568618774
102, 23, 0.39910128712654114, 0.3424134850502014, -0.004267644602805376, 0.9977695941925049
102, 24, 0.38786953687667847, 0.3828889727592468, 0.004159404896199703, 0.9921560287475586
102, 25, 0.41674166917800903, 0.35815200209617615, 0.16525989770889282, 0.29296940565109253
102, 26, 0.4051646292209625, 0.4004073143005371, 0.1735353171825409, 0.3613516390323639
102, 27, 0.4226127564907074, 0.38583704829216003, 0.3591134250164032, 0.14340202510356903
102, 28, 0.4162207245826721, 0.4110035002231598, 0.36677876114845276, 0.15539592504501343
102, 29, 0.4215417504310608, 0.3926628828048706, 0.37984076142311096, 0.20642852783203125
102, 30, 0.41583070158958435, 0.41138631105422974, 0.38745877146720886, 0.1255396455526352
102, 31, 0.4331677556037903, 0.39348602294921875, 0.367707222700119, 0.4017028510570526
102, 32, 0.4276098310947418, 0.4124840199947357, 0.3716672360897064, 0.20162895321846008
103, 0, 0.39525794982910156, 0.3446178436279297, -0.34614259004592896, 0.954069972038269
103, 1, 0.3896753787994385, 0.33478713035583496, -0.3559543490409851, 0.9426044225692749
103, 2, 0.3894713222980499, 0.32999083399772644, -0.35590752959251404, 0.9521138668060303
103, 3, 0.3892861306667328, 0.3251899182796478, -0.35595789551734924, 0.9215306639671326
103, 4, 0.3885364532470703, 0.34850120544433594, -0.35701319575309753, 0.9302220940589905
103, 5, 0.3876122534275055, 0.3528655469417572, -0.35710838437080383, 0.9483661651611328
103, 6, 0.38670727610588074, 0.3572029173374176, -0.3571647107601166, 0.9150936603546143
103, 7, 0.3824763596057892, 0.3156261146068573, -0.3274885416030884, 0.9790522456169128
103, 8, 0.37869688868522644, 0.3632239103317261, -0.33249154686927795, 0.9842126965522766
103, 9, 0.3942270278930664, 0.3381541669368744, -0.32689613103866577, 0.9388720989227295
103, 10, 0.3932066857814789, 0.3523263931274414, -0.3285914659500122, 0.9002819061279297
103, 11, 0.3782793879508972, 0.29241299629211426, -0.2505040168762207, 0.9947726130485535
103, 12, 0.365879088640213, 0.3967289328575134, -0.2673407793045044, 0.9956182241439819
103, 13, 0.4011833071708679, 0.2814598083496094, -0.17209793627262115, 0.736163854598999
103, 14, 0.36746275424957275, 0.45040982961654663, -0.22395333647727966, 0.992183268070221
103, 15, 0.4369000792503357, 0.3168177604675293, -0.12294342368841171, 0.6807571053504944
103, 16, 0.3747449815273285, 0.4570862948894501, -0.1897510439157486, 0.9455283880233765
103, 17, 0.4489730894565582, 0.31643593311309814, -0.12658913433551788, 0.3778073489665985
103, 18, 0.37551504373550415, 0.465194433927536, -0.2008092850446701, 0.8272827863693237
103, 19, 0.4457620680332184, 0.3307550549507141, -0.13269096612930298, 0.3673226535320282
103, 20, 0.3755472004413605, 0.4540160596370697, -0.2063942700624466, 0.8233760595321655
103, 21, 0.4414753019809723, 0.33353278040885925, -0.1236489862203598, 0.3461449444293976
103, 22, 0.3764214813709259, 0.449958473443985, -0.19112344086170197, 0.7478078007698059
103, 23, 0.3941539525985718, 0.3291347920894623, 0.004127411637455225, 0.9854713678359985
103, 24, 0.3884444534778595, 0.3858204185962677, -0.004023265093564987, 0.9882638454437256
103, 25, 0.40752607583999634, 0.3482641875743866, 0.18807032704353333, 0.036398403346538544
103, 26, 0.4080335199832916, 0.4072054624557495, 0.17164890468120575, 0.1486455798149109
103, 27, 0.4145653247833252, 0.3741120994091034, 0.38683757185935974, 0.05861286073923111
103, 28, 0.4217497408390045, 0.4242791533470154, 0.362998902797699, 0.0918983668088913
103, 29, 0.4135720133781433, 0.37963196635246277, 0.40793734788894653, 0.07389046251773834
103, 30, 0.4208536148071289, 0.42424213886260986, 0.3832075297832489, 0.07076092064380646
103, 31, 0.4297894537448883, 0.37594902515411377, 0.38941675424575806, 0.06737195700407028
103, 32, 0.44051748514175415, 0.4237399995326996, 0.356854110956192, 0.08003060519695282
104, 0, 0.3940940797328949, 0.32687079906463623, -0.27591681480407715, 0.9895471334457397
104, 1, 0.39250707626342773, 0.31668058037757874, -0.2783222198486328, 0.9858502745628357
104, 2, 0.3933255076408386, 0.31391146779060364, -0.2782767415046692, 0.9858124256134033
104, 3, 0.394131064414978, 0.31109750270843506, -0.278338760137558, 0.9856318235397339
104, 4, 0.3887269198894501, 0.32473117113113403, -0.2853683531284332, 0.983250081539154
104, 5, 0.38694000244140625, 0.32709801197052, -0.28541621565818787, 0.9851727485656738
104, 6, 0.3851838707923889, 0.3294649124145508, -0.28549957275390625, 0.9715132713317871
104, 7, 0.38965246081352234, 0.3069375157356262, -0.24240021407604218, 0.991982638835907
104, 8, 0.3765241205692291, 0.3339694142341614, -0.2754593789577484, 0.9812541007995605
104, 9, 0.39366981387138367, 0.3277106285095215, -0.2572390139102936, 0.9626365303993225
104, 10, 0.3894118666648865, 0.3355099856853485, -0.2670803964138031, 0.9169375896453857
104, 11, 0.38712558150291443, 0.3033731281757355, -0.17691658437252045, 0.9920306205749512
104, 12, 0.36205559968948364, 0.3800069987773895, -0.2251633107662201, 0.9713696241378784
104, 13, 0.40301331877708435, 0.30398744344711304, -0.07401896268129349, 0.22970585525035858
104, 14, 0.355754017829895, 0.43789052963256836, -0.22718389332294464, 0.9747453927993774
104, 15, 0.4263682961463928, 0.3223775029182434, 0.01989569514989853, 0.07389379292726517
104, 16, 0.35132214426994324, 0.47569021582603455, -0.2223966419696808, 0.762115478515625
104, 17, 0.4340522289276123, 0.323294997215271, 0.03524886071681976, 0.049817364662885666
104, 18, 0.34641948342323303, 0.48596158623695374, -0.23055553436279297, 0.5497756004333496
104, 19, 0.4339979290962219, 0.3279450833797455, 0.02878761850297451, 0.06429271399974823
104, 20, 0.34820467233657837, 0.48621347546577454, -0.23914746940135956, 0.5770411491394043
104, 21, 0.4306086003780365, 0.33037692308425903, 0.020382240414619446, 0.08585812896490097
104, 22, 0.35102689266204834, 0.48180854320526123, -0.22639048099517822, 0.5030587315559387
104, 23, 0.40435171127319336, 0.3539484143257141, 0.016352904960513115, 0.9991065859794617
104, 24, 0.3935762941837311, 0.39547619223594666, -0.016464682295918465, 0.9955630302429199
104, 25, 0.42560023069381714, 0.36251944303512573, 0.13509885966777802, 0.41551870107650757
104, 26, 0.4154803156852722, 0.39899173378944397, 0.10006529092788696, 0.3374751806259155
104, 27, 0.43079686164855957, 0.40194272994995117, 0.2959460914134979, 0.11566241085529327
104, 28, 0.4294242262840271, 0.4227501451969147, 0.2636660039424896, 0.09041602164506912
104, 29, 0.4292338788509369, 0.41045787930488586, 0.3130706250667572, 0.13515129685401917
104, 30, 0.42859992384910583, 0.42885029315948486, 0.28030383586883545, 0.056818462908267975
104, 31, 0.4427761435508728, 0.4097821116447449, 0.29783135652542114, 0.365304559469223
104, 32, 0.4472416043281555, 0.4152652621269226, 0.25907430052757263, 0.15863697230815887
105, 0, 0.39927828311920166, 0.33084484934806824, -0.31288379430770874, 0.9807347655296326
105, 1, 0.39645811915397644, 0.31931084394454956, -0.3161107003688812, 0.9372216463088989
105, 2, 0.3972233831882477, 0.3156105875968933, -0.31606224179267883, 0.9533307552337646
105, 3, 0.39798060059547424, 0.31189584732055664, -0.31612902879714966, 0.9214509129524231
105, 4, 0.39265865087509155, 0.33017247915267944, -0.32125023007392883, 0.9312318563461304
105, 5, 0.39088907837867737, 0.3334108293056488, -0.32130762934684753, 0.951614260673523
105, 6, 0.3891609013080597, 0.33663833141326904, -0.32137957215309143, 0.8656665086746216
105, 7, 0.39362168312072754, 0.3062654733657837, -0.2793331444263458, 0.9543197751045227
105, 8, 0.3807118237018585, 0.34288230538368225, -0.30367958545684814, 0.9284413456916809
105, 9, 0.39956560730934143, 0.32975709438323975, -0.29347383975982666, 0.8747431039810181
105, 10, 0.3953855335712433, 0.3407227694988251, -0.3008600175380707, 0.7706500887870789
105, 11, 0.3919466435909271, 0.2995545268058777, -0.20657417178153992, 0.990423321723938
105, 12, 0.36698195338249207, 0.3907109200954437, -0.24251124262809753, 0.9487396478652954
105, 13, 0.40973082184791565, 0.2966294586658478, -0.0991206094622612, 0.25585511326789856
105, 14, 0.3552689254283905, 0.45359137654304504, -0.23373576998710632, 0.969417929649353
105, 15, 0.43274492025375366, 0.312194287776947, 0.0016937196487560868, 0.23029465973377228
105, 16, 0.3536354899406433, 0.4938005805015564, -0.21235767006874084, 0.7269039750099182
105, 17, 0.44049230217933655, 0.3105773627758026, 0.017452359199523926, 0.16024143993854523
105, 18, 0.3492003083229065, 0.5069737434387207, -0.21833185851573944, 0.45646804571151733
105, 19, 0.4391443133354187, 0.31592458486557007, 0.011457176879048347, 0.19186921417713165
105, 20, 0.35180121660232544, 0.50469571352005, -0.22691121697425842, 0.47563013434410095
105, 21, 0.4360632002353668, 0.31973639130592346, 0.003152245655655861, 0.21344789862632751
105, 22, 0.3547326624393463, 0.49920183420181274, -0.21577498316764832, 0.4152643084526062
105, 23, 0.40287700295448303, 0.3478871285915375, 0.010867980308830738, 0.9971116781234741
105, 24, 0.3896678686141968, 0.3975461423397064, -0.010889770463109016, 0.9912492036819458
105, 25, 0.42126530408859253, 0.3566187024116516, 0.15466247498989105, 0.45489639043807983
105, 26, 0.4085478186607361, 0.4378981590270996, 0.12402261793613434, 0.5374071002006531
105, 27, 0.4364166259765625, 0.39973512291908264, 0.3246161937713623, 0.2799254357814789
105, 28, 0.42318254709243774, 0.4866315722465515, 0.2725815773010254, 0.4079614579677582
105, 29, 0.43529611825942993, 0.40721458196640015, 0.3424092233181, 0.2441151738166809
105, 30, 0.42380863428115845, 0.49017345905303955, 0.286850243806839, 0.20652447640895844
105, 31, 0.45264726877212524, 0.4158545732498169, 0.31810688972473145, 0.39923152327537537
105, 32, 0.4386807382106781, 0.4995696544647217, 0.24810822308063507, 0.30292508006095886
106, 0, 0.3995613157749176, 0.35453110933303833, -0.33419355750083923, 0.9849224090576172
106, 1, 0.394046425819397, 0.3415149450302124, -0.34426870942115784, 0.9957210421562195
106, 2, 0.394275426864624, 0.3361113667488098, -0.3442656099796295, 0.995627760887146
106, 3, 0.3945170044898987, 0.33076295256614685, -0.34435397386550903, 0.996044933795929
106, 4, 0.3909555673599243, 0.35646742582321167, -0.34368398785591125, 0.9937818646430969
106, 5, 0.38927939534187317, 0.360715389251709, -0.3437654972076416, 0.9924029111862183
106, 6, 0.38762325048446655, 0.3649580776691437, -0.34384584426879883, 0.990777850151062
106, 7, 0.38647669553756714, 0.3154021203517914, -0.3170911967754364, 0.9993448853492737
106, 8, 0.37643900513648987, 0.367122620344162, -0.3161649703979492, 0.998842179775238
106, 9, 0.39692917466163635, 0.351162314414978, -0.3156992793083191, 0.9967138767242432
106, 10, 0.3963620066642761, 0.36039766669273376, -0.315576434135437, 0.9957869648933411
106, 11, 0.39042121171951294, 0.27848008275032043, -0.2567930221557617, 0.9998924732208252
106, 12, 0.3607824444770813, 0.4023950695991516, -0.23727309703826904, 0.9989880919456482
106, 13, 0.43074122071266174, 0.2792009115219116, -0.21320001780986786, 0.8932868242263794
106, 14, 0.3776543140411377, 0.4407844841480255, -0.1723330318927765, 0.5897326469421387
106, 15, 0.462609201669693, 0.34145236015319824, -0.201570063829422, 0.8356612920761108
106, 16, 0.41604289412498474, 0.45059362053871155, -0.15036135911941528, 0.39575380086898804
106, 17, 0.4727858901023865, 0.347771018743515, -0.219829723238945, 0.6161370277404785
106, 18, 0.42291849851608276, 0.46175211668014526, -0.16063323616981506, 0.293727844953537
106, 19, 0.465471088886261, 0.3640558421611786, -0.22276201844215393, 0.6130152344703674
106, 20, 0.42527109384536743, 0.4492768943309784, -0.170111745595932, 0.32415905594825745
106, 21, 0.4608071744441986, 0.36416980624198914, -0.20244601368904114, 0.5097297430038452
106, 22, 0.4235227108001709, 0.441271036863327, -0.15345217287540436, 0.23240473866462708
106, 23, 0.4078446924686432, 0.32381153106689453, -0.005802174564450979, 0.9996888637542725
106, 24, 0.39338418841362, 0.3863413631916046, 0.005910414271056652, 0.9991081357002258
106, 25, 0.4261971414089203, 0.3573712706565857, 0.15985558927059174, 0.02856137976050377
106, 26, 0.41144976019859314, 0.4109150469303131, 0.1711878925561905, 0.05486457422375679
106, 27, 0.4351266324520111, 0.4035317003726959, 0.33982062339782715, 0.05918053537607193
106, 28, 0.4258504807949066, 0.43608444929122925, 0.34747299551963806, 0.04663330316543579
106, 29, 0.43501871824264526, 0.4077906012535095, 0.3581807017326355, 0.07113262265920639
106, 30, 0.4271884858608246, 0.43404415249824524, 0.36557403206825256, 0.048956047743558884
106, 31, 0.4473957121372223, 0.4240441918373108, 0.3302479088306427, 0.06911854445934296
106, 32, 0.43986135721206665, 0.45755714178085327, 0.3360203504562378, 0.06351368129253387
107, 0, 0.4079781174659729, 0.3417491316795349, -0.28770580887794495, 0.9943091869354248
107, 1, 0.40620654821395874, 0.3285735845565796, -0.29423487186431885, 0.9976503252983093
107, 2, 0.40742912888526917, 0.3245134651660919, -0.29421913623809814, 0.9971731901168823
107, 3, 0.40867939591407776, 0.3204670548439026, -0.29428866505622864, 0.9978336691856384
107, 4, 0.4005659222602844, 0.33996856212615967, -0.29817700386047363, 0.9935142993927002
107, 5, 0.3980638086795807, 0.34321168065071106, -0.29825472831726074, 0.9898964166641235
107, 6, 0.3955858051776886, 0.34640780091285706, -0.2983309030532837, 0.9877508878707886
107, 7, 0.40278011560440063, 0.3096844255924225, -0.2594733238220215, 0.9993765950202942
107, 8, 0.3837431073188782, 0.3495837152004242, -0.2795846164226532, 0.9940328001976013
107, 9, 0.40752214193344116, 0.33936914801597595, -0.26738423109054565, 0.9950160384178162
107, 10, 0.4018767476081848, 0.34992682933807373, -0.27333351969718933, 0.9875048995018005
107, 11, 0.4028770327568054, 0.29598137736320496, -0.20144858956336975, 0.998812198638916
107, 12, 0.35526400804519653, 0.384702205657959, -0.21443748474121094, 0.9776936769485474
107, 13, 0.4422719478607178, 0.29992181062698364, -0.1686955839395523, 0.9721970558166504
107, 14, 0.3474745452404022, 0.45617204904556274, -0.1916167289018631, 0.9790205955505371
107, 15, 0.46680206060409546, 0.36692148447036743, -0.16952453553676605, 0.934118390083313
107, 16, 0.3437731862068176, 0.5136046409606934, -0.20021513104438782, 0.839547872543335
107, 17, 0.4817529618740082, 0.3720512390136719, -0.18194299936294556, 0.6758010983467102
107, 18, 0.3430759012699127, 0.52280592918396, -0.21425728499889374, 0.5846020579338074
107, 19, 0.47510844469070435, 0.383478581905365, -0.18905234336853027, 0.6793664693832397
107, 20, 0.345045804977417, 0.5220947265625, -0.2257719486951828, 0.6391561627388
107, 21, 0.46644800901412964, 0.38673001527786255, -0.17269717156887054, 0.6736965179443359
107, 22, 0.34825295209884644, 0.5183546543121338, -0.20593242347240448, 0.5960289239883423
107, 23, 0.40961605310440063, 0.3422023057937622, 0.004764418117702007, 0.9980431795120239
107, 24, 0.3922644257545471, 0.3929336667060852, -0.004691965878009796, 0.9952521324157715
107, 25, 0.4253446161746979, 0.3504251539707184, 0.1347564458847046, 0.21448026597499847
107, 26, 0.4166638255119324, 0.4269547760486603, 0.11752109229564667, 0.3969091475009918
107, 27, 0.44023066759109497, 0.4025627076625824, 0.27986544370651245, 0.15304462611675262
107, 28, 0.43281111121177673, 0.460216224193573, 0.25619053840637207, 0.2072126567363739
107, 29, 0.439791738986969, 0.41175955533981323, 0.2948368787765503, 0.12601308524608612
107, 30, 0.43326932191848755, 0.46055474877357483, 0.27029645442962646, 0.10191520303487778
107, 31, 0.45652610063552856, 0.4187037944793701, 0.27352187037467957, 0.28518182039260864
107, 32, 0.44952040910720825, 0.4756149351596832, 0.24103550612926483, 0.24395433068275452
108, 0, 0.40544551610946655, 0.34012776613235474, -0.2785787880420685, 0.9929532408714294
108, 1, 0.40407925844192505, 0.3272538185119629, -0.2844778001308441, 0.9974168539047241
108, 2, 0.4053201675415039, 0.32345807552337646, -0.2844722270965576, 0.9970173835754395
108, 3, 0.4065795838832855, 0.31968367099761963, -0.2845478057861328, 0.9978041052818298
108, 4, 0.3984498083591461, 0.33774533867836, -0.2883117198944092, 0.992066502571106
108, 5, 0.3959912359714508, 0.3406626284122467, -0.28837835788726807, 0.9873494505882263
108, 6, 0.3935595750808716, 0.3435311019420624, -0.2884460985660553, 0.9849072694778442
108, 7, 0.40088194608688354, 0.3087849020957947, -0.24989815056324005, 0.9991989731788635
108, 8, 0.38188034296035767, 0.3456305265426636, -0.26944854855537415, 0.9917531609535217
108, 9, 0.40486112236976624, 0.33784666657447815, -0.25857120752334595, 0.9928465485572815
108, 10, 0.39926961064338684, 0.3475057780742645, -0.2643696665763855, 0.9839017987251282
108, 11, 0.40145939588546753, 0.2960187792778015, -0.19445204734802246, 0.9979110360145569
108, 12, 0.3558151125907898, 0.3786861300468445, -0.20480987429618835, 0.9622905254364014
108, 13, 0.44185933470726013, 0.3056367039680481, -0.1658962368965149, 0.9146013259887695
108, 14, 0.3393767774105072, 0.44550973176956177, -0.18340477347373962, 0.9518659710884094
108, 15, 0.46849924325942993, 0.3625165820121765, -0.1677243560552597, 0.8636443018913269
108, 16, 0.35413092374801636, 0.49141770601272583, -0.19449114799499512, 0.7529347538948059
108, 17, 0.4805176258087158, 0.367628276348114, -0.18013474345207214, 0.5460199117660522
108, 18, 0.3507212698459625, 0.5047956705093384, -0.20790448784828186, 0.5183141827583313
108, 19, 0.4749875068664551, 0.3778141438961029, -0.18827444314956665, 0.5575454235076904
108, 20, 0.3530201315879822, 0.5015449523925781, -0.21945396065711975, 0.5786930918693542
108, 21, 0.4699177145957947, 0.3788246214389801, -0.17147491872310638, 0.5738482475280762
108, 22, 0.35640954971313477, 0.49638429284095764, -0.2001829445362091, 0.5370373725891113
108, 23, 0.4095762372016907, 0.34345582127571106, 0.003470689756795764, 0.998439371585846
108, 24, 0.391915500164032, 0.3897072672843933, -0.0034337728284299374, 0.9949963092803955
108, 25, 0.4256264567375183, 0.3570057451725006, 0.12997542321681976, 0.16163259744644165
108, 26, 0.4140309691429138, 0.42145344614982605, 0.12014453113079071, 0.2798923850059509
108, 27, 0.4393475651741028, 0.4079919457435608, 0.27066099643707275, 0.14411866664886475
108, 28, 0.4321516454219818, 0.446315735578537, 0.25843802094459534, 0.14766354858875275
108, 29, 0.43904948234558105, 0.4162381589412689, 0.2849055826663971, 0.1330115795135498
108, 30, 0.43333369493484497, 0.4454798698425293, 0.27218642830848694, 0.07594657689332962
108, 31, 0.454254150390625, 0.42375892400741577, 0.26306310296058655, 0.29338207840919495
108, 32, 0.44810301065444946, 0.4605378806591034, 0.243780255317688, 0.20598061382770538
109, 0, 0.4084969162940979, 0.3375220000743866, -0.26986056566238403, 0.9967420697212219
109, 1, 0.407447874546051, 0.3261767327785492, -0.272832453250885, 0.9986263513565063
109, 2, 0.4087476134300232, 0.3231087327003479, -0.2728308141231537, 0.9985170960426331
109, 3, 0.41006770730018616, 0.32005149126052856, -0.27290427684783936, 0.9987552165985107
109, 4, 0.4017476439476013, 0.3349275290966034, -0.2785394489765167, 0.9963709115982056
109, 5, 0.39924123883247375, 0.33753034472465515, -0.27861487865448, 0.9952783584594727
109, 6, 0.3967580795288086, 0.34011176228523254, -0.27867817878723145, 0.9934002161026001
109, 7, 0.404994398355484, 0.3135562837123871, -0.23404724895954132, 0.9995415210723877
109, 8, 0.3857417106628418, 0.3440909683704376, -0.26217377185821533, 0.9964258074760437
109, 9, 0.4043216109275818, 0.32998979091644287, -0.24928800761699677, 0.9951598048210144
109, 10, 0.40195807814598083, 0.34591764211654663, -0.2576298117637634, 0.9900770783424377
109, 11, 0.4044090807437897, 0.3081536889076233, -0.18494705855846405, 0.9990546107292175
109, 12, 0.36190274357795715, 0.3792235851287842, -0.2054523527622223, 0.9657124280929565
109, 13, 0.4405590891838074, 0.311298131942749, -0.1623990386724472, 0.969944179058075
109, 14, 0.3420189619064331, 0.442216157913208, -0.18656675517559052, 0.9722033739089966
109, 15, 0.4652751088142395, 0.37319445610046387, -0.1712317019701004, 0.9488356113433838
109, 16, 0.3507029712200165, 0.49145644903182983, -0.1937616467475891, 0.8627153038978577
109, 17, 0.47888070344924927, 0.38278892636299133, -0.18533411622047424, 0.7564899325370789
109, 18, 0.3443716764450073, 0.5176958441734314, -0.20905157923698425, 0.6547145247459412
109, 19, 0.47169631719589233, 0.3973143398761749, -0.19284860789775848, 0.7642487287521362
109, 20, 0.3471318185329437, 0.5195630788803101, -0.22056333720684052, 0.7057984471321106
109, 21, 0.46815305948257446, 0.3921627998352051, -0.1752404123544693, 0.7717731595039368
109, 22, 0.34838631749153137, 0.5154483318328857, -0.19963955879211426, 0.6315081119537354
109, 23, 0.41054779291152954, 0.3523711860179901, 0.0059839230962097645, 0.9985070824623108
109, 24, 0.3934374749660492, 0.3926408886909485, -0.00600086897611618, 0.9942027926445007
109, 25, 0.42724671959877014, 0.36339983344078064, 0.14661674201488495, 0.17061837017536163
109, 26, 0.4093940854072571, 0.4152730405330658, 0.12959805130958557, 0.28678563237190247
109, 27, 0.4350217282772064, 0.3972121477127075, 0.29126378893852234, 0.09494509547948837
109, 28, 0.4270884394645691, 0.42877599596977234, 0.27258023619651794, 0.10050270706415176
109, 29, 0.433692991733551, 0.4029393792152405, 0.3067266047000885, 0.11212503910064697
109, 30, 0.42783817648887634, 0.428552508354187, 0.28741389513015747, 0.055304449051618576
109, 31, 0.4489925503730774, 0.40960490703582764, 0.28962114453315735, 0.2203621119260788
109, 32, 0.4444572329521179, 0.43356186151504517, 0.26278361678123474, 0.12599389255046844
110, 0, 0.4060959219932556, 0.33968615531921387, -0.26867014169692993, 0.9885761141777039
110, 1, 0.40496644377708435, 0.3277498483657837, -0.27214714884757996, 0.9952574372291565
110, 2, 0.4062955975532532, 0.3245469927787781, -0.2721439301967621, 0.9944387674331665
110, 3, 0.40764927864074707, 0.32135313749313354, -0.2722231447696686, 0.9959885478019714
110, 4, 0.39930346608161926, 0.3366329073905945, -0.2772345542907715, 0.9864266514778137
110, 5, 0.3968193829059601, 0.339284747838974, -0.27729836106300354, 0.9796232581138611
110, 6, 0.3943561613559723, 0.34191402792930603, -0.27736368775367737, 0.9771530628204346
110, 7, 0.40272337198257446, 0.31399255990982056, -0.2341163605451584, 0.99828040599823
110, 8, 0.3835354149341583, 0.34536150097846985, -0.25936540961265564, 0.9851551651954651
110, 9, 0.40576839447021484, 0.33930855989456177, -0.248223215341568, 0.9864816665649414
110, 10, 0.39984753727912903, 0.3480331003665924, -0.2557544410228729, 0.9743326902389526
110, 11, 0.4024635851383209, 0.30889493227005005, -0.18366627395153046, 0.9970641732215881
110, 12, 0.3567335605621338, 0.38231360912323, -0.19930587708950043, 0.9299218058586121
110, 13, 0.43271899223327637, 0.3248657286167145, -0.16087619960308075, 0.9661446809768677
110, 14, 0.34037768840789795, 0.4494808614253998, -0.18151924014091492, 0.9776434302330017
110, 15, 0.46342581510543823, 0.3779394030570984, -0.1685456782579422, 0.9375048875808716
110, 16, 0.3450150787830353, 0.5129169821739197, -0.19382435083389282, 0.8725147247314453
110, 17, 0.47755923867225647, 0.3853991627693176, -0.1815999448299408, 0.7143911719322205
110, 18, 0.3446403443813324, 0.5204953551292419, -0.2084166556596756, 0.6508616209030151
110, 19, 0.4718141555786133, 0.39572441577911377, -0.1891692876815796, 0.7216784954071045
110, 20, 0.3476870357990265, 0.5227585434913635, -0.2197820246219635, 0.6975043416023254
110, 21, 0.466763436794281, 0.3950500786304474, -0.17230750620365143, 0.7315120100975037
110, 22, 0.3483278453350067, 0.5213918685913086, -0.199555441737175, 0.6384730339050293
110, 23, 0.41196686029434204, 0.35597071051597595, 0.003957157488912344, 0.9956797361373901
110, 24, 0.3954518437385559, 0.39764928817749023, -0.003969170618802309, 0.9839394092559814
110, 25, 0.4279416501522064, 0.3632848858833313, 0.13186262547969818, 0.29647117853164673
110, 26, 0.4141555428504944, 0.43118876218795776, 0.11905045807361603, 0.34174954891204834
110, 27, 0.4400300979614258, 0.41025760769844055, 0.26562273502349854, 0.15522998571395874
110, 28, 0.4339585304260254, 0.448050856590271, 0.2482110559940338, 0.12328045815229416
110, 29, 0.4395322799682617, 0.41861671209335327, 0.27964913845062256, 0.15659667551517487
110, 30, 0.43539613485336304, 0.4479001760482788, 0.26146745681762695, 0.05926354601979256
110, 31, 0.45442208647727966, 0.4245477318763733, 0.2599538266658783, 0.29305359721183777
110, 32, 0.4506646990776062, 0.45421481132507324, 0.23319661617279053, 0.14427387714385986
111, 0, 0.39305615425109863, 0.39485642313957214, -0.42053741216659546, 0.9999158382415771
111, 1, 0.39447999000549316, 0.3826124966144562, -0.4314248561859131, 0.9997249245643616
111, 2, 0.39717981219291687, 0.3782777488231659, -0.43132901191711426, 0.9996869564056396
111, 3, 0.4000219404697418, 0.37311244010925293, -0.43136101961135864, 0.9994392991065979
111, 4, 0.38652727007865906, 0.3865869641304016, -0.42779526114463806, 0.9998347759246826
111, 5, 0.383905291557312, 0.3861244320869446, -0.4278763234615326, 0.9998577833175659
111, 6, 0.38039278984069824, 0.3857225179672241, -0.4279564321041107, 0.9998045563697815
111, 7, 0.40339332818984985, 0.34537315368652344, -0.39190295338630676, 0.9997307658195496
111, 8, 0.3738632798194885, 0.3669252097606659, -0.37667086720466614, 0.9999135732650757
111, 9, 0.39877378940582275, 0.38943052291870117, -0.3973767161369324, 0.9998871088027954
111, 10, 0.39102715253829956, 0.39573752880096436, -0.3931802213191986, 0.9999376535415649
111, 11, 0.4343765676021576, 0.3182767629623413, -0.28225791454315186, 0.9997730851173401
111, 12, 0.35035571455955505, 0.383680135011673, -0.28617963194847107, 0.9999927282333374
111, 13, 0.4700949192047119, 0.3614088296890259, -0.1723097860813141, 0.9343170523643494
111, 14, 0.3398877680301666, 0.44981542229652405, -0.24424198269844055, 0.9749886989593506
111, 15, 0.4773405194282532, 0.4421904683113098, -0.0885523185133934, 0.6959283351898193
111, 16, 0.35023000836372375, 0.5238407254219055, -0.233130544424057, 0.9430727958679199
111, 17, 0.48396825790405273, 0.45614466071128845, -0.07383473217487335, 0.4731230139732361
111, 18, 0.3491670489311218, 0.5401204228401184, -0.23533856868743896, 0.851709246635437
111, 19, 0.47973838448524475, 0.4630260765552521, -0.08376829326152802, 0.5137826204299927
111, 20, 0.3556537628173828, 0.541799783706665, -0.2486853301525116, 0.8749553561210632
111, 21, 0.474033921957016, 0.4603978395462036, -0.08698513358831406, 0.4929535388946533
111, 22, 0.35853394865989685, 0.5350128412246704, -0.2361743152141571, 0.849091649055481
111, 23, 0.4393318295478821, 0.40406912565231323, 0.008940515108406544, 0.9995495676994324
111, 24, 0.39460888504981995, 0.4354366362094879, -0.009009606204926968, 0.999871015548706
111, 25, 0.4844430088996887, 0.48558446764945984, 0.043406810611486435, 0.8546205163002014
111, 26, 0.3955721855163574, 0.5372327566146851, -0.04973470792174339, 0.957500159740448
111, 27, 0.4592495858669281, 0.5472134947776794, 0.24818643927574158, 0.6286190152168274
111, 28, 0.40565723180770874, 0.6304714679718018, 0.08045144379138947, 0.9568604230880737
111, 29, 0.45173296332359314, 0.5496891736984253, 0.26761600375175476, 0.4785989224910736
111, 30, 0.40919655561447144, 0.6352454423904419, 0.0918472409248352, 0.7566277980804443
111, 31, 0.4664154052734375, 0.5939158797264099, 0.22942635416984558, 0.7435210347175598
111, 32, 0.4111824631690979, 0.6871629953384399, 0.028687888756394386, 0.9594926238059998
112, 0, 0.3967013657093048, 0.39611944556236267, -0.43594321608543396, 0.9998300075531006
112, 1, 0.39785516262054443, 0.38440078496932983, -0.44743770360946655, 0.9995892643928528
112, 2, 0.3995758295059204, 0.38144490122795105, -0.4473607540130615, 0.9995649456977844
112, 3, 0.40205150842666626, 0.37733426690101624, -0.4473889470100403, 0.9993399977684021
112, 4, 0.39102381467819214, 0.38926026225090027, -0.44407910108566284, 0.9997004270553589
112, 5, 0.3881988227367401, 0.3892420828342438, -0.444166898727417, 0.9997478127479553
112, 6, 0.38506248593330383, 0.3890704810619354, -0.44425806403160095, 0.9996800422668457
112, 7, 0.4051247239112854, 0.3507383465766907, -0.40893372893333435, 0.9996716976165771
112, 8, 0.3776685893535614, 0.37118181586265564, -0.3967363238334656, 0.9997687935829163
112, 9, 0.4006374478340149, 0.39181992411613464, -0.41270381212234497, 0.9997664093971252
112, 10, 0.39350709319114685, 0.39736583828926086, -0.4095021188259125, 0.9998241066932678
112, 11, 0.43938738107681274, 0.32020238041877747, -0.30847635865211487, 0.999861478805542
112, 12, 0.35248351097106934, 0.3870770335197449, -0.30650651454925537, 0.9999840259552002
112, 13, 0.4787449240684509, 0.3855135142803192, -0.22731265425682068, 0.9498472213745117
112, 14, 0.34848296642303467, 0.4724162518978119, -0.2694441080093384, 0.973874032497406
112, 15, 0.47310858964920044, 0.48368823528289795, -0.17927691340446472, 0.7284289598464966
112, 16, 0.35316675901412964, 0.5267000198364258, -0.27382147312164307, 0.9002622961997986
112, 17, 0.4766302704811096, 0.5052092671394348, -0.1814081072807312, 0.41285234689712524
112, 18, 0.3497581481933594, 0.5733486413955688, -0.2865542769432068, 0.7531201839447021
112, 19, 0.4679912030696869, 0.5097605586051941, -0.18615318834781647, 0.42581290006637573
112, 20, 0.3559947609901428, 0.5428680777549744, -0.3008253872394562, 0.7738906741142273
112, 21, 0.4637499451637268, 0.5030012130737305, -0.1780354231595993, 0.3826686143875122
112, 22, 0.3601139783859253, 0.5390735864639282, -0.2790052890777588, 0.7198618650436401
112, 23, 0.44230788946151733, 0.40131238102912903, 0.005937295034527779, 0.9998400211334229
112, 24, 0.3979282081127167, 0.436754047870636, -0.00595745537430048, 0.9999450445175171
112, 25, 0.4805748462677002, 0.48408007621765137, 0.18284623324871063, 0.7991746664047241
112, 26, 0.39947670698165894, 0.5464084148406982, 0.12274756282567978, 0.9425097107887268
112, 27, 0.4746376574039459, 0.5275510549545288, 0.4194469451904297, 0.5469629168510437
112, 28, 0.40392905473709106, 0.6381386518478394, 0.274795264005661, 0.9019884467124939
112, 29, 0.4707449972629547, 0.5296519994735718, 0.44328078627586365, 0.3487095534801483
112, 30, 0.40650588274002075, 0.6451732516288757, 0.28855952620506287, 0.6169495582580566
112, 31, 0.4853217601776123, 0.5681746006011963, 0.4038371443748474, 0.6972118020057678
112, 32, 0.4120374619960785, 0.6895461082458496, 0.22307956218719482, 0.9033988118171692
113, 0, 0.3930344879627228, 0.39897263050079346, -0.41932305693626404, 0.9990967512130737
113, 1, 0.39422285556793213, 0.38674166798591614, -0.4308418333530426, 0.9982578158378601
113, 2, 0.3961777687072754, 0.3838185667991638, -0.43076092004776, 0.9978935122489929
113, 3, 0.3987143039703369, 0.3800993263721466, -0.4307996332645416, 0.9973399043083191
113, 4, 0.38696789741516113, 0.390718549489975, -0.4262772500514984, 0.9985277652740479
113, 5, 0.38392138481140137, 0.39015883207321167, -0.42636388540267944, 0.9986194372177124
113, 6, 0.38009417057037354, 0.3884390592575073, -0.42646488547325134, 0.9985735416412354
113, 7, 0.4029962420463562, 0.354806125164032, -0.39633870124816895, 0.9988027811050415
113, 8, 0.37448301911354065, 0.37277039885520935, -0.37860915064811707, 0.9989089965820312
113, 9, 0.397761732339859, 0.3955463469028473, -0.3978338837623596, 0.9991421699523926
113, 10, 0.3907337784767151, 0.40050840377807617, -0.3929230868816376, 0.9992992877960205
113, 11, 0.4400816857814789, 0.3302611708641052, -0.3016592264175415, 0.999704897403717
113, 12, 0.3516702651977539, 0.3844268023967743, -0.28724777698516846, 0.9999511241912842
113, 13, 0.4810749590396881, 0.3998268246650696, -0.23185792565345764, 0.9497976303100586
113, 14, 0.3423216640949249, 0.45460909605026245, -0.24244192242622375, 0.9244610667228699
113, 15, 0.4682372212409973, 0.500316858291626, -0.18113526701927185, 0.7175804376602173
113, 16, 0.35294854640960693, 0.523384690284729, -0.23298203945159912, 0.7971917986869812
113, 17, 0.4697052836418152, 0.5229864716529846, -0.1824500560760498, 0.40536221861839294
113, 18, 0.35029828548431396, 0.5380786657333374, -0.24051356315612793, 0.5774436593055725
113, 19, 0.45974770188331604, 0.5262994170188904, -0.1825450211763382, 0.40437665581703186
113, 20, 0.3558981716632843, 0.5368742942810059, -0.2529044449329376, 0.6107974648475647
113, 21, 0.45637941360473633, 0.518534779548645, -0.17782527208328247, 0.350356787443161
113, 22, 0.3595679700374603, 0.5327025651931763, -0.23686006665229797, 0.5598939657211304
113, 23, 0.44398173689842224, 0.4074554741382599, 0.002646209904924035, 0.9988422989845276
113, 24, 0.39860546588897705, 0.4375815987586975, -0.0026321534533053637, 0.9995009899139404
113, 25, 0.47506579756736755, 0.4972040355205536, 0.13612905144691467, 0.5186101198196411
113, 26, 0.39699894189834595, 0.5500607490539551, 0.07379868626594543, 0.8441594839096069
113, 27, 0.4661262631416321, 0.5795169472694397, 0.32454273104667664, 0.42716485261917114
113, 28, 0.38497912883758545, 0.6861916780471802, 0.19746533036231995, 0.8235657215118408
113, 29, 0.46170082688331604, 0.585706353187561, 0.342594176530838, 0.2146550714969635
113, 30, 0.39769095182418823, 0.6668683290481567, 0.20841571688652039, 0.5694864988327026
113, 31, 0.4749956727027893, 0.6312353610992432, 0.298035591840744, 0.5576347708702087
113, 32, 0.3960869312286377, 0.7104771733283997, 0.1455381214618683, 0.8422802090644836
114, 0, 0.3947369456291199, 0.3872726559638977, -0.3620217740535736, 0.99442458152771
114, 1, 0.39804142713546753, 0.3702373802661896, -0.37247544527053833, 0.9937009811401367
114, 2, 0.39753207564353943, 0.37060895562171936, -0.3724149167537689, 0.9933596253395081
114, 3, 0.4004746079444885, 0.3667624294757843, -0.37247684597969055, 0.9926515221595764
114, 4, 0.3890518248081207, 0.3763720989227295, -0.3682023286819458, 0.9868059158325195
114, 5, 0.3860137164592743, 0.376830518245697, -0.36824095249176025, 0.9861584305763245
114, 6, 0.38301751017570496, 0.37731409072875977, -0.3683083951473236, 0.9815400242805481
114, 7, 0.40687522292137146, 0.34068548679351807, -0.3462345600128174, 0.9961649179458618
114, 8, 0.3760716915130615, 0.3629174530506134, -0.3277653753757477, 0.9841296672821045
114, 9, 0.397948294878006, 0.3829793632030487, -0.3448043167591095, 0.9937161803245544
114, 10, 0.3908299505710602, 0.3870578408241272, -0.3396545648574829, 0.9826638102531433
114, 11, 0.42826929688453674, 0.3190280497074127, -0.2634724974632263, 0.9994276165962219
114, 12, 0.35640424489974976, 0.3740866482257843, -0.25508061051368713, 0.9974588751792908
114, 13, 0.4656367897987366, 0.35103338956832886, -0.1892334669828415, 0.9258278608322144
114, 14, 0.34654882550239563, 0.43276795744895935, -0.2331097573041916, 0.916288435459137
114, 15, 0.472479909658432, 0.4406517446041107, -0.13348457217216492, 0.7561342716217041
114, 16, 0.34948912262916565, 0.5122761130332947, -0.23609209060668945, 0.8546428680419922
114, 17, 0.4791644215583801, 0.455635666847229, -0.1335916817188263, 0.44720780849456787
114, 18, 0.3462124466896057, 0.5274921655654907, -0.24671001732349396, 0.6834626197814941
114, 19, 0.4707769751548767, 0.462448388338089, -0.1395612508058548, 0.49670886993408203
114, 20, 0.35133060812950134, 0.5276639461517334, -0.26034975051879883, 0.7392629981040955
114, 21, 0.46648749709129333, 0.4590798616409302, -0.13303695619106293, 0.519784688949585
114, 22, 0.35400158166885376, 0.5225183367729187, -0.2416374683380127, 0.7129780054092407
114, 23, 0.43101683259010315, 0.38512614369392395, 0.0007723775925114751, 0.9993632435798645
114, 24, 0.39473217725753784, 0.4139566719532013, -0.0009190646815113723, 0.9956047534942627
114, 25, 0.45432010293006897, 0.4531862139701843, 0.10800842195749283, 0.0824095606803894
114, 26, 0.41286641359329224, 0.47883105278015137, 0.11451592296361923, 0.10536094009876251
114, 27, 0.4606402516365051, 0.5278943777084351, 0.2644021809101105, 0.0757470428943634
114, 28, 0.4290219843387604, 0.5323489904403687, 0.28368932008743286, 0.053144436329603195
114, 29, 0.45872431993484497, 0.5369609594345093, 0.27913621068000793, 0.04643356427550316
114, 30, 0.43167534470558167, 0.5364093780517578, 0.30025333166122437, 0.03899617865681648
114, 31, 0.4723051190376282, 0.5619652271270752, 0.24248948693275452, 0.16507908701896667
114, 32, 0.4382690489292145, 0.5653137564659119, 0.26861968636512756, 0.12676844000816345
115, 0, 0.40077853202819824, 0.3444679379463196, -0.30649274587631226, 0.9074194431304932
115, 1, 0.39883071184158325, 0.3333076536655426, -0.30868709087371826, 0.9513785243034363
115, 2, 0.3997374176979065, 0.3296619951725006, -0.308719277381897, 0.941027820110321
115, 3, 0.4006556570529938, 0.3260594606399536, -0.30880698561668396, 0.9663119316101074
115, 4, 0.39484840631484985, 0.34268298745155334, -0.3104708194732666, 0.8978714942932129
115, 5, 0.39316052198410034, 0.3453710973262787, -0.3105221390724182, 0.8268643021583557
115, 6, 0.39149144291877747, 0.3480364978313446, -0.31057095527648926, 0.8432014584541321
115, 7, 0.3978760242462158, 0.3149215579032898, -0.2688390016555786, 0.9709621667861938
115, 8, 0.3840472102165222, 0.3473951816558838, -0.27712544798851013, 0.8741846680641174
115, 9, 0.40165024995803833, 0.3398893475532532, -0.2861485779285431, 0.9185133576393127
115, 10, 0.39782071113586426, 0.3494606018066406, -0.2886340916156769, 0.8723465204238892
115, 11, 0.4047611653804779, 0.29977506399154663, -0.21281278133392334, 0.9938995838165283
115, 12, 0.3702082633972168, 0.37121468782424927, -0.22026757895946503, 0.8688998222351074
115, 13, 0.4391319155693054, 0.31861791014671326, -0.20723053812980652, 0.8208167552947998
115, 14, 0.3749905228614807, 0.42509523034095764, -0.22125144302845, 0.8772907853126526
115, 15, 0.4668090343475342, 0.35248881578445435, -0.22458574175834656, 0.6908938884735107
115, 16, 0.3866174519062042, 0.44979578256607056, -0.24439258873462677, 0.5325414538383484
115, 17, 0.47554534673690796, 0.3540000021457672, -0.24323682487010956, 0.37092745304107666
115, 18, 0.38600829243659973, 0.4578405022621155, -0.263988196849823, 0.35679125785827637
115, 19, 0.4707666039466858, 0.3619147539138794, -0.25163379311561584, 0.3928868770599365
115, 20, 0.3886251151561737, 0.44937577843666077, -0.27134761214256287, 0.3828802704811096
115, 21, 0.46711403131484985, 0.36396506428718567, -0.22937557101249695, 0.366272509098053
115, 22, 0.3897131085395813, 0.44609904289245605, -0.2490563839673996, 0.32590144872665405
115, 23, 0.41125473380088806, 0.3458586037158966, 0.004455177579075098, 0.9805899858474731
115, 24, 0.39519524574279785, 0.38247138261795044, -0.004393158946186304, 0.9685479998588562
115, 25, 0.4224037528038025, 0.35218796133995056, 0.14745581150054932, 0.1798444539308548
115, 26, 0.41114622354507446, 0.3946141004562378, 0.1359754353761673, 0.22684361040592194
115, 27, 0.42533963918685913, 0.3601360619068146, 0.3143165707588196, 0.07117468118667603
115, 28, 0.42006832361221313, 0.3903023302555084, 0.2994188666343689, 0.0624258890748024
115, 29, 0.42351895570755005, 0.36172693967819214, 0.3307547867298126, 0.03625741973519325
115, 30, 0.419262170791626, 0.38728249073028564, 0.31599465012550354, 0.020633019506931305
115, 31, 0.4362293779850006, 0.36826205253601074, 0.2995580732822418, 0.14883418381214142
115, 32, 0.4344119429588318, 0.3936799466609955, 0.28157851099967957, 0.11766262352466583
116, 0, 0.3996337354183197, 0.33467334508895874, -0.26929771900177, 0.9620196223258972
116, 1, 0.39802736043930054, 0.3245770037174225, -0.2699042856693268, 0.984451174736023
116, 2, 0.3989930748939514, 0.32145893573760986, -0.2699391543865204, 0.9801732897758484
116, 3, 0.3999632000923157, 0.31836700439453125, -0.27001887559890747, 0.9888471364974976
116, 4, 0.3939053416252136, 0.3328494429588318, -0.2721068859100342, 0.9654265642166138
116, 5, 0.39221200346946716, 0.33515921235084534, -0.2721464931964874, 0.9349088668823242
116, 6, 0.3905406892299652, 0.3374585807323456, -0.27218005061149597, 0.9400863647460938
116, 7, 0.39778685569763184, 0.3092775046825409, -0.2336927205324173, 0.9910434484481812
116, 8, 0.3837490975856781, 0.33758842945098877, -0.2444618195295334, 0.9499942660331726
116, 9, 0.40113338828086853, 0.3319641351699829, -0.25150835514068604, 0.9713568687438965
116, 10, 0.39718037843704224, 0.3398906886577606, -0.2547118663787842, 0.9624257683753967
116, 11, 0.40358367562294006, 0.3002870976924896, -0.19041723012924194, 0.9989751577377319
116, 12, 0.37416166067123413, 0.3581843972206116, -0.1951480358839035, 0.9815067052841187
116, 13, 0.43683725595474243, 0.3212057054042816, -0.1967923939228058, 0.8813538551330566
116, 14, 0.3899984359741211, 0.39644771814346313, -0.20386414229869843, 0.6755875945091248
116, 15, 0.46492037177085876, 0.3531573712825775, -0.21968317031860352, 0.8302063345909119
116, 16, 0.40729182958602905, 0.39504846930503845, -0.23555250465869904, 0.5420383810997009
116, 17, 0.4729079306125641, 0.3542616665363312, -0.23831863701343536, 0.5924832224845886
116, 18, 0.4085316061973572, 0.39625084400177, -0.2552563548088074, 0.4120529294013977
116, 19, 0.4687219262123108, 0.3614480793476105, -0.24599561095237732, 0.584563672542572
116, 20, 0.4096110761165619, 0.3869328498840332, -0.257039874792099, 0.40488865971565247
116, 21, 0.46534833312034607, 0.3630273938179016, -0.22414633631706238, 0.5117371082305908
116, 22, 0.4099053740501404, 0.3857186734676361, -0.237870454788208, 0.29928961396217346
116, 23, 0.41164064407348633, 0.3381100296974182, 0.0034346389584243298, 0.9992954730987549
116, 24, 0.3985295593738556, 0.3724323809146881, -0.0033507172483950853, 0.9992654919624329
116, 25, 0.42600002884864807, 0.3371828496456146, 0.12111242860555649, 0.3621629476547241
116, 26, 0.41647347807884216, 0.38445693254470825, 0.10351574420928955, 0.29659155011177063
116, 27, 0.42169228196144104, 0.33385658264160156, 0.2584250867366791, 0.06561451405286789
116, 28, 0.41520601511001587, 0.37072405219078064, 0.25036337971687317, 0.025836599990725517
116, 29, 0.41848403215408325, 0.3360811769962311, 0.27231672406196594, 0.06555929780006409
116, 30, 0.4132618010044098, 0.366304486989975, 0.2658692002296448, 0.008812579326331615
116, 31, 0.4324660897254944, 0.332243949174881, 0.254523366689682, 0.15883593261241913
116, 32, 0.42655545473098755, 0.37331148982048035, 0.25080040097236633, 0.062357015907764435
117, 0, 0.3945799767971039, 0.3508496582508087, -0.2618029713630676, 0.9261396527290344
117, 1, 0.39219212532043457, 0.3407772481441498, -0.26711979508399963, 0.9708771705627441
117, 2, 0.39286521077156067, 0.3370952308177948, -0.2671273946762085, 0.9677600264549255
117, 3, 0.39354321360588074, 0.33344870805740356, -0.2671962380409241, 0.9721841812133789
117, 4, 0.38912925124168396, 0.3500617742538452, -0.26790255308151245, 0.9492365121841431
117, 5, 0.3877914249897003, 0.3527909517288208, -0.26794469356536865, 0.9240245223045349
117, 6, 0.38647279143333435, 0.35550352931022644, -0.2679707109928131, 0.9115591049194336
117, 7, 0.3910022974014282, 0.32233506441116333, -0.23937705159187317, 0.9903782606124878
117, 8, 0.3802199065685272, 0.35532093048095703, -0.24293522536754608, 0.9736200571060181
117, 9, 0.3957952857017517, 0.3455938994884491, -0.24548688530921936, 0.9630914330482483
117, 10, 0.3928544223308563, 0.3551240563392639, -0.24666614830493927, 0.9276779890060425
117, 11, 0.3952975571155548, 0.3047662079334259, -0.17943845689296722, 0.9994615912437439
117, 12, 0.36734044551849365, 0.36993902921676636, -0.18326234817504883, 0.9921073317527771
117, 13, 0.4215970039367676, 0.3036560118198395, -0.13615930080413818, 0.6456475257873535
117, 14, 0.3791334927082062, 0.39599937200546265, -0.12671314179897308, 0.483738511800766
117, 15, 0.43636244535446167, 0.32419443130493164, -0.1241035908460617, 0.4422001838684082
117, 16, 0.3908291757106781, 0.3930261731147766, -0.08826559782028198, 0.11253253370523453
117, 17, 0.44129616022109985, 0.3255229592323303, -0.13053755462169647, 0.21008852124214172
117, 18, 0.3924257159233093, 0.395373672246933, -0.09184174239635468, 0.0773201510310173
117, 19, 0.43782147765159607, 0.3292211592197418, -0.13718181848526, 0.1871805191040039
117, 20, 0.3930921256542206, 0.3882378339767456, -0.09664522111415863, 0.07014340162277222
117, 21, 0.43542927503585815, 0.3309114873409271, -0.12619438767433167, 0.16210879385471344
117, 22, 0.3929551839828491, 0.38595691323280334, -0.08895336091518402, 0.05526909604668617
117, 23, 0.40882644057273865, 0.34328263998031616, 0.0016240874538198113, 0.9990049004554749
117, 24, 0.3970729112625122, 0.37951818108558655, -0.0014955841470509768, 0.9985839128494263
117, 25, 0.42354050278663635, 0.34984102845191956, 0.13210856914520264, 0.30450165271759033
117, 26, 0.41205984354019165, 0.3961712419986725, 0.12306155264377594, 0.18792641162872314
117, 27, 0.42084017395973206, 0.3544759452342987, 0.27428606152534485, 0.12583108246326447
117, 28, 0.41705185174942017, 0.3916030526161194, 0.2676306962966919, 0.04773804917931557
117, 29, 0.41839224100112915, 0.3581496477127075, 0.2889409065246582, 0.16768328845500946
117, 30, 0.4168998599052429, 0.38827234506607056, 0.2826748788356781, 0.03107587620615959
117, 31, 0.4312455654144287, 0.3543981909751892, 0.2694304287433624, 0.17514140903949738
117, 32, 0.4290402829647064, 0.3958108127117157, 0.26182496547698975, 0.07198332995176315
118, 0, 0.39345479011535645, 0.35013633966445923, -0.24108067154884338, 0.8962921500205994
118, 1, 0.3910110890865326, 0.34075790643692017, -0.24680165946483612, 0.9640186429023743
118, 2, 0.3916454315185547, 0.33722424507141113, -0.24681589007377625, 0.9634972810745239
118, 3, 0.3922836482524872, 0.33372703194618225, -0.24688749015331268, 0.9718930125236511
118, 4, 0.38801437616348267, 0.3496311902999878, -0.2471606284379959, 0.9186941981315613
118, 5, 0.3867074251174927, 0.35220783948898315, -0.24720008671283722, 0.8711011409759521
118, 6, 0.385417640209198, 0.3547709584236145, -0.2472265511751175, 0.8569070100784302
118, 7, 0.3896941840648651, 0.32245463132858276, -0.22413423657417297, 0.991454005241394
118, 8, 0.37922796607017517, 0.35407543182373047, -0.2259891778230667, 0.9429560899734497
118, 9, 0.39461150765419006, 0.3444249927997589, -0.22699818015098572, 0.9699000120162964
118, 10, 0.39179039001464844, 0.3535236716270447, -0.2276768982410431, 0.9263045787811279
118, 11, 0.3954275846481323, 0.3036316931247711, -0.1749318391084671, 0.9996064305305481
118, 12, 0.3703930675983429, 0.3677908480167389, -0.16936291754245758, 0.9859315156936646
118, 13, 0.4249943196773529, 0.30727970600128174, -0.14332614839076996, 0.8150488138198853
118, 14, 0.38351812958717346, 0.3907589018344879, -0.11677847802639008, 0.3618304431438446
118, 15, 0.4422891139984131, 0.3366031050682068, -0.13770198822021484, 0.6243593692779541
118, 16, 0.3963949382305145, 0.38186612725257874, -0.08376618474721909, 0.0976051390171051
118, 17, 0.44822531938552856, 0.3397068977355957, -0.1465776264667511, 0.3345302641391754
118, 18, 0.3986920714378357, 0.3819723427295685, -0.0869230106472969, 0.06652529537677765
118, 19, 0.44391685724258423, 0.3453105092048645, -0.15240241587162018, 0.302971214056015
118, 20, 0.39808452129364014, 0.3758591413497925, -0.09121181070804596, 0.06238975375890732
118, 21, 0.44091367721557617, 0.34569141268730164, -0.13951367139816284, 0.2532903850078583
118, 22, 0.39758533239364624, 0.37414517998695374, -0.08424506336450577, 0.049408938735723495
118, 23, 0.40905341506004333, 0.3391568064689636, 2.026273068622686e-05, 0.9990233182907104
118, 24, 0.3978469967842102, 0.3750995099544525, 0.0001157260630861856, 0.9983931183815002
118, 25, 0.4245862066745758, 0.3438143730163574, 0.11113034188747406, 0.25593602657318115
118, 26, 0.4164533019065857, 0.3924274742603302, 0.09928546845912933, 0.20262731611728668
118, 27, 0.4216260015964508, 0.34746503829956055, 0.2436729371547699, 0.08229541778564453
118, 28, 0.41685596108436584, 0.37926986813545227, 0.24454084038734436, 0.02260497212409973
118, 29, 0.4191078245639801, 0.3508206009864807, 0.2573513388633728, 0.12300466001033783
118, 30, 0.41603976488113403, 0.3749449551105499, 0.260161817073822, 0.017810527235269547
118, 31, 0.43232399225234985, 0.34709227085113525, 0.24035558104515076, 0.1407972276210785
118, 32, 0.42682161927223206, 0.38257578015327454, 0.24645856022834778, 0.04289547726511955
119, 0, 0.38623863458633423, 0.35942763090133667, -0.22867579758167267, 0.9989641904830933
119, 1, 0.38397929072380066, 0.3641175627708435, -0.23443186283111572, 0.9980155229568481
119, 2, 0.38300901651382446, 0.36450353264808655, -0.23440833389759064, 0.998264491558075
119, 3, 0.3820376992225647, 0.36485278606414795, -0.23442955315113068, 0.9976525902748108
119, 4, 0.38624829053878784, 0.3631938397884369, -0.23602959513664246, 0.9993535876274109
119, 5, 0.38690316677093506, 0.3628954291343689, -0.23608681559562683, 0.9993732571601868
119, 6, 0.3875334858894348, 0.3625592887401581, -0.23615655303001404, 0.9991129040718079
119, 7, 0.3790280520915985, 0.36742132902145386, -0.21841099858283997, 0.9988542795181274
119, 8, 0.3869015574455261, 0.36478695273399353, -0.22526335716247559, 0.999941349029541
119, 9, 0.3845178782939911, 0.35851696133613586, -0.21761426329612732, 0.9992879033088684
119, 10, 0.3868541717529297, 0.35729461908340454, -0.2196444571018219, 0.9995038509368896
119, 11, 0.3744054436683655, 0.3679698407649994, -0.15945293009281158, 0.999893069267273
119, 12, 0.3918454349040985, 0.3611622154712677, -0.17737963795661926, 0.9996048808097839
119, 13, 0.3613373041152954, 0.37035322189331055, -0.12909217178821564, 0.7488951683044434
119, 14, 0.40582823753356934, 0.34887927770614624, -0.12053602933883667, 0.782995343208313
119, 15, 0.35581809282302856, 0.3730916380882263, -0.11398293823003769, 0.44087931513786316
119, 16, 0.4009935259819031, 0.33764001727104187, -0.06179916113615036, 0.36699575185775757
119, 17, 0.35373637080192566, 0.37535613775253296, -0.11905930936336517, 0.3620562255382538
119, 18, 0.40154320001602173, 0.33226603269577026, -0.06044236943125725, 0.20948675274848938
119, 19, 0.3560936748981476, 0.3761577606201172, -0.12246163934469223, 0.3759164810180664
119, 20, 0.3980633318424225, 0.33377280831336975, -0.061844564974308014, 0.18561458587646484
119, 21, 0.357291042804718, 0.37438204884529114, -0.11508186161518097, 0.32325804233551025
119, 22, 0.3973751366138458, 0.3355812132358551, -0.05999148637056351, 0.18797673285007477
119, 23, 0.40282219648361206, 0.34058862924575806, 0.008573431521654129, 0.9999216794967651
119, 24, 0.41014423966407776, 0.33821573853492737, -0.008312145248055458, 0.9998668432235718
119, 25, 0.4322912096977234, 0.34711045026779175, 0.08096186816692352, 0.804269552230835
119, 26, 0.4389840066432953, 0.3293202817440033, 0.03181707113981247, 0.9317306876182556
119, 27, 0.45211583375930786, 0.37534523010253906, 0.17453832924365997, 0.8651995658874512
119, 28, 0.45611295104026794, 0.3804842531681061, 0.13316726684570312, 0.6402010917663574
119, 29, 0.455536425113678, 0.37960973381996155, 0.18392588198184967, 0.7971622943878174
119, 30, 0.45556578040122986, 0.3894188404083252, 0.14406418800354004, 0.5464890003204346
119, 31, 0.4581986367702484, 0.38390839099884033, 0.16061526536941528, 0.8618175387382507
119, 32, 0.46748024225234985, 0.38669005036354065, 0.12816055119037628, 0.5518345236778259
120, 0, 0.3879600465297699, 0.3698471188545227, -0.20065823197364807, 0.9958325028419495
120, 1, 0.3860030472278595, 0.37210813164711, -0.20698341727256775, 0.9968445301055908
120, 2, 0.3851422369480133, 0.3715381324291229, -0.20694763958454132, 0.9969981908798218
120, 3, 0.3843129277229309, 0.3709222674369812, -0.20699791610240936, 0.9967041611671448
120, 4, 0.38777628540992737, 0.37346476316452026, -0.20687851309776306, 0.9973102807998657
120, 5, 0.38825723528862, 0.3737395405769348, -0.2069540023803711, 0.9971500039100647
120, 6, 0.3887167274951935, 0.3739762306213379, -0.20702674984931946, 0.99662184715271
120, 7, 0.38075312972068787, 0.3682636320590973, -0.19840316474437714, 0.9980973601341248
120, 8, 0.3871990144252777, 0.37361928820610046, -0.19710272550582886, 0.9995941519737244
120, 9, 0.38570284843444824, 0.36594584584236145, -0.19304391741752625, 0.9986597299575806
120, 10, 0.3878336250782013, 0.3669760525226593, -0.19278211891651154, 0.9982345104217529
120, 11, 0.3767562806606293, 0.3539152443408966, -0.1447373628616333, 0.9997901320457458
120, 12, 0.3845473825931549, 0.36813732981681824, -0.15053912997245789, 0.9992775321006775
120, 13, 0.37471336126327515, 0.3426274359226227, -0.09052301943302155, 0.3628600835800171
120, 14, 0.3970966339111328, 0.37748855352401733, -0.08949656784534454, 0.6545770764350891
120, 15, 0.37337929010391235, 0.3627874553203583, -0.04416091740131378, 0.1876276582479477
120, 16, 0.3931610882282257, 0.3895464539527893, -0.022203514352440834, 0.3273419439792633
120, 17, 0.374394029378891, 0.36723631620407104, -0.04022634029388428, 0.15099874138832092
120, 18, 0.39328691363334656, 0.3918711245059967, -0.017157774418592453, 0.1957971751689911
120, 19, 0.37478888034820557, 0.36863747239112854, -0.04429802671074867, 0.15320293605327606
120, 20, 0.3930278420448303, 0.39030921459198, -0.019623301923274994, 0.17498883605003357
120, 21, 0.37487706542015076, 0.36766180396080017, -0.044194161891937256, 0.16295257210731506
120, 22, 0.39225655794143677, 0.38778895139694214, -0.020703904330730438, 0.21351736783981323
120, 23, 0.40483108162879944, 0.32211872935295105, -0.004140092059969902, 0.9997716546058655
120, 24, 0.4075044095516205, 0.32556143403053284, 0.004346456844359636, 0.9994686245918274
120, 25, 0.42469149827957153, 0.37168312072753906, 0.01758129708468914, 0.9024819731712341
120, 26, 0.4249698519706726, 0.3533572554588318, 0.013675356283783913, 0.7019127607345581
120, 27, 0.44110479950904846, 0.3988693356513977, 0.09059199690818787, 0.7631094455718994
120, 28, 0.44151467084884644, 0.3961614966392517, 0.09069257229566574, 0.17036277055740356
120, 29, 0.4434102475643158, 0.3974190652370453, 0.09823879599571228, 0.637355625629425
120, 30, 0.4417358338832855, 0.39673224091529846, 0.09881260246038437, 0.20892612636089325
120, 31, 0.4477021098136902, 0.4247390031814575, 0.0816822424530983, 0.7555358409881592
120, 32, 0.4518110156059265, 0.41904371976852417, 0.08679316192865372, 0.16659370064735413
121, 0, 0.3925587236881256, 0.36194145679473877, -0.22391292452812195, 0.9998335838317871
121, 1, 0.3937106430530548, 0.3645619750022888, -0.2305137813091278, 0.9998237490653992
121, 2, 0.39331337809562683, 0.36539527773857117, -0.23047742247581482, 0.9998083710670471
121, 3, 0.392932653427124, 0.3661547899246216, -0.23049664497375488, 0.9998433589935303
121, 4, 0.39431121945381165, 0.3618681728839874, -0.23197384178638458, 0.9998792409896851
121, 5, 0.39447593688964844, 0.36068612337112427, -0.23204302787780762, 0.999824583530426
121, 6, 0.39460518956184387, 0.3594665229320526, -0.23210683465003967, 0.9998086094856262
121, 7, 0.3902018368244171, 0.3652522563934326, -0.2185608446598053, 0.9998486042022705
121, 8, 0.39252185821533203, 0.3565189838409424, -0.22468729317188263, 0.9999780654907227
121, 9, 0.38956063985824585, 0.36140871047973633, -0.21449048817157745, 0.9999544620513916
121, 10, 0.39037957787513733, 0.35758301615715027, -0.21653254330158234, 0.9999657869338989
121, 11, 0.3821117579936981, 0.3629811108112335, -0.16124612092971802, 0.999990701675415
121, 12, 0.3833908438682556, 0.3499147593975067, -0.16593825817108154, 0.9999698400497437
121, 13, 0.3671077489852905, 0.3872106373310089, -0.10928776115179062, 0.764007031917572
121, 14, 0.3885195255279541, 0.3706258237361908, -0.08564988523721695, 0.8947296142578125
121, 15, 0.35986921191215515, 0.39122989773750305, -0.08257980644702911, 0.7711418271064758
121, 16, 0.39578112959861755, 0.3816629648208618, -0.019786184653639793, 0.8460974097251892
121, 17, 0.35771748423576355, 0.39077821373939514, -0.08736415207386017, 0.6723645329475403
121, 18, 0.39898309111595154, 0.38276493549346924, -0.015910577028989792, 0.6967385411262512
121, 19, 0.3603992164134979, 0.3903447091579437, -0.09577403962612152, 0.6841669082641602
121, 20, 0.39873677492141724, 0.38092586398124695, -0.0231410413980484, 0.6513620615005493
121, 21, 0.36136218905448914, 0.3899694085121155, -0.08565233647823334, 0.6951513290405273
121, 22, 0.3972300887107849, 0.37920984625816345, -0.019952215254306793, 0.6819575428962708
121, 23, 0.4059820771217346, 0.328002393245697, -0.0035316094290465117, 0.9999899864196777
121, 24, 0.4041689932346344, 0.31758996844291687, 0.00369730475358665, 0.9999685287475586
121, 25, 0.4273136258125305, 0.3814528286457062, 0.05332092568278313, 0.9870672821998596
121, 26, 0.4206157326698303, 0.3410259187221527, 0.03196314722299576, 0.9080659747123718
121, 27, 0.4468918442726135, 0.4045999348163605, 0.14256837964057922, 0.9198592901229858
121, 28, 0.44753092527389526, 0.4006376564502716, 0.13521768152713776, 0.3355751931667328
121, 29, 0.4496155381202698, 0.403542160987854, 0.15212246775627136, 0.8200828433036804
121, 30, 0.4491650462150574, 0.40485891699790955, 0.14616161584854126, 0.2994591295719147
121, 31, 0.4530048966407776, 0.42533060908317566, 0.13766644895076752, 0.9179156422615051
121, 32, 0.4597693383693695, 0.4260215759277344, 0.1363247036933899, 0.3991602063179016
122, 0, 0.39035525918006897, 0.3713632822036743, -0.22931918501853943, 0.9965519905090332
122, 1, 0.3926622271537781, 0.3751966655254364, -0.23399309813976288, 0.9978792667388916
122, 2, 0.39267459511756897, 0.37664124369621277, -0.23396971821784973, 0.9970548152923584
122, 3, 0.3927156627178192, 0.37802594900131226, -0.23398706316947937, 0.9983275532722473
122, 4, 0.39214664697647095, 0.37086349725723267, -0.23438343405723572, 0.9983188509941101
122, 5, 0.39190176129341125, 0.36917608976364136, -0.2344546616077423, 0.9969344139099121
122, 6, 0.39163708686828613, 0.36747363209724426, -0.23451629281044006, 0.99772709608078
122, 7, 0.3910583555698395, 0.3766898810863495, -0.21993224322795868, 0.9967010617256165
122, 8, 0.38931775093078613, 0.3620718717575073, -0.22085919976234436, 0.9991201758384705
122, 9, 0.38811635971069336, 0.37040770053863525, -0.21989603340625763, 0.9984797835350037
122, 10, 0.38777488470077515, 0.36487942934036255, -0.22024838626384735, 0.9987646341323853
122, 11, 0.3865170478820801, 0.36832427978515625, -0.17100034654140472, 0.9998680353164673
122, 12, 0.37656939029693604, 0.3450762927532196, -0.16293935477733612, 0.9993821382522583
122, 13, 0.3678897023200989, 0.3935423493385315, -0.1556253433227539, 0.7855546474456787
122, 14, 0.3757997453212738, 0.3688633441925049, -0.10393697023391724, 0.7580894231796265
122, 15, 0.3546544015407562, 0.3971770107746124, -0.16683630645275116, 0.8012727499008179
122, 16, 0.37867599725723267, 0.3895999789237976, -0.06568846106529236, 0.8102594614028931
122, 17, 0.3510091304779053, 0.3989165127277374, -0.1842234879732132, 0.7180606722831726
122, 18, 0.37881243228912354, 0.39430394768714905, -0.06997589021921158, 0.6758999228477478
122, 19, 0.35352975130081177, 0.39899373054504395, -0.19122841954231262, 0.7219765782356262
122, 20, 0.38049033284187317, 0.39239001274108887, -0.07649405300617218, 0.6390795707702637
122, 21, 0.3543655276298523, 0.39700397849082947, -0.17124392092227936, 0.6819560527801514
122, 22, 0.3807692527770996, 0.39028650522232056, -0.066999651491642, 0.6474331021308899
122, 23, 0.4110333025455475, 0.32378989458084106, -0.010028913617134094, 0.9997650980949402
122, 24, 0.4032967686653137, 0.3113591969013214, 0.010158115066587925, 0.9995594620704651
122, 25, 0.4301972985267639, 0.37796473503112793, 0.04479456692934036, 0.9418606162071228
122, 26, 0.4159459173679352, 0.342450886964798, 0.0560186430811882, 0.49321073293685913
122, 27, 0.4510621130466461, 0.3992891013622284, 0.14862506091594696, 0.7965671420097351
122, 28, 0.44944626092910767, 0.39063751697540283, 0.16048774123191833, 0.20342645049095154
122, 29, 0.4544844627380371, 0.39871248602867126, 0.15886148810386658, 0.5645945072174072
122, 30, 0.4537140727043152, 0.39434289932250977, 0.17098549008369446, 0.15135231614112854
122, 31, 0.4556546211242676, 0.42349833250045776, 0.14087900519371033, 0.7643609046936035
122, 32, 0.458737313747406, 0.41662850975990295, 0.15485648810863495, 0.2514379322528839
123, 0, 0.3922385573387146, 0.35213813185691833, -0.2114495038986206, 0.9997428059577942
123, 1, 0.39335396885871887, 0.35418349504470825, -0.21813996136188507, 0.9996906518936157
123, 2, 0.3926999866962433, 0.3559301495552063, -0.21812157332897186, 0.999657154083252
123, 3, 0.39207443594932556, 0.3576151430606842, -0.21813206374645233, 0.9996378421783447
123, 4, 0.39507269859313965, 0.3493393063545227, -0.2182028591632843, 0.9998456239700317
123, 5, 0.39550521969795227, 0.3473297357559204, -0.21826183795928955, 0.9998014569282532
123, 6, 0.3958974778652191, 0.34529948234558105, -0.21831457316875458, 0.9997931122779846
123, 7, 0.38922008872032166, 0.3592219352722168, -0.20301619172096252, 0.9994887113571167
123, 8, 0.39484912157058716, 0.34268760681152344, -0.20333430171012878, 0.9999383687973022
123, 9, 0.38896575570106506, 0.35443857312202454, -0.20066538453102112, 0.9999399185180664
123, 10, 0.3902587294578552, 0.34812596440315247, -0.201068714261055, 0.9999632835388184
123, 11, 0.37629958987236023, 0.3755052387714386, -0.15466849505901337, 0.9999420642852783
123, 12, 0.3895624279975891, 0.33864977955818176, -0.14747801423072815, 0.9999537467956543
123, 13, 0.35541799664497375, 0.4188060760498047, -0.14283686876296997, 0.8121495842933655
123, 14, 0.40036267042160034, 0.3469323217868805, -0.1023695319890976, 0.5741550922393799
123, 15, 0.34596413373947144, 0.4431561231613159, -0.16246098279953003, 0.9346593618392944
123, 16, 0.41322699189186096, 0.3503863513469696, -0.1123724952340126, 0.7610876560211182
123, 17, 0.34283435344696045, 0.45136409997940063, -0.17964299023151398, 0.901638388633728
123, 18, 0.41834062337875366, 0.34959521889686584, -0.12232418358325958, 0.7689123153686523
123, 19, 0.3458092212677002, 0.45085498690605164, -0.1855415403842926, 0.9132605791091919
123, 20, 0.4163520932197571, 0.34945136308670044, -0.13312599062919617, 0.7751621603965759
123, 21, 0.34707531332969666, 0.4467184245586395, -0.16591393947601318, 0.8892448544502258
123, 22, 0.4133304953575134, 0.34970641136169434, -0.11648555845022202, 0.7707875370979309
123, 23, 0.39297032356262207, 0.33193743228912354, -0.0022118831984698772, 0.9998588562011719
123, 24, 0.39647066593170166, 0.3172612190246582, 0.0022962961811572313, 0.999919056892395
123, 25, 0.38580527901649475, 0.39087432622909546, 0.09004058688879013, 0.4143633246421814
123, 26, 0.3868858516216278, 0.3708898723125458, 0.07654474675655365, 0.23271262645721436
123, 27, 0.38809505105018616, 0.39930495619773865, 0.2196236401796341, 0.4143385887145996
123, 28, 0.39556989073753357, 0.3915558159351349, 0.2051093876361847, 0.11857609450817108
123, 29, 0.38903409242630005, 0.3980770409107208, 0.23327121138572693, 0.415470153093338
123, 30, 0.39550289511680603, 0.39089059829711914, 0.21844139695167542, 0.12293251603841782
123, 31, 0.3878808319568634, 0.41295385360717773, 0.2210853397846222, 0.403068870306015
123, 32, 0.39857012033462524, 0.4087589383125305, 0.2050127536058426, 0.17229890823364258
124, 0, 0.38686931133270264, 0.37126070261001587, -0.2789159417152405, 0.9996774196624756
124, 1, 0.3898214101791382, 0.36684107780456543, -0.27894067764282227, 0.9995397329330444
124, 2, 0.39092180132865906, 0.36808255314826965, -0.2789275050163269, 0.9994121789932251
124, 3, 0.39201831817626953, 0.3692377805709839, -0.2789059281349182, 0.9996476173400879
124, 4, 0.3863426446914673, 0.36289533972740173, -0.28044426441192627, 0.9998216032981873
124, 5, 0.38503220677375793, 0.3614867329597473, -0.28051117062568665, 0.9997984766960144
124, 6, 0.38371482491493225, 0.3600880205631256, -0.28052204847335815, 0.9998143315315247
124, 7, 0.3926643133163452, 0.36686956882476807, -0.23370078206062317, 0.9995319843292236
124, 8, 0.380217969417572, 0.3540384769439697, -0.24068543314933777, 0.9998997449874878
124, 9, 0.3871154189109802, 0.3748270571231842, -0.25773629546165466, 0.9995064735412598
124, 10, 0.3831714987754822, 0.3701407015323639, -0.2599654495716095, 0.9996274709701538
124, 11, 0.39137446880340576, 0.37308621406555176, -0.16214145720005035, 0.9860143661499023
124, 12, 0.36806434392929077, 0.35134556889533997, -0.1732579916715622, 0.9991704225540161
124, 13, 0.36813023686408997, 0.42742669582366943, -0.14279137551784515, 0.8611395359039307
124, 14, 0.34853118658065796, 0.4189361035823822, -0.1454601287841797, 0.9935071468353271
124, 15, 0.3495446443557739, 0.4710800051689148, -0.17828825116157532, 0.8776695728302002
124, 16, 0.3439755439758301, 0.48259827494621277, -0.16421516239643097, 0.9845783114433289
124, 17, 0.3513772785663605, 0.4838320016860962, -0.19919000566005707, 0.9178165197372437
124, 18, 0.3434174656867981, 0.497253954410553, -0.18635627627372742, 0.9755166172981262
124, 19, 0.3498036563396454, 0.4789905250072479, -0.20860370993614197, 0.941849410533905
124, 20, 0.34977731108665466, 0.4946238696575165, -0.19508160650730133, 0.9792391657829285
124, 21, 0.34797874093055725, 0.4738033413887024, -0.1844421774148941, 0.9076734185218811
124, 22, 0.350740909576416, 0.49010932445526123, -0.16937945783138275, 0.9652482867240906
124, 23, 0.40067997574806213, 0.3119487762451172, -0.001176188001409173, 0.9992875456809998
124, 24, 0.3900327980518341, 0.300087034702301, 0.001090256730094552, 0.9997784495353699
124, 25, 0.3916945159435272, 0.36523786187171936, 0.09621677547693253, 0.29338911175727844
124, 26, 0.37701278924942017, 0.33238500356674194, 0.0608789324760437, 0.6473649144172668
124, 27, 0.3985272943973541, 0.3468067944049835, 0.24521012604236603, 0.05164819955825806
124, 28, 0.3977268934249878, 0.32219308614730835, 0.22172772884368896, 0.237447127699852
124, 29, 0.4000505805015564, 0.34118834137916565, 0.2605903148651123, 0.04853438958525658
124, 30, 0.4010183811187744, 0.3196808397769928, 0.23975250124931335, 0.15291661024093628
124, 31, 0.3957979083061218, 0.3555793762207031, 0.25580883026123047, 0.14754292368888855
124, 32, 0.3973236680030823, 0.32791510224342346, 0.23991605639457703, 0.2874104976654053
125, 0, 0.38502272963523865, 0.3851790428161621, -0.30755555629730225, 0.999344527721405
125, 1, 0.3891592025756836, 0.3798586428165436, -0.30635449290275574, 0.9985550045967102
125, 2, 0.39073169231414795, 0.3809231221675873, -0.3063811957836151, 0.9981239438056946
125, 3, 0.39231741428375244, 0.3818531334400177, -0.30639705061912537, 0.9988740086555481
125, 4, 0.38416627049446106, 0.3751158118247986, -0.3081292510032654, 0.9996055960655212
125, 5, 0.3827601373195648, 0.3731728792190552, -0.3082362115383148, 0.9996159076690674
125, 6, 0.3813384771347046, 0.37125805020332336, -0.30829837918281555, 0.9996651411056519
125, 7, 0.39594995975494385, 0.3737413287162781, -0.26008883118629456, 0.997575581073761
125, 8, 0.37858062982559204, 0.35857805609703064, -0.2682502567768097, 0.9997557997703552
125, 9, 0.3867183327674866, 0.38604554533958435, -0.2865385115146637, 0.999416708946228
125, 10, 0.3818674683570862, 0.3806934058666229, -0.2887679636478424, 0.9996017813682556
125, 11, 0.40191325545310974, 0.3693975806236267, -0.1941794753074646, 0.9849381446838379
125, 12, 0.3639710545539856, 0.3486521244049072, -0.2055695801973343, 0.9997314810752869
125, 13, 0.39207255840301514, 0.43137699365615845, -0.20052644610404968, 0.930895984172821
125, 14, 0.34292957186698914, 0.4253758192062378, -0.2064262181520462, 0.9995156526565552
125, 15, 0.38758596777915955, 0.4819287955760956, -0.25235962867736816, 0.9148727059364319
125, 16, 0.3412032425403595, 0.49828335642814636, -0.24777428805828094, 0.9973523616790771
125, 17, 0.3925918638706207, 0.49423933029174805, -0.2778703570365906, 0.8976717591285706
125, 18, 0.34160172939300537, 0.5157435536384583, -0.27568766474723816, 0.9935474991798401
125, 19, 0.38916072249412537, 0.4910004138946533, -0.28173330426216125, 0.9106923937797546
125, 20, 0.349521666765213, 0.5122339129447937, -0.28304699063301086, 0.9936137795448303
125, 21, 0.3856493830680847, 0.48601943254470825, -0.256769597530365, 0.8703507781028748
125, 22, 0.35020726919174194, 0.5065491199493408, -0.2529517710208893, 0.989264965057373
125, 23, 0.4039856791496277, 0.309788316488266, 0.0020027325954288244, 0.9993027448654175
125, 24, 0.38536641001701355, 0.30121368169784546, -0.0020292748231440783, 0.9998786449432373
125, 25, 0.4133204519748688, 0.36706048250198364, 0.09475334733724594, 0.06874928623437881
125, 26, 0.38141968846321106, 0.35374727845191956, 0.0385349802672863, 0.5333525538444519
125, 27, 0.4289974570274353, 0.38071712851524353, 0.24903960525989532, 0.03406032919883728
125, 28, 0.4127980172634125, 0.35177385807037354, 0.19843165576457977, 0.13256150484085083
125, 29, 0.43210577964782715, 0.3796808421611786, 0.26545000076293945, 0.06041540205478668
125, 30, 0.41834893822669983, 0.3496972918510437, 0.21643730998039246, 0.15588319301605225
125, 31, 0.42758673429489136, 0.3924098014831543, 0.26500245928764343, 0.17582738399505615
125, 32, 0.4152730107307434, 0.35685476660728455, 0.22173798084259033, 0.2767210304737091
126, 0, 0.38335123658180237, 0.38041016459465027, -0.31566864252090454, 0.9997501969337463
126, 1, 0.3868942856788635, 0.37601438164711, -0.31417593359947205, 0.999591052532196
126, 2, 0.3882683515548706, 0.3774496614933014, -0.3141809403896332, 0.9995074272155762
126, 3, 0.38964083790779114, 0.37876036763191223, -0.31418606638908386, 0.9996250867843628
126, 4, 0.38247135281562805, 0.37068116664886475, -0.3152024447917938, 0.9998617172241211
126, 5, 0.3811138868331909, 0.3687184751033783, -0.31528839468955994, 0.9998630285263062
126, 6, 0.3797484040260315, 0.36676931381225586, -0.3153102993965149, 0.999852180480957
126, 7, 0.3921181261539459, 0.3741833567619324, -0.26220548152923584, 0.9993591904640198
126, 8, 0.37676048278808594, 0.35689425468444824, -0.2668229341506958, 0.9999227523803711
126, 9, 0.3846081495285034, 0.3830398619174957, -0.2918688952922821, 0.9996188879013062
126, 10, 0.38005420565605164, 0.377071350812912, -0.2932153642177582, 0.9997149109840393
126, 11, 0.39510780572891235, 0.3762877285480499, -0.18399415910243988, 0.982326865196228
126, 12, 0.3633633255958557, 0.3503093719482422, -0.19502192735671997, 0.9993141889572144
126, 13, 0.37402859330177307, 0.4434435963630676, -0.1777954399585724, 0.9543208479881287
126, 14, 0.34330299496650696, 0.43132251501083374, -0.17950795590877533, 0.999232292175293
126, 15, 0.353463351726532, 0.5009771585464478, -0.22759947180747986, 0.94834303855896
126, 16, 0.34577351808547974, 0.505354642868042, -0.21507775783538818, 0.9973682761192322
126, 17, 0.35787132382392883, 0.5025992393493652, -0.2516932189464569, 0.9355270266532898
126, 18, 0.34063398838043213, 0.5162432193756104, -0.2403600662946701, 0.9931567311286926
126, 19, 0.3558603525161743, 0.49727529287338257, -0.25840556621551514, 0.94629967212677
126, 20, 0.3478669226169586, 0.5119484066963196, -0.24907222390174866, 0.9934659600257874
126, 21, 0.35407155752182007, 0.49232926964759827, -0.23294596374034882, 0.9151765704154968
126, 22, 0.34808945655822754, 0.5067601203918457, -0.22031843662261963, 0.989334762096405
126, 23, 0.40335917472839355, 0.3118031919002533, -0.0004837248125113547, 0.9982853531837463
126, 24, 0.3862515985965729, 0.29966020584106445, 0.000480804214021191, 0.9995419979095459
126, 25, 0.4023353159427643, 0.37563928961753845, 0.09028403460979462, 0.21336884796619415
126, 26, 0.3736983835697174, 0.35636818408966064, 0.054458655416965485, 0.5505490303039551
126, 27, 0.4122079014778137, 0.37765610218048096, 0.2453492134809494, 0.046085190027952194
126, 28, 0.40004831552505493, 0.3539946675300598, 0.2282792031764984, 0.11125073581933975
126, 29, 0.4147173762321472, 0.372803270816803, 0.2614385783672333, 0.06431961059570312
126, 30, 0.4051164984703064, 0.34982457756996155, 0.24767427146434784, 0.11075165122747421
126, 31, 0.40856313705444336, 0.3950004577636719, 0.2611962854862213, 0.2012224644422531
126, 32, 0.39996060729026794, 0.36632096767425537, 0.2561672329902649, 0.2527151107788086
127, 0, 0.38569632172584534, 0.389450341463089, -0.2834547758102417, 0.9807596802711487
127, 1, 0.38991522789001465, 0.3857730031013489, -0.28189149498939514, 0.9697116613388062
127, 2, 0.3913152515888214, 0.38668936491012573, -0.2819083631038666, 0.9568353295326233
127, 3, 0.39275649189949036, 0.38745948672294617, -0.28189194202423096, 0.9736897349357605
127, 4, 0.38531365990638733, 0.3814101219177246, -0.28539255261421204, 0.9906162619590759
127, 5, 0.3840312957763672, 0.37954992055892944, -0.2855246961116791, 0.9898961782455444
127, 6, 0.38271936774253845, 0.37771034240722656, -0.28563374280929565, 0.9914222359657288
127, 7, 0.3962588906288147, 0.3777211904525757, -0.23404555022716522, 0.9430232644081116
127, 8, 0.3791966736316681, 0.363486111164093, -0.24924246966838837, 0.9914802312850952
127, 9, 0.39240705966949463, 0.3870793581008911, -0.2617758512496948, 0.9902779459953308
127, 10, 0.3820990324020386, 0.3840784430503845, -0.26593470573425293, 0.9935998916625977
127, 11, 0.40411749482154846, 0.36482006311416626, -0.15881125628948212, 0.9674326777458191
127, 12, 0.36022159457206726, 0.3510162830352783, -0.1828037053346634, 0.9995276927947998
127, 13, 0.3975544571876526, 0.4000345766544342, -0.1529780775308609, 0.20867511630058289
127, 14, 0.3439176678657532, 0.43138426542282104, -0.16921892762184143, 0.9949235320091248
127, 15, 0.3948831856250763, 0.4308474361896515, -0.20217779278755188, 0.2812751829624176
127, 16, 0.34733378887176514, 0.5085974931716919, -0.20504407584667206, 0.9934053421020508
127, 17, 0.40106335282325745, 0.43667152523994446, -0.22452270984649658, 0.40874141454696655
127, 18, 0.3466777503490448, 0.5230886936187744, -0.2312217652797699, 0.99032062292099
127, 19, 0.39665141701698303, 0.4336659610271454, -0.23500652611255646, 0.46509572863578796
127, 20, 0.3529167175292969, 0.5201037526130676, -0.24289193749427795, 0.9909668564796448
127, 21, 0.3928890824317932, 0.4302174150943756, -0.20944932103157043, 0.4506419003009796
127, 22, 0.35495829582214355, 0.5134470462799072, -0.21172723174095154, 0.9863264560699463
127, 23, 0.41180625557899475, 0.3036680519580841, 0.002560053253546357, 0.9991928935050964
127, 24, 0.39050400257110596, 0.29023393988609314, -0.0026069453451782465, 0.9999194145202637
127, 25, 0.430098295211792, 0.39292997121810913, 0.049124859273433685, 0.13720625638961792
127, 26, 0.3855762779712677, 0.36502349376678467, -0.06056001037359238, 0.7829640507698059
127, 27, 0.4576428532600403, 0.43091922998428345, 0.16833095252513885, 0.11144375056028366
127, 28, 0.4365312457084656, 0.38800111413002014, 0.048396386206150055, 0.3271758556365967
127, 29, 0.46334904432296753, 0.4349355101585388, 0.18072277307510376, 0.12793290615081787
127, 30, 0.4464032053947449, 0.3892113268375397, 0.06109008193016052, 0.3941166400909424
127, 31, 0.4603593349456787, 0.45019781589508057, 0.16424429416656494, 0.2898957431316376
127, 32, 0.4435020387172699, 0.4053959846496582, 0.051641542464494705, 0.5093408823013306
128, 0, 0.3868853449821472, 0.3880532681941986, -0.3170824646949768, 0.9997414946556091
128, 1, 0.3911244869232178, 0.3831438422203064, -0.3165370225906372, 0.9993482232093811
128, 2, 0.3958670198917389, 0.38437458872795105, -0.3165493309497833, 0.9994408488273621
128, 3, 0.39855608344078064, 0.3859414756298065, -0.31657499074935913, 0.999430239200592
128, 4, 0.3863879442214966, 0.3770836591720581, -0.3168582022190094, 0.9996862411499023
128, 5, 0.3850899338722229, 0.37483465671539307, -0.31696194410324097, 0.9997811913490295
128, 6, 0.3837917447090149, 0.37259671092033386, -0.3170033395290375, 0.9997394680976868
128, 7, 0.3974340260028839, 0.37875333428382874, -0.2677946090698242, 0.9994235038757324
128, 8, 0.3810240924358368, 0.35937878489494324, -0.2696835994720459, 0.9998745918273926
128, 9, 0.3882446587085724, 0.3892623782157898, -0.29439830780029297, 0.9996305704116821
128, 10, 0.38394907116889954, 0.38285353779792786, -0.2949281930923462, 0.999703586101532
128, 11, 0.40148305892944336, 0.37188246846199036, -0.2007727324962616, 0.9913145899772644
128, 12, 0.36608487367630005, 0.3478716015815735, -0.20391909778118134, 0.9997847676277161
128, 13, 0.38607993721961975, 0.439983993768692, -0.20528121292591095, 0.9794185161590576
128, 14, 0.33147916197776794, 0.4252620339393616, -0.20311078429222107, 0.9996223449707031
128, 15, 0.3767039179801941, 0.46938633918762207, -0.24765583872795105, 0.9307799935340881
128, 16, 0.34539976716041565, 0.5051485300064087, -0.24107500910758972, 0.9974853992462158
128, 17, 0.37826839089393616, 0.47830578684806824, -0.2682432532310486, 0.8580652475357056
128, 18, 0.344319224357605, 0.521506667137146, -0.2648882269859314, 0.9913644790649414
128, 19, 0.37734851241111755, 0.4702717363834381, -0.26969730854034424, 0.8664624094963074
128, 20, 0.3532242476940155, 0.5143494606018066, -0.2688123285770416, 0.9909297823905945
128, 21, 0.37518447637557983, 0.46674013137817383, -0.2500978410243988, 0.804381251335144
128, 22, 0.3529288172721863, 0.5076472163200378, -0.24399873614311218, 0.9847099184989929
128, 23, 0.4094911515712738, 0.3069755434989929, -0.004184530582278967, 0.998391330242157
128, 24, 0.39244627952575684, 0.2957993149757385, 0.004076849669218063, 0.9994496703147888
128, 25, 0.4036179482936859, 0.35925355553627014, 0.11922754347324371, 0.07528368383646011
128, 26, 0.38328608870506287, 0.33920612931251526, 0.10236702114343643, 0.3428999185562134
128, 27, 0.4120623469352722, 0.3578506410121918, 0.2926552891731262, 0.021075261756777763
128, 28, 0.4060582220554352, 0.335971862077713, 0.2862151861190796, 0.06729301065206528
128, 29, 0.41466301679611206, 0.3504352569580078, 0.3114507496356964, 0.051596008241176605
128, 30, 0.41083455085754395, 0.33201950788497925, 0.30747660994529724, 0.10038993507623672
128, 31, 0.4088534414768219, 0.37382444739341736, 0.32919132709503174, 0.07721826434135437
128, 32, 0.40750351548194885, 0.3452620208263397, 0.3310324549674988, 0.12256193906068802
129, 0, 0.3904244005680084, 0.3830620348453522, -0.25111210346221924, 0.9975185394287109
129, 1, 0.3945525288581848, 0.38275575637817383, -0.25368088483810425, 0.9967124462127686
129, 2, 0.3950028717517853, 0.38417696952819824, -0.2536546289920807, 0.9953783750534058
129, 3, 0.3954877257347107, 0.3855167031288147, -0.2536065876483917, 0.9973981380462646
129, 4, 0.3927464485168457, 0.3773825764656067, -0.25549042224884033, 0.998688280582428
129, 5, 0.3921242952346802, 0.37511906027793884, -0.25558969378471375, 0.9983707070350647
129, 6, 0.39146754145622253, 0.37283387780189514, -0.25567135214805603, 0.9988139867782593
129, 7, 0.39542365074157715, 0.3784937858581543, -0.22638127207756042, 0.9925650358200073
129, 8, 0.3884262144565582, 0.36042603850364685, -0.23618587851524353, 0.9990906715393066
129, 9, 0.38795942068099976, 0.38281166553497314, -0.23732993006706238, 0.9981063604354858
129, 10, 0.38674116134643555, 0.3763110637664795, -0.24036996066570282, 0.9992371797561646
129, 11, 0.3912700116634369, 0.36962154507637024, -0.17541025578975677, 0.9914353489875793
129, 12, 0.36742183566093445, 0.3376661241054535, -0.17749248445034027, 0.9996538162231445
129, 13, 0.36501216888427734, 0.4346961975097656, -0.16414384543895721, 0.5959634780883789
129, 14, 0.3458350896835327, 0.4143930971622467, -0.12485399097204208, 0.9482964873313904
129, 15, 0.3593214154243469, 0.4894143342971802, -0.16990622878074646, 0.6585004925727844
129, 16, 0.3457614481449127, 0.47101691365242004, -0.10903076082468033, 0.930945873260498
129, 17, 0.3606049120426178, 0.5040596723556519, -0.18768616020679474, 0.6252816915512085
129, 18, 0.34453675150871277, 0.48330289125442505, -0.12315306812524796, 0.9168833494186401
129, 19, 0.3597704768180847, 0.5009152293205261, -0.18962697684764862, 0.6507711410522461
129, 20, 0.35036683082580566, 0.47675979137420654, -0.1289171278476715, 0.9087527990341187
129, 21, 0.35867413878440857, 0.4937959313392639, -0.17244450747966766, 0.5889977812767029
129, 22, 0.35206037759780884, 0.4727257490158081, -0.11136660724878311, 0.8711686134338379
129, 23, 0.40952080488204956, 0.3161419928073883, -0.00565285375341773, 0.9994853734970093
129, 24, 0.4003816545009613, 0.29718416929244995, 0.005569240543991327, 0.9997808337211609
129, 25, 0.4158925414085388, 0.3733823895454407, 0.108207568526268, 0.3101947605609894
129, 26, 0.4147733747959137, 0.3484382927417755, 0.061963845044374466, 0.5112116932868958
129, 27, 0.43607431650161743, 0.4077819287776947, 0.2515993118286133, 0.26855888962745667
129, 28, 0.4444902539253235, 0.39211565256118774, 0.17499832808971405, 0.30563482642173767
129, 29, 0.43971604108810425, 0.40997472405433655, 0.26780402660369873, 0.21981918811798096
129, 30, 0.4477716386318207, 0.39456596970558167, 0.1880217343568802, 0.2550950348377228
129, 31, 0.43885964155197144, 0.42869436740875244, 0.26120656728744507, 0.35440880060195923
129, 32, 0.4508148729801178, 0.4123590588569641, 0.17266516387462616, 0.3770395517349243
130, 0, 0.3885270357131958, 0.39830315113067627, -0.22041897475719452, 0.9999208450317383
130, 1, 0.39464306831359863, 0.398317813873291, -0.22417394816875458, 0.9996440410614014
130, 2, 0.39502397179603577, 0.39951401948928833, -0.22415824234485626, 0.9996088147163391
130, 3, 0.3954683542251587, 0.4006147086620331, -0.2240574061870575, 0.9998335838317871
130, 4, 0.39294031262397766, 0.3922756612300873, -0.22747409343719482, 0.999902606010437
130, 5, 0.39247187972068787, 0.3894915282726288, -0.22758035361766815, 0.9999151229858398
130, 6, 0.3919479250907898, 0.3866627514362335, -0.22765986621379852, 0.9999216794967651
130, 7, 0.3952879011631012, 0.3915503919124603, -0.2129194289445877, 0.9995393753051758
130, 8, 0.3893882930278778, 0.3726067543029785, -0.23065140843391418, 0.9999558925628662
130, 9, 0.3847369849681854, 0.39698338508605957, -0.21359138190746307, 0.9999300241470337
130, 10, 0.38375985622406006, 0.3898686170578003, -0.21880105137825012, 0.999961256980896
130, 11, 0.3870048522949219, 0.374409019947052, -0.17693926393985748, 0.9990979433059692
130, 12, 0.3679080009460449, 0.3450011909008026, -0.20510272681713104, 0.9999939203262329
130, 13, 0.3639293313026428, 0.45266711711883545, -0.1915932297706604, 0.9273266792297363
130, 14, 0.3443116545677185, 0.42247459292411804, -0.21518680453300476, 0.9999021291732788
130, 15, 0.347952663898468, 0.49187758564949036, -0.2093997448682785, 0.9137649536132812
130, 16, 0.3400323987007141, 0.48671337962150574, -0.2375119924545288, 0.9982126951217651
130, 17, 0.3533381521701813, 0.49772289395332336, -0.22332695126533508, 0.9004760384559631
130, 18, 0.34179794788360596, 0.507182240486145, -0.25685060024261475, 0.9946330785751343
130, 19, 0.3545967936515808, 0.4947371184825897, -0.22234317660331726, 0.907393217086792
130, 20, 0.34785324335098267, 0.5026637315750122, -0.257080078125, 0.9930071830749512
130, 21, 0.3533130884170532, 0.4911072254180908, -0.21046428382396698, 0.885218620300293
130, 22, 0.3477146029472351, 0.49566417932510376, -0.23874863982200623, 0.9876153469085693
130, 23, 0.4134422838687897, 0.32294678688049316, 0.015313973650336266, 0.9998940229415894
130, 24, 0.4088950753211975, 0.29911890625953674, -0.015479925088584423, 0.9999752044677734
130, 25, 0.437364399433136, 0.3736598491668701, 0.13703973591327667, 0.34689661860466003
130, 26, 0.4463648200035095, 0.31588250398635864, -0.028863076120615005, 0.994088888168335
130, 27, 0.4520944654941559, 0.4166489541530609, 0.264973908662796, 0.10760004818439484
130, 28, 0.4690485894680023, 0.4111613929271698, 0.06670936197042465, 0.8227923512458801
130, 29, 0.45390400290489197, 0.4195828437805176, 0.2798921763896942, 0.15292522311210632
130, 30, 0.46756672859191895, 0.423353910446167, 0.07981210947036743, 0.8165273070335388
130, 31, 0.4582066535949707, 0.4318121075630188, 0.291559636592865, 0.44620653986930847
130, 32, 0.4850926995277405, 0.4387493431568146, 0.09077543020248413, 0.9243296980857849
131, 0, 0.3894839882850647, 0.3935278654098511, -0.25561875104904175, 0.9999359846115112
131, 1, 0.39633214473724365, 0.393695205450058, -0.25859683752059937, 0.9996814727783203
131, 2, 0.39666280150413513, 0.39518865942955017, -0.2585824131965637, 0.9996646642684937
131, 3, 0.39705729484558105, 0.3965689241886139, -0.25847864151000977, 0.9998519420623779
131, 4, 0.39487242698669434, 0.3867120146751404, -0.2626774311065674, 0.9999109506607056
131, 5, 0.39457619190216064, 0.3837043344974518, -0.2627906799316406, 0.9999229907989502
131, 6, 0.3942216634750366, 0.3806550204753876, -0.2628759741783142, 0.9999252557754517
131, 7, 0.3971191346645355, 0.38854140043258667, -0.23976922035217285, 0.999605119228363
131, 8, 0.39209845662117004, 0.3668971657752991, -0.2611037790775299, 0.9999622106552124
131, 9, 0.3853907883167267, 0.3933146297931671, -0.2455413043498993, 0.999954104423523
131, 10, 0.38471561670303345, 0.3852452039718628, -0.2518511414527893, 0.9999743700027466
131, 11, 0.38751378655433655, 0.37498974800109863, -0.19533053040504456, 0.9993922710418701
131, 12, 0.3701774775981903, 0.3409283757209778, -0.22647491097450256, 0.9999943971633911
131, 13, 0.36368051171302795, 0.4577174782752991, -0.20969486236572266, 0.9466366171836853
131, 14, 0.3437228202819824, 0.42104166746139526, -0.23921628296375275, 0.9999529123306274
131, 15, 0.3523501455783844, 0.4884586036205292, -0.22728653252124786, 0.9421998858451843
131, 16, 0.3418554663658142, 0.48635435104370117, -0.2612585425376892, 0.9987234473228455
131, 17, 0.35312262177467346, 0.49664798378944397, -0.24042436480522156, 0.9236937761306763
131, 18, 0.3440209627151489, 0.5077406167984009, -0.27990296483039856, 0.9952701926231384
131, 19, 0.35517802834510803, 0.49308669567108154, -0.23768433928489685, 0.9242279529571533
131, 20, 0.35040467977523804, 0.502752959728241, -0.2795121669769287, 0.9934079647064209
131, 21, 0.3539530336856842, 0.4904255270957947, -0.22740450501441956, 0.9068120121955872
131, 22, 0.34980469942092896, 0.49569079279899597, -0.26197561621665955, 0.987871527671814
131, 23, 0.4147787094116211, 0.32459747791290283, 0.017076853662729263, 0.999908447265625
131, 24, 0.4109347462654114, 0.29786425828933716, -0.017238391563296318, 0.9999748468399048
131, 25, 0.4367557466030121, 0.3786187469959259, 0.14110210537910461, 0.36737436056137085
131, 26, 0.44679826498031616, 0.3211289048194885, -0.029448669403791428, 0.994400680065155
131, 27, 0.45454415678977966, 0.42556232213974, 0.2791033089160919, 0.09320095181465149
131, 28, 0.4702405035495758, 0.4137876629829407, 0.06658777594566345, 0.8187568783760071
131, 29, 0.45665279030799866, 0.42945432662963867, 0.29490742087364197, 0.14605075120925903
131, 30, 0.46935540437698364, 0.4264005422592163, 0.07964492589235306, 0.8306910395622253
131, 31, 0.46218451857566833, 0.4381400942802429, 0.30709150433540344, 0.4449666440486908
131, 32, 0.48671045899391174, 0.43852391839027405, 0.08869937062263489, 0.934808075428009
132, 0, 0.38212528824806213, 0.36745089292526245, -0.25958284735679626, 0.9970986843109131
132, 1, 0.3881338834762573, 0.3662872612476349, -0.2650057375431061, 0.9953317046165466
132, 2, 0.38939350843429565, 0.36849090456962585, -0.26498928666114807, 0.9967239499092102
132, 3, 0.39067304134368896, 0.3706040382385254, -0.26499810814857483, 0.9955652356147766
132, 4, 0.3841360807418823, 0.35840535163879395, -0.26244524121284485, 0.9961689114570618
132, 5, 0.38284608721733093, 0.3555719256401062, -0.2624988257884979, 0.9972852468490601
132, 6, 0.381544291973114, 0.35275211930274963, -0.2625293433666229, 0.9967057108879089
132, 7, 0.3923623859882355, 0.3694063723087311, -0.24429252743721008, 0.9947933554649353
132, 8, 0.3792463541030884, 0.3442176580429077, -0.23304371535778046, 0.9987531900405884
132, 9, 0.38225266337394714, 0.37130844593048096, -0.24642470479011536, 0.9957351684570312
132, 10, 0.3781667947769165, 0.3624332547187805, -0.24317196011543274, 0.9962254762649536
132, 11, 0.3899196684360504, 0.3759600818157196, -0.18883539736270905, 0.9937011003494263
132, 12, 0.361905962228775, 0.33076712489128113, -0.17461301386356354, 0.9984403252601624
132, 13, 0.3693108558654785, 0.45283329486846924, -0.19131547212600708, 0.9900376796722412
132, 14, 0.33597007393836975, 0.3852027952671051, -0.15487675368785858, 0.9859164357185364
132, 15, 0.3546639382839203, 0.4733965992927551, -0.2099820375442505, 0.9654273390769958
132, 16, 0.34174370765686035, 0.4454434812068939, -0.1660270094871521, 0.9334498643875122
132, 17, 0.34928151965141296, 0.48169052600860596, -0.22625648975372314, 0.8694019317626953
132, 18, 0.3382077217102051, 0.46084004640579224, -0.17932742834091187, 0.8156457543373108
132, 19, 0.35128316283226013, 0.4723777770996094, -0.22308921813964844, 0.8406537175178528
132, 20, 0.345855712890625, 0.4548526704311371, -0.18216708302497864, 0.7811651229858398
132, 21, 0.35211440920829773, 0.4697074592113495, -0.20959261059761047, 0.7694531679153442
132, 22, 0.34750157594680786, 0.45163026452064514, -0.16689728200435638, 0.7262296676635742
132, 23, 0.4078150689601898, 0.32272249460220337, -0.008416993543505669, 0.9977343082427979
132, 24, 0.394026517868042, 0.29828405380249023, 0.008448920212686062, 0.9984032511711121
132, 25, 0.40312957763671875, 0.36258867383003235, 0.10559632629156113, 0.06019953638315201
132, 26, 0.39216870069503784, 0.33077704906463623, 0.09938786923885345, 0.05048258602619171
132, 27, 0.4173056483268738, 0.3677465319633484, 0.25898027420043945, 0.023998446762561798
132, 28, 0.4140843451023102, 0.35237812995910645, 0.2593664526939392, 0.010833706706762314
132, 29, 0.421872079372406, 0.36292093992233276, 0.2754535675048828, 0.04785078763961792
132, 30, 0.4181045889854431, 0.3530648350715637, 0.27734440565109253, 0.028169771656394005
132, 31, 0.4134179949760437, 0.38284340500831604, 0.29070961475372314, 0.08473165333271027
132, 32, 0.41751375794410706, 0.3671730160713196, 0.2936592996120453, 0.04127196595072746
133, 0, 0.3864049017429352, 0.3573664426803589, -0.2461702823638916, 0.997908353805542
133, 1, 0.3907800018787384, 0.3573572337627411, -0.2529115378856659, 0.9980649352073669
133, 2, 0.39159536361694336, 0.3594244122505188, -0.2529045343399048, 0.9979771971702576
133, 3, 0.3924252390861511, 0.361432820558548, -0.25292474031448364, 0.9977700710296631
133, 4, 0.3883773386478424, 0.3516048192977905, -0.25239357352256775, 0.9978502988815308
133, 5, 0.3874472677707672, 0.34946906566619873, -0.2524470090866089, 0.9976711869239807
133, 6, 0.3865021765232086, 0.3473445475101471, -0.2524698078632355, 0.9976271986961365
133, 7, 0.3929841220378876, 0.36175158619880676, -0.2383895367383957, 0.9963352680206299
133, 8, 0.3843519985675812, 0.34195828437805176, -0.23594598472118378, 0.9991218447685242
133, 9, 0.38563549518585205, 0.3617595136165619, -0.23513272404670715, 0.9989295601844788
133, 10, 0.3825877606868744, 0.3540414571762085, -0.23462900519371033, 0.9991083741188049
133, 11, 0.38626939058303833, 0.37351134419441223, -0.18371891975402832, 0.9979968667030334
133, 12, 0.3691100776195526, 0.3383967876434326, -0.1789143681526184, 0.9986938834190369
133, 13, 0.36462196707725525, 0.4342517554759979, -0.16681860387325287, 0.7774730920791626
133, 14, 0.35032036900520325, 0.40174728631973267, -0.1364140808582306, 0.9362502098083496
133, 15, 0.357953280210495, 0.47224730253219604, -0.18743683397769928, 0.8440377116203308
133, 16, 0.35249271988868713, 0.44833266735076904, -0.13313259184360504, 0.9308082461357117
133, 17, 0.3563377857208252, 0.48437952995300293, -0.2101597785949707, 0.7454742789268494
133, 18, 0.34991714358329773, 0.4587200880050659, -0.1508067101240158, 0.8900917172431946
133, 19, 0.35682353377342224, 0.4780537784099579, -0.21488046646118164, 0.7619665861129761
133, 20, 0.3550146520137787, 0.45491713285446167, -0.15969069302082062, 0.888607919216156
133, 21, 0.35706812143325806, 0.4721764326095581, -0.19173471629619598, 0.6716087460517883
133, 22, 0.35673898458480835, 0.45217451453208923, -0.13731932640075684, 0.8668226599693298
133, 23, 0.40055495500564575, 0.32799047231674194, -0.004053265787661076, 0.9989659786224365
133, 24, 0.39185962080955505, 0.3087775409221649, 0.004120310302823782, 0.9990233182907104
133, 25, 0.3856329917907715, 0.3925919830799103, 0.08865278214216232, 0.1252707988023758
133, 26, 0.37369975447654724, 0.36561062932014465, 0.08465424925088882, 0.19042186439037323
133, 27, 0.3882228136062622, 0.40653640031814575, 0.25264036655426025, 0.03430771827697754
133, 28, 0.3808991014957428, 0.40020447969436646, 0.2531038522720337, 0.02515532821416855
133, 29, 0.38876819610595703, 0.4069851338863373, 0.2700479030609131, 0.03101431205868721
133, 30, 0.3814423084259033, 0.4035699665546417, 0.27154844999313354, 0.042817600071430206
133, 31, 0.3881252408027649, 0.42133915424346924, 0.2607108950614929, 0.07320704311132431
133, 32, 0.38163644075393677, 0.41881874203681946, 0.26522743701934814, 0.060777489095926285
134, 0, 0.3742901682853699, 0.3583839535713196, -0.22372576594352722, 0.9954138994216919
134, 1, 0.3743022680282593, 0.36215755343437195, -0.23094959557056427, 0.9952038526535034
134, 2, 0.3739939033985138, 0.3632987141609192, -0.23093637824058533, 0.9944601058959961
134, 3, 0.3737061619758606, 0.36438196897506714, -0.2309456169605255, 0.9964448809623718
134, 4, 0.37482306361198425, 0.35853904485702515, -0.2324213981628418, 0.9982333183288574
134, 5, 0.3750014901161194, 0.3571997880935669, -0.23248891532421112, 0.9974386692047119
134, 6, 0.3751523792743683, 0.35582685470581055, -0.23257236182689667, 0.9980637431144714
134, 7, 0.3728867769241333, 0.3646164834499359, -0.2217559814453125, 0.9967136383056641
134, 8, 0.374613881111145, 0.352578729391098, -0.22875340282917023, 0.9997349381446838
134, 9, 0.37312841415405273, 0.3583909273147583, -0.21547727286815643, 0.9988017082214355
134, 10, 0.3738626539707184, 0.3542570173740387, -0.21751148998737335, 0.9990878105163574
134, 11, 0.3707898259162903, 0.36463940143585205, -0.17831674218177795, 0.999849796295166
134, 12, 0.374091774225235, 0.34139928221702576, -0.17703863978385925, 0.9993869066238403
134, 13, 0.35423681139945984, 0.3985710144042969, -0.166373148560524, 0.906489372253418
134, 14, 0.3848775327205658, 0.34910210967063904, -0.1212654858827591, 0.6602588295936584
134, 15, 0.354716956615448, 0.42845913767814636, -0.16887524724006653, 0.7943887710571289
134, 16, 0.39312052726745605, 0.3587852120399475, -0.0894903615117073, 0.4223550856113434
134, 17, 0.3545185923576355, 0.4392858147621155, -0.1866350769996643, 0.6116582155227661
134, 18, 0.3937288820743561, 0.35802769660949707, -0.09668571501970291, 0.2905432879924774
134, 19, 0.35468587279319763, 0.4383068382740021, -0.18746721744537354, 0.6197080016136169
134, 20, 0.39318180084228516, 0.36135151982307434, -0.10280807316303253, 0.27741825580596924
134, 21, 0.35447272658348083, 0.43249574303627014, -0.17123472690582275, 0.5740212202072144
134, 22, 0.3929358422756195, 0.3619948625564575, -0.0913420021533966, 0.2603610157966614
134, 23, 0.3996514678001404, 0.3322072923183441, 0.0006361568230204284, 0.9999563694000244
134, 24, 0.40055638551712036, 0.3184320330619812, -0.0005522574065253139, 0.9999123811721802
134, 25, 0.4158845841884613, 0.3773476779460907, 0.07925348728895187, 0.6447147727012634
134, 26, 0.41662997007369995, 0.34312671422958374, 0.05451088026165962, 0.522011935710907
134, 27, 0.44260525703430176, 0.4067884683609009, 0.19309911131858826, 0.6510684490203857
134, 28, 0.4410072863101959, 0.3924880623817444, 0.16888399422168732, 0.1923835426568985
134, 29, 0.44677790999412537, 0.4103386402130127, 0.20490698516368866, 0.5238824486732483
134, 30, 0.44219309091567993, 0.40110960602760315, 0.18124014139175415, 0.20364511013031006
134, 31, 0.4498695433139801, 0.4210447669029236, 0.18093544244766235, 0.659001886844635
134, 32, 0.45328035950660706, 0.4037137031555176, 0.16053766012191772, 0.22774304449558258
135, 0, 0.39917275309562683, 0.3367164433002472, -0.2825624346733093, 0.6025536060333252
135, 1, 0.3936464190483093, 0.3285315930843353, -0.2921629548072815, 0.7745513319969177
135, 2, 0.39321669936180115, 0.3244308531284332, -0.29215240478515625, 0.8006635308265686
135, 3, 0.3927990198135376, 0.3203589618206024, -0.2922000288963318, 0.7467710375785828
135, 4, 0.3933310806751251, 0.3404526114463806, -0.2930312156677246, 0.7859168648719788
135, 5, 0.3927581310272217, 0.34401997923851013, -0.2931177020072937, 0.8190909028053284
135, 6, 0.3921910226345062, 0.3476130962371826, -0.29317963123321533, 0.7324921488761902
135, 7, 0.38709157705307007, 0.3124436140060425, -0.2717081904411316, 0.9209753274917603
135, 8, 0.3862866461277008, 0.3531213700771332, -0.27678346633911133, 0.9472103714942932
135, 9, 0.3990706503391266, 0.33186909556388855, -0.26710084080696106, 0.6268373131752014
135, 10, 0.3988810181617737, 0.34304410219192505, -0.2687041759490967, 0.5930762887001038
135, 11, 0.38419458270072937, 0.294111430644989, -0.2129504680633545, 0.9952057003974915
135, 12, 0.3784908056259155, 0.3854503929615021, -0.21233856678009033, 0.9933857321739197
135, 13, 0.40233367681503296, 0.2863463759422302, -0.14693880081176758, 0.19005951285362244
135, 14, 0.3848714530467987, 0.41884946823120117, -0.14481230080127716, 0.28993648290634155
135, 15, 0.42832714319229126, 0.3192763328552246, -0.10280616581439972, 0.13942530751228333
135, 16, 0.4114813208580017, 0.4062851369380951, -0.09558351337909698, 0.10402913391590118
135, 17, 0.43498414754867554, 0.3191557824611664, -0.10706951469182968, 0.0697634294629097
135, 18, 0.41767650842666626, 0.41005489230155945, -0.09843876957893372, 0.0787518173456192
135, 19, 0.43283623456954956, 0.3309190571308136, -0.1076274961233139, 0.06796956807374954
135, 20, 0.41832542419433594, 0.3981490135192871, -0.10339106619358063, 0.07834748178720474
135, 21, 0.4303792119026184, 0.3331800401210785, -0.10147684812545776, 0.043260443955659866
135, 22, 0.416218101978302, 0.39523428678512573, -0.09575317800045013, 0.04537525400519371
135, 23, 0.39733758568763733, 0.3233698308467865, -0.0011880215024575591, 0.9971621632575989
135, 24, 0.39359572529792786, 0.37364816665649414, 0.0013043255312368274, 0.996727705001831
135, 25, 0.39807042479515076, 0.34528589248657227, 0.16628214716911316, 0.004706844221800566
135, 26, 0.3916357159614563, 0.3780052661895752, 0.16931991279125214, 0.010946410708129406
135, 27, 0.3906008303165436, 0.3556503653526306, 0.3425973057746887, 0.016628773882985115
135, 28, 0.38587260246276855, 0.38941797614097595, 0.34012508392333984, 0.02452097274363041
135, 29, 0.38776493072509766, 0.35912835597991943, 0.36171913146972656, 0.024471167474985123
135, 30, 0.38326436281204224, 0.38905689120292664, 0.35859808325767517, 0.02614312805235386
135, 31, 0.39845889806747437, 0.35872697830200195, 0.34951895475387573, 0.010269198566675186
135, 32, 0.3938981294631958, 0.39274466037750244, 0.3449709117412567, 0.016259795054793358
136, 0, 0.39332953095436096, 0.330990195274353, -0.3118177652359009, 0.7416284084320068
136, 1, 0.38861027359962463, 0.3242812752723694, -0.32114118337631226, 0.8517362475395203
136, 2, 0.3881300687789917, 0.32082855701446533, -0.3211265802383423, 0.8766790628433228
136, 3, 0.38766777515411377, 0.31739628314971924, -0.3211674690246582, 0.8145912885665894
136, 4, 0.38844481110572815, 0.3347242474555969, -0.32260867953300476, 0.8726207613945007
136, 5, 0.3879290521144867, 0.3378620743751526, -0.3227045238018036, 0.9030422568321228
136, 6, 0.38741713762283325, 0.3410061001777649, -0.3227711021900177, 0.8553602695465088
136, 7, 0.3820034861564636, 0.31153392791748047, -0.2960781157016754, 0.944612443447113
136, 8, 0.3815978169441223, 0.3474336862564087, -0.3042133152484894, 0.980844259262085
136, 9, 0.3927144706249237, 0.3273991346359253, -0.29436343908309937, 0.8321683406829834
136, 10, 0.3926139771938324, 0.33730143308639526, -0.29693254828453064, 0.8094146847724915
136, 11, 0.37962159514427185, 0.2961401343345642, -0.2274225652217865, 0.9945435523986816
136, 12, 0.3767659664154053, 0.38009244203567505, -0.23319098353385925, 0.9961643218994141
136, 13, 0.40462058782577515, 0.2949250340461731, -0.1548350751399994, 0.17101633548736572
136, 14, 0.39054691791534424, 0.4068152904510498, -0.1560819000005722, 0.4327727258205414
136, 15, 0.42391401529312134, 0.33112406730651855, -0.1179102212190628, 0.09737949818372726
136, 16, 0.41510915756225586, 0.3903840482234955, -0.09703723341226578, 0.12144825607538223
136, 17, 0.42927342653274536, 0.33484458923339844, -0.12443647533655167, 0.053150326013565063
136, 18, 0.4217085838317871, 0.3921809792518616, -0.10277239978313446, 0.08877470344305038
136, 19, 0.4264935553073883, 0.34275078773498535, -0.12616494297981262, 0.051808036863803864
136, 20, 0.4212895333766937, 0.380188912153244, -0.10798762738704681, 0.08668988943099976
136, 21, 0.42429614067077637, 0.3436613976955414, -0.1172906905412674, 0.03453719615936279
136, 22, 0.4186241030693054, 0.3785105347633362, -0.09751199930906296, 0.05629083514213562
136, 23, 0.3992806673049927, 0.3251361548900604, 0.00013309455243870616, 0.9966214895248413
136, 24, 0.39679446816444397, 0.373945415019989, 3.579478288884275e-05, 0.9976263642311096
136, 25, 0.40465277433395386, 0.34649336338043213, 0.18272939324378967, 0.015740323811769485
136, 26, 0.4019255042076111, 0.38412466645240784, 0.1814790964126587, 0.022528497502207756
136, 27, 0.4017978608608246, 0.3562297821044922, 0.3838003873825073, 0.036816276609897614
136, 28, 0.4021991193294525, 0.3885456919670105, 0.3753305673599243, 0.032207190990448
136, 29, 0.4002442955970764, 0.36004510521888733, 0.40543264150619507, 0.06821665167808533
136, 30, 0.3997384309768677, 0.38666942715644836, 0.39603614807128906, 0.02617543563246727
136, 31, 0.4097757339477539, 0.35604244470596313, 0.3887922167778015, 0.03341766074299812
136, 32, 0.41368603706359863, 0.38868382573127747, 0.37554964423179626, 0.027301451191306114
137, 0, 0.40988069772720337, 0.334613561630249, -0.31227612495422363, 0.9846770763397217
137, 1, 0.405357301235199, 0.32284873723983765, -0.32041293382644653, 0.9936577677726746
137, 2, 0.4055480360984802, 0.3181752860546112, -0.3204057216644287, 0.99420565366745
137, 3, 0.40574806928634644, 0.31352418661117554, -0.3204834461212158, 0.9941937327384949
137, 4, 0.40287119150161743, 0.3361892104148865, -0.32460349798202515, 0.99244624376297
137, 5, 0.40139642357826233, 0.3402743637561798, -0.3247113525867462, 0.9930484294891357
137, 6, 0.39992716908454895, 0.3443492352962494, -0.324783056974411, 0.9900089502334595
137, 7, 0.39840808510780334, 0.3044987916946411, -0.2870651185512543, 0.9988356232643127
137, 8, 0.3897740840911865, 0.35078245401382446, -0.3083779513835907, 0.9988883137702942
137, 9, 0.40853291749954224, 0.3307710289955139, -0.2915205955505371, 0.993710994720459
137, 10, 0.4059158265590668, 0.3439832925796509, -0.2977794408798218, 0.991527259349823
137, 11, 0.3942234218120575, 0.2884162366390228, -0.2211572229862213, 0.9998441934585571
137, 12, 0.3741562068462372, 0.38959071040153503, -0.23357824981212616, 0.9991992115974426
137, 13, 0.4195477366447449, 0.28186988830566406, -0.14844730496406555, 0.821831464767456
137, 14, 0.38049453496932983, 0.4282430112361908, -0.15105357766151428, 0.682842493057251
137, 15, 0.4581970274448395, 0.31572216749191284, -0.11151917278766632, 0.7394744157791138
137, 16, 0.4141393303871155, 0.43227559328079224, -0.09815273433923721, 0.2909541428089142
137, 17, 0.4676887094974518, 0.32120805978775024, -0.11762157827615738, 0.4922863841056824
137, 18, 0.4224650263786316, 0.4403110146522522, -0.10229239612817764, 0.20773178339004517
137, 19, 0.46552199125289917, 0.3321444094181061, -0.12627309560775757, 0.5094296336174011
137, 20, 0.4244803786277771, 0.4289597272872925, -0.11107674986124039, 0.21267351508140564
137, 21, 0.46075281500816345, 0.33472907543182373, -0.1134779304265976, 0.396279513835907
137, 22, 0.4222939610481262, 0.4239409565925598, -0.09978581219911575, 0.14346085488796234
137, 23, 0.4097389280796051, 0.33231687545776367, 0.006464519537985325, 0.9996076226234436
137, 24, 0.40013638138771057, 0.3864130973815918, -0.006303530186414719, 0.9994727969169617
137, 25, 0.43096184730529785, 0.3691929280757904, 0.1709713339805603, 0.02177204005420208
137, 26, 0.42323580384254456, 0.4092039465904236, 0.14584337174892426, 0.07225780189037323
137, 27, 0.43809929490089417, 0.39669540524482727, 0.3409782946109772, 0.04554159939289093
137, 28, 0.43331772089004517, 0.42797422409057617, 0.31121495366096497, 0.07068478316068649
137, 29, 0.4377090036869049, 0.40056517720222473, 0.3588596284389496, 0.07945752143859863
137, 30, 0.43257609009742737, 0.42844951152801514, 0.3282896876335144, 0.06923584640026093
137, 31, 0.44990086555480957, 0.4073698818683624, 0.33597010374069214, 0.04054548591375351
137, 32, 0.44865649938583374, 0.43384143710136414, 0.3000457286834717, 0.05092389136552811
138, 0, 0.40321478247642517, 0.3345782160758972, -0.32853564620018005, 0.9587081670761108
138, 1, 0.3981882631778717, 0.32367950677871704, -0.336176335811615, 0.966077446937561
138, 2, 0.39821702241897583, 0.31918448209762573, -0.33617761731147766, 0.9686218500137329
138, 3, 0.3982640206813812, 0.31472063064575195, -0.33624088764190674, 0.966711699962616
138, 4, 0.39627212285995483, 0.3366375267505646, -0.3385109603404999, 0.9586526155471802
138, 5, 0.39505934715270996, 0.3406820595264435, -0.33861038088798523, 0.9622686505317688
138, 6, 0.3938494026660919, 0.34469708800315857, -0.33869698643684387, 0.9522064328193665
138, 7, 0.3913500905036926, 0.30618172883987427, -0.3026479482650757, 0.9926445484161377
138, 8, 0.3847699761390686, 0.3511449694633484, -0.3157660961151123, 0.9933746457099915
138, 9, 0.4022955894470215, 0.330333411693573, -0.3082250654697418, 0.9849013686180115
138, 10, 0.4002907872200012, 0.34338149428367615, -0.31211113929748535, 0.9783989787101746
138, 11, 0.39012399315834045, 0.28944191336631775, -0.23611290752887726, 0.9998449087142944
138, 12, 0.37181326746940613, 0.38929253816604614, -0.2403370440006256, 0.9990155696868896
138, 13, 0.41878801584243774, 0.28320831060409546, -0.17541976273059845, 0.8240349888801575
138, 14, 0.38117873668670654, 0.4333415627479553, -0.16485415399074554, 0.7881501317024231
138, 15, 0.4567693769931793, 0.32434529066085815, -0.15037629008293152, 0.6678526997566223
138, 16, 0.41165703535079956, 0.4350314140319824, -0.11307206004858017, 0.28983274102211
138, 17, 0.4691678583621979, 0.3276030421257019, -0.15944698452949524, 0.4111761152744293
138, 18, 0.41952386498451233, 0.4422811269760132, -0.11779113113880157, 0.17293108999729156
138, 19, 0.4663236737251282, 0.34024524688720703, -0.16724137961864471, 0.399682879447937
138, 20, 0.4209080636501312, 0.4303245544433594, -0.12713918089866638, 0.16243265569210052
138, 21, 0.46136751770973206, 0.34171628952026367, -0.1523888111114502, 0.29753103852272034
138, 22, 0.4187623858451843, 0.4260833263397217, -0.11504380404949188, 0.11676166206598282
138, 23, 0.41070929169654846, 0.3323625922203064, 0.00499035743996501, 0.998422384262085
138, 24, 0.40143918991088867, 0.38653603196144104, -0.004768935032188892, 0.9977241158485413
138, 25, 0.4370827078819275, 0.37382233142852783, 0.15314199030399323, 0.0261837150901556
138, 26, 0.4291800856590271, 0.4268180727958679, 0.1351294070482254, 0.1739821583032608
138, 27, 0.4463265836238861, 0.40744417905807495, 0.3312852680683136, 0.0648588165640831
138, 28, 0.441174179315567, 0.45586496591567993, 0.3014761209487915, 0.13564807176589966
138, 29, 0.44569793343544006, 0.41268190741539, 0.3491004407405853, 0.06404098868370056
138, 30, 0.44087085127830505, 0.4557344317436218, 0.31813472509384155, 0.11031373590230942
138, 31, 0.4600350856781006, 0.4193110466003418, 0.31579285860061646, 0.05275450274348259
138, 32, 0.45729464292526245, 0.4658935070037842, 0.27790287137031555, 0.09876962006092072
139, 0, 0.39967259764671326, 0.35189545154571533, -0.3881980776786804, 0.9905905723571777
139, 1, 0.39600133895874023, 0.33417782187461853, -0.39905595779418945, 0.990742027759552
139, 2, 0.3972483277320862, 0.3285810351371765, -0.3990163803100586, 0.9919522404670715
139, 3, 0.3985242545604706, 0.323009729385376, -0.39911171793937683, 0.9891604781150818
139, 4, 0.39060136675834656, 0.3499314486980438, -0.4001346230506897, 0.9839816689491272
139, 5, 0.3883018493652344, 0.354434072971344, -0.4002389907836914, 0.9855351448059082
139, 6, 0.38603952527046204, 0.35890457034111023, -0.400329053401947, 0.9789206385612488
139, 7, 0.3937961757183075, 0.30743205547332764, -0.3636927604675293, 0.9971953630447388
139, 8, 0.37602394819259644, 0.3618071973323822, -0.37102463841438293, 0.9955163598060608
139, 9, 0.40175381302833557, 0.3463418483734131, -0.36572304368019104, 0.9936874508857727
139, 10, 0.396355539560318, 0.3613816201686859, -0.36801445484161377, 0.9882906675338745
139, 11, 0.40277785062789917, 0.2843164801597595, -0.28077295422554016, 0.9989787340164185
139, 12, 0.3540356755256653, 0.4022940397262573, -0.284755140542984, 0.9981957077980042
139, 13, 0.43839702010154724, 0.2723695635795593, -0.21015973389148712, 0.8957217335700989
139, 14, 0.3453238010406494, 0.47292983531951904, -0.21723751723766327, 0.9338400959968567
139, 15, 0.4709376394748688, 0.3326793909072876, -0.1565375030040741, 0.6126503944396973
139, 16, 0.37318143248558044, 0.5061970949172974, -0.159006729722023, 0.5159880518913269
139, 17, 0.48260697722435, 0.33809512853622437, -0.15932711958885193, 0.3048889935016632
139, 18, 0.3767997622489929, 0.5247246623039246, -0.16238051652908325, 0.3276427686214447
139, 19, 0.47591501474380493, 0.3533383309841156, -0.16709131002426147, 0.3144817054271698
139, 20, 0.38138338923454285, 0.5118187665939331, -0.17102335393428802, 0.3565802276134491
139, 21, 0.4712064862251282, 0.3536686599254608, -0.15729230642318726, 0.32592663168907166
139, 22, 0.38243669271469116, 0.5036250352859497, -0.16043654084205627, 0.35581865906715393
139, 23, 0.41840797662734985, 0.34084469079971313, -0.0028056239243596792, 0.9976353645324707
139, 24, 0.3938620090484619, 0.4053860008716583, 0.0029788718093186617, 0.9977537989616394
139, 25, 0.43610960245132446, 0.4218485653400421, 0.13023634254932404, 0.11949344724416733
139, 26, 0.410061776638031, 0.4836236238479614, 0.11271427571773529, 0.3187750577926636
139, 27, 0.4463118612766266, 0.447569876909256, 0.35692155361175537, 0.03827574849128723
139, 28, 0.4311264455318451, 0.5152959823608398, 0.2833743095397949, 0.10784479230642319
139, 29, 0.4464542269706726, 0.45128870010375977, 0.381501704454422, 0.060647886246442795
139, 30, 0.43295803666114807, 0.5136563181877136, 0.3013039827346802, 0.05488572269678116
139, 31, 0.45723074674606323, 0.472305029630661, 0.37136155366897583, 0.10498125851154327
139, 32, 0.4448360502719879, 0.5368449687957764, 0.27742332220077515, 0.15502142906188965
140, 0, 0.40753626823425293, 0.36049237847328186, -0.36363768577575684, 0.9800329804420471
140, 1, 0.403836190700531, 0.3437274694442749, -0.37543585896492004, 0.9902439713478088
140, 2, 0.4050329327583313, 0.3382936120033264, -0.3754025995731354, 0.9909389019012451
140, 3, 0.40624189376831055, 0.33291372656822205, -0.37549638748168945, 0.9904065728187561
140, 4, 0.39815160632133484, 0.3580590486526489, -0.3759249746799469, 0.9800618290901184
140, 5, 0.3956979215145111, 0.36193031072616577, -0.37600961327552795, 0.9787474870681763
140, 6, 0.3932800889015198, 0.36576735973358154, -0.37608250975608826, 0.9716459512710571
140, 7, 0.40012210607528687, 0.3161894977092743, -0.3463321328163147, 0.9985992312431335
140, 8, 0.381369948387146, 0.36655157804489136, -0.3510693609714508, 0.9949759244918823
140, 9, 0.4085319936275482, 0.3541562259197235, -0.34357210993766785, 0.9890215992927551
140, 10, 0.40299147367477417, 0.36787331104278564, -0.3451349139213562, 0.9780650734901428
140, 11, 0.4067755341529846, 0.2880389094352722, -0.26813989877700806, 0.999037504196167
140, 12, 0.35713404417037964, 0.4025198221206665, -0.2686178982257843, 0.9961830973625183
140, 13, 0.4431987702846527, 0.2808105945587158, -0.19840948283672333, 0.88339763879776
140, 14, 0.34540942311286926, 0.4592691957950592, -0.19265416264533997, 0.8609029054641724
140, 15, 0.47275567054748535, 0.34448033571243286, -0.1437784731388092, 0.7574736475944519
140, 16, 0.359966516494751, 0.49694982171058655, -0.13635137677192688, 0.5602635145187378
140, 17, 0.483670175075531, 0.35099756717681885, -0.14759761095046997, 0.4036797881126404
140, 18, 0.35832661390304565, 0.5152617692947388, -0.13797003030776978, 0.38854655623435974
140, 19, 0.47646385431289673, 0.3661525845527649, -0.15130814909934998, 0.3972011208534241
140, 20, 0.36330869793891907, 0.5058996081352234, -0.14771144092082977, 0.4180743396282196
140, 21, 0.4716629385948181, 0.36680272221565247, -0.14327538013458252, 0.37746015191078186
140, 22, 0.365999698638916, 0.4970768094062805, -0.13872307538986206, 0.37011319398880005
140, 23, 0.4187619686126709, 0.34105178713798523, 0.002182270400226116, 0.9968222379684448
140, 24, 0.39714768528938293, 0.4043291211128235, -0.0020781850907951593, 0.9940839409828186
140, 25, 0.44092997908592224, 0.380355566740036, 0.18602041900157928, 0.055460285395383835
140, 26, 0.4176836609840393, 0.44347813725471497, 0.17581059038639069, 0.12260312587022781
140, 27, 0.44463425874710083, 0.4113507866859436, 0.38358598947525024, 0.06477753818035126
140, 28, 0.43360811471939087, 0.46694472432136536, 0.3658406436443329, 0.07654173672199249
140, 29, 0.4420130252838135, 0.41659706830978394, 0.4038999676704407, 0.08390902727842331
140, 30, 0.4336586892604828, 0.4639776349067688, 0.3849353790283203, 0.052094120532274246
140, 31, 0.46074604988098145, 0.4270281493663788, 0.3778027296066284, 0.12687715888023376
140, 32, 0.45276060700416565, 0.48435238003730774, 0.35157179832458496, 0.1051846370100975
141, 0, 0.41112861037254333, 0.3499819040298462, -0.3194565176963806, 0.9927037954330444
141, 1, 0.40827640891075134, 0.33430594205856323, -0.3305288851261139, 0.9943051934242249
141, 2, 0.4093117117881775, 0.32914334535598755, -0.33049705624580383, 0.9949696660041809
141, 3, 0.41036906838417053, 0.32401415705680847, -0.33055582642555237, 0.9945693612098694
141, 4, 0.4030481278896332, 0.34861114621162415, -0.3333289921283722, 0.9895685315132141
141, 5, 0.40066879987716675, 0.35265254974365234, -0.3334285616874695, 0.9902192950248718
141, 6, 0.3983183205127716, 0.3566499948501587, -0.33352524042129517, 0.9866557121276855
141, 7, 0.40370407700538635, 0.30991464853286743, -0.3025398552417755, 0.9990290403366089
141, 8, 0.38620996475219727, 0.35991305112838745, -0.3179432153701782, 0.9966161847114563
141, 9, 0.41081103682518005, 0.3447623550891876, -0.30039992928504944, 0.9953763484954834
141, 10, 0.40559715032577515, 0.3584393262863159, -0.30501413345336914, 0.9905200004577637
141, 11, 0.4044255316257477, 0.2865942120552063, -0.23545880615711212, 0.9987719655036926
141, 12, 0.361047625541687, 0.39913707971572876, -0.25337257981300354, 0.9972520470619202
141, 13, 0.4388287663459778, 0.2803744673728943, -0.18117430806159973, 0.9411147236824036
141, 14, 0.35119858384132385, 0.46324580907821655, -0.21244272589683533, 0.9580395817756653
141, 15, 0.4725329875946045, 0.34035471081733704, -0.15200822055339813, 0.8332439661026001
141, 16, 0.3636036217212677, 0.5096396803855896, -0.18977151811122894, 0.7657615542411804
141, 17, 0.48517027497291565, 0.34734463691711426, -0.15776602923870087, 0.4561264216899872
141, 18, 0.36233627796173096, 0.5290488600730896, -0.20048239827156067, 0.5397681593894958
141, 19, 0.47880125045776367, 0.36099013686180115, -0.16373805701732635, 0.47035810351371765
141, 20, 0.36654993891716003, 0.5206115245819092, -0.20983178913593292, 0.5863261222839355
141, 21, 0.4735030233860016, 0.3616720736026764, -0.15330259501934052, 0.4589095115661621
141, 22, 0.3691953122615814, 0.5121912956237793, -0.1936386376619339, 0.5466550588607788
141, 23, 0.4168018698692322, 0.34004607796669006, 0.005946007557213306, 0.997017502784729
141, 24, 0.3983282148838043, 0.4001639485359192, -0.005840549245476723, 0.9973964691162109
141, 25, 0.4336877465248108, 0.3781740963459015, 0.18213710188865662, 0.09020837396383286
141, 26, 0.4176967144012451, 0.43881192803382874, 0.1560375988483429, 0.2900696098804474
141, 27, 0.4375527501106262, 0.409061461687088, 0.3648934066295624, 0.04478348419070244
141, 28, 0.4288874566555023, 0.47224417328834534, 0.3265656530857086, 0.11694840341806412
141, 29, 0.43548861145973206, 0.4138070344924927, 0.3841921389102936, 0.04674956947565079
141, 30, 0.42809754610061646, 0.4726497530937195, 0.34391966462135315, 0.059800926595926285
141, 31, 0.4522210955619812, 0.42317670583724976, 0.3628341853618622, 0.12847726047039032
141, 32, 0.4462938904762268, 0.4858110547065735, 0.31212955713272095, 0.1773967146873474
142, 0, 0.3819887936115265, 0.3947531282901764, -0.313955694437027, 0.9959224462509155
142, 1, 0.3840368688106537, 0.3881007730960846, -0.32605886459350586, 0.9974011182785034
142, 2, 0.38632163405418396, 0.38847172260284424, -0.3260326087474823, 0.9977484345436096
142, 3, 0.3885985314846039, 0.38885435461997986, -0.32609936594963074, 0.9961929321289062
142, 4, 0.37744441628456116, 0.3841247856616974, -0.319796085357666, 0.9946481585502625
142, 5, 0.37520673871040344, 0.3819940686225891, -0.31989729404449463, 0.9957655668258667
142, 6, 0.3729794919490814, 0.3798860013484955, -0.31997424364089966, 0.9958497285842896
142, 7, 0.3928411304950714, 0.3805004060268402, -0.31376829743385315, 0.9974652528762817
142, 8, 0.3710494339466095, 0.3658653795719147, -0.28845563530921936, 0.9985472559928894
142, 9, 0.38776469230651855, 0.39558252692222595, -0.3020351827144623, 0.9974302649497986
142, 10, 0.38126862049102783, 0.3904309868812561, -0.2946111261844635, 0.9979645013809204
142, 11, 0.41961440443992615, 0.3608250617980957, -0.24102063477039337, 0.9985532164573669
142, 12, 0.35574105381965637, 0.3581138253211975, -0.22229740023612976, 0.9992031455039978
142, 13, 0.45251789689064026, 0.37423819303512573, -0.2008301317691803, 0.9331955909729004
142, 14, 0.34330278635025024, 0.4060387909412384, -0.1425984799861908, 0.2484067976474762
142, 15, 0.47252893447875977, 0.40285179018974304, -0.18879742920398712, 0.9236825704574585
142, 16, 0.34606680274009705, 0.4764609932899475, -0.09894668310880661, 0.3637107014656067
142, 17, 0.47671613097190857, 0.42203041911125183, -0.21089205145835876, 0.8344594240188599
142, 18, 0.3416919708251953, 0.4878420829772949, -0.10743089765310287, 0.42233067750930786
142, 19, 0.4720223546028137, 0.4237305223941803, -0.22009119391441345, 0.8066596984863281
142, 20, 0.35277512669563293, 0.4861944913864136, -0.11989643424749374, 0.43816882371902466
142, 21, 0.4681960940361023, 0.41950178146362305, -0.1940421462059021, 0.751337468624115
142, 22, 0.3581468164920807, 0.48061609268188477, -0.102364681661129, 0.44490286707878113
142, 23, 0.42091575264930725, 0.3419812023639679, -0.016013581305742264, 0.9988815188407898
142, 24, 0.3978084325790405, 0.34447458386421204, 0.01596139557659626, 0.9984235763549805
142, 25, 0.41199666261672974, 0.39692434668540955, 0.13358697295188904, 0.02057630382478237
142, 26, 0.3934263288974762, 0.3949325680732727, 0.13708750903606415, 0.027465874329209328
142, 27, 0.4282298982143402, 0.4155829846858978, 0.3259775638580322, 0.3757718801498413
142, 28, 0.42286866903305054, 0.41756439208984375, 0.32386964559555054, 0.11535607278347015
142, 29, 0.4350753426551819, 0.41622915863990784, 0.3462764322757721, 0.3693729341030121
142, 30, 0.42909741401672363, 0.4154205620288849, 0.3442746698856354, 0.12805037200450897
142, 31, 0.420232355594635, 0.44063013792037964, 0.33874350786209106, 0.13077875971794128
142, 32, 0.4221298098564148, 0.44679996371269226, 0.33536526560783386, 0.03690717741847038
143, 0, 0.4073432981967926, 0.3409309685230255, -0.2859770655632019, 0.9849565625190735
143, 1, 0.4040672779083252, 0.32876497507095337, -0.2954586148262024, 0.9932947754859924
143, 2, 0.40492767095565796, 0.3243270218372345, -0.295456200838089, 0.9942976832389832
143, 3, 0.40580374002456665, 0.319918692111969, -0.29555708169937134, 0.9937450289726257
143, 4, 0.3995358645915985, 0.3414962887763977, -0.2982734441757202, 0.9842691421508789
143, 5, 0.39734721183776855, 0.3454149067401886, -0.29836803674697876, 0.9834655523300171
143, 6, 0.3951755464076996, 0.34932491183280945, -0.2984553575515747, 0.9763824939727783
143, 7, 0.39945587515830994, 0.3092842996120453, -0.26718759536743164, 0.9983565211296082
143, 8, 0.384383887052536, 0.3543336093425751, -0.2823191285133362, 0.9926395416259766
143, 9, 0.406770795583725, 0.33659374713897705, -0.26731014251708984, 0.9905055165290833
143, 10, 0.4022311568260193, 0.3492100238800049, -0.2718488276004791, 0.9804962277412415
143, 11, 0.4012068212032318, 0.28356239199638367, -0.21579866111278534, 0.998443067073822
143, 12, 0.36237412691116333, 0.3886686861515045, -0.221806600689888, 0.995606005191803
143, 13, 0.43789011240005493, 0.2809763550758362, -0.1786871999502182, 0.968261182308197
143, 14, 0.3566555082798004, 0.44937869906425476, -0.18959680199623108, 0.9538691639900208
143, 15, 0.4682230055332184, 0.3389461040496826, -0.1653379648923874, 0.923208475112915
143, 16, 0.3626771569252014, 0.4980253577232361, -0.19281163811683655, 0.9286984205245972
143, 17, 0.47819584608078003, 0.34413787722587585, -0.1759192943572998, 0.6735862493515015
143, 18, 0.3602571189403534, 0.5160259008407593, -0.20773747563362122, 0.8309333920478821
143, 19, 0.47184497117996216, 0.35598182678222656, -0.18160831928253174, 0.6858220100402832
143, 20, 0.3637029528617859, 0.5127048492431641, -0.21862025558948517, 0.8725114464759827
143, 21, 0.46683210134506226, 0.3563941419124603, -0.16737070679664612, 0.6539109945297241
143, 22, 0.3667078912258148, 0.5043278932571411, -0.19792680442333221, 0.8407270312309265
143, 23, 0.4173031449317932, 0.32247233390808105, -0.004387237597256899, 0.9984134435653687
143, 24, 0.40271925926208496, 0.37481778860092163, 0.0044482103548944, 0.9972756505012512
143, 25, 0.4317725598812103, 0.3576154410839081, 0.15743769705295563, 0.10343720763921738
143, 26, 0.4199739098548889, 0.3868308663368225, 0.1575155407190323, 0.1395321935415268
143, 27, 0.43701300024986267, 0.36977338790893555, 0.3340863883495331, 0.04723552614450455
143, 28, 0.43174490332603455, 0.389109343290329, 0.3315235674381256, 0.04503277316689491
143, 29, 0.4368695616722107, 0.3687818646430969, 0.3531974256038666, 0.0669836699962616
143, 30, 0.4318024516105652, 0.3845195472240448, 0.3501661419868469, 0.03252414986491203
143, 31, 0.44592851400375366, 0.38643863797187805, 0.33807313442230225, 0.09306710213422775
143, 32, 0.4443526864051819, 0.39790433645248413, 0.32962802052497864, 0.059878457337617874
144, 0, 0.384633332490921, 0.38527029752731323, -0.30155032873153687, 0.9990946054458618
144, 1, 0.3864902853965759, 0.3794364631175995, -0.31081095337867737, 0.9994814991950989
144, 2, 0.38828063011169434, 0.3798254132270813, -0.3107870817184448, 0.9993938207626343
144, 3, 0.3900785446166992, 0.3802146911621094, -0.31087836623191833, 0.9991003274917603
144, 4, 0.3812618851661682, 0.3759172260761261, -0.3061755895614624, 0.9991745352745056
144, 5, 0.3795284032821655, 0.3743290305137634, -0.3062843680381775, 0.9992019534111023
144, 6, 0.3778025507926941, 0.3727269768714905, -0.3063431978225708, 0.9991770386695862
144, 7, 0.393125981092453, 0.3744286298751831, -0.29317131638526917, 0.9988277554512024
144, 8, 0.3758552372455597, 0.3616827726364136, -0.27415937185287476, 0.9997147917747498
144, 9, 0.388883501291275, 0.38714149594306946, -0.2880595922470093, 0.9995108842849731
144, 10, 0.38364270329475403, 0.382630318403244, -0.28245809674263, 0.9995835423469543
144, 11, 0.4149574637413025, 0.36119210720062256, -0.2154431790113449, 0.9989425539970398
144, 12, 0.3596074879169464, 0.3543279767036438, -0.19648471474647522, 0.9995681643486023
144, 13, 0.44073429703712463, 0.3625086843967438, -0.16646906733512878, 0.7202007174491882
144, 14, 0.34680527448654175, 0.3970654010772705, -0.10373447835445404, 0.32039743661880493
144, 15, 0.4596877694129944, 0.3896770179271698, -0.14296278357505798, 0.7522891759872437
144, 16, 0.35020530223846436, 0.4479388892650604, -0.04151955991983414, 0.343335896730423
144, 17, 0.4655115008354187, 0.39814314246177673, -0.15879058837890625, 0.611903190612793
144, 18, 0.34716689586639404, 0.4583146274089813, -0.04121584817767143, 0.4055764079093933
144, 19, 0.45928460359573364, 0.3994724750518799, -0.1688169687986374, 0.5796799659729004
144, 20, 0.35561516880989075, 0.4568755626678467, -0.0548228845000267, 0.4223138391971588
144, 21, 0.45445913076400757, 0.39741945266723633, -0.14777004718780518, 0.5522422790527344
144, 22, 0.3592863380908966, 0.4532022178173065, -0.044054996222257614, 0.46091434359550476
144, 23, 0.415592759847641, 0.33883073925971985, -0.017795996740460396, 0.9988827109336853
144, 24, 0.39441198110580444, 0.3359256982803345, 0.017866196110844612, 0.9993657469749451
144, 25, 0.38665178418159485, 0.42504554986953735, 0.07100017368793488, 0.05174378305673599
144, 26, 0.37391993403434753, 0.4068024158477783, 0.0631045252084732, 0.0699397474527359
144, 27, 0.39650022983551025, 0.464488685131073, 0.2290707379579544, 0.43064549565315247
144, 28, 0.4091539978981018, 0.44338786602020264, 0.20161180198192596, 0.1644468456506729
144, 29, 0.4039560854434967, 0.46816688776016235, 0.24512501060962677, 0.43870609998703003
144, 30, 0.4179479479789734, 0.44333967566490173, 0.21626845002174377, 0.19343003630638123
144, 31, 0.3823069930076599, 0.4938529133796692, 0.23621058464050293, 0.3086574971675873
144, 32, 0.405630499124527, 0.47618788480758667, 0.20695368945598602, 0.11955887079238892
145, 0, 0.3939841687679291, 0.34020301699638367, -0.3372345268726349, 0.9905222058296204
145, 1, 0.3897010385990143, 0.33077189326286316, -0.3474625051021576, 0.9979735016822815
145, 2, 0.3900677561759949, 0.32709836959838867, -0.3474741578102112, 0.9984006285667419
145, 3, 0.390445739030838, 0.3234376311302185, -0.3475842773914337, 0.9978522062301636
145, 4, 0.3870778977870941, 0.34097903966903687, -0.3470099866390228, 0.9974843263626099
145, 5, 0.38565853238105774, 0.34389346837997437, -0.3471285402774811, 0.9974964261054993
145, 6, 0.38425201177597046, 0.34680795669555664, -0.34722280502319336, 0.9965829253196716
145, 7, 0.38459286093711853, 0.3146277070045471, -0.3200182318687439, 0.9996662139892578
145, 8, 0.37621575593948364, 0.34931641817092896, -0.32034122943878174, 0.9997484087944031
145, 9, 0.39443886280059814, 0.3364323377609253, -0.31797266006469727, 0.9977912902832031
145, 10, 0.3917362093925476, 0.345791757106781, -0.318261981010437, 0.9981217980384827
145, 11, 0.39052242040634155, 0.2918328046798706, -0.2583378255367279, 0.9996960163116455
145, 12, 0.3679347634315491, 0.3770504295825958, -0.22981110215187073, 0.9987478256225586
145, 13, 0.4341498911380768, 0.30334433913230896, -0.20548316836357117, 0.7709617614746094
145, 14, 0.38326895236968994, 0.40737178921699524, -0.12652499973773956, 0.19835656881332397
145, 15, 0.45279282331466675, 0.3649226427078247, -0.17762698233127594, 0.6559159159660339
145, 16, 0.40508756041526794, 0.3940880596637726, -0.058499209582805634, 0.10664981603622437
145, 17, 0.46247464418411255, 0.38270190358161926, -0.1933881640434265, 0.5311203002929688
145, 18, 0.4108111262321472, 0.39293408393859863, -0.06071937829256058, 0.11233338713645935
145, 19, 0.4544563293457031, 0.3856826722621918, -0.19557537138462067, 0.5233076214790344
145, 20, 0.41189494729042053, 0.38664710521698, -0.06871777027845383, 0.12895603477954865
145, 21, 0.4507623612880707, 0.38394850492477417, -0.1773395538330078, 0.42242559790611267
145, 22, 0.41056156158447266, 0.3854054808616638, -0.0590718612074852, 0.11489614844322205
145, 23, 0.415585458278656, 0.3193754255771637, -0.014090465381741524, 0.9998190999031067
145, 24, 0.4051377773284912, 0.363383948802948, 0.014336386695504189, 0.9994832277297974
145, 25, 0.42731839418411255, 0.3801787793636322, 0.15008920431137085, 0.2963851988315582
145, 26, 0.41851702332496643, 0.38285815715789795, 0.17525292932987213, 0.12220362573862076
145, 27, 0.43241697549819946, 0.4242343604564667, 0.3410467505455017, 0.31066128611564636
145, 28, 0.4269300401210785, 0.4001096189022064, 0.35799533128738403, 0.08259417861700058
145, 29, 0.43638211488723755, 0.4271329343318939, 0.3617795407772064, 0.34367337822914124
145, 30, 0.4290934205055237, 0.39729100465774536, 0.3785272538661957, 0.052123114466667175
145, 31, 0.42927202582359314, 0.4521794319152832, 0.34634655714035034, 0.23481731116771698
145, 32, 0.4294695258140564, 0.416357159614563, 0.3661738336086273, 0.05878429859876633
146, 0, 0.3962553143501282, 0.3810076117515564, -0.3405645489692688, 0.9658844470977783
146, 1, 0.3917982876300812, 0.3700626492500305, -0.3572409749031067, 0.981255829334259
146, 2, 0.39542725682258606, 0.3577992618083954, -0.35719940066337585, 0.9809780120849609
146, 3, 0.3969660997390747, 0.35243654251098633, -0.35728827118873596, 0.9808026552200317
146, 4, 0.38757726550102234, 0.3748110830783844, -0.3514597713947296, 0.9712148308753967
146, 5, 0.3850556015968323, 0.3770318627357483, -0.3515265882015228, 0.96750408411026
146, 6, 0.3825458586215973, 0.37930265069007874, -0.3516259491443634, 0.9686583280563354
146, 7, 0.3939754366874695, 0.32522112131118774, -0.3502998948097229, 0.9962542057037354
146, 8, 0.3725464940071106, 0.3674267530441284, -0.3263070285320282, 0.9942318797111511
146, 9, 0.39919722080230713, 0.36857545375823975, -0.32906314730644226, 0.9877070784568787
146, 10, 0.39332613348960876, 0.380007266998291, -0.32221508026123047, 0.9826315641403198
146, 11, 0.40941232442855835, 0.2694697976112366, -0.2761566638946533, 0.9990671277046204
146, 12, 0.3503881096839905, 0.3862738013267517, -0.25625184178352356, 0.9984312653541565
146, 13, 0.4582110047340393, 0.2965131998062134, -0.2154499590396881, 0.9140558838844299
146, 14, 0.3528168499469757, 0.4507220685482025, -0.19163163006305695, 0.6916182041168213
146, 15, 0.47358497977256775, 0.3776189982891083, -0.1638396680355072, 0.5851000547409058
146, 16, 0.3807315528392792, 0.4967312216758728, -0.14472143352031708, 0.28366443514823914
146, 17, 0.48023223876953125, 0.3934013247489929, -0.16758625209331512, 0.24887870252132416
146, 18, 0.3827103078365326, 0.5142580270767212, -0.14608392119407654, 0.13654164969921112
146, 19, 0.4708414673805237, 0.4037669599056244, -0.16568751633167267, 0.261821985244751
146, 20, 0.38786137104034424, 0.5062360763549805, -0.15290066599845886, 0.1645432859659195
146, 21, 0.466768741607666, 0.4005128741264343, -0.1607520580291748, 0.2116890549659729
146, 22, 0.3893534541130066, 0.4967488944530487, -0.14594301581382751, 0.14744146168231964
146, 23, 0.43300357460975647, 0.3396987020969391, -0.003953374456614256, 0.9980525970458984
146, 24, 0.40264004468917847, 0.3972838222980499, 0.004080279264599085, 0.9972388744354248
146, 25, 0.4499374032020569, 0.3900403380393982, 0.1675678789615631, 0.06610047817230225
146, 26, 0.4105071425437927, 0.4621281623840332, 0.15832306444644928, 0.15678243339061737
146, 27, 0.4438670575618744, 0.43797171115875244, 0.3608587384223938, 0.0334552563726902
146, 28, 0.42688336968421936, 0.4886108338832855, 0.3355069160461426, 0.04345112666487694
146, 29, 0.4419504702091217, 0.44205039739608765, 0.381308913230896, 0.03447375446557999
146, 30, 0.428628534078598, 0.48514509201049805, 0.3540381193161011, 0.03499261289834976
146, 31, 0.4510774612426758, 0.4642755687236786, 0.36001086235046387, 0.08030775934457779
146, 32, 0.44079843163490295, 0.5170493125915527, 0.3259454071521759, 0.07992177456617355
147, 0, 0.40162938833236694, 0.3735356330871582, -0.3244723677635193, 0.9859301447868347
147, 1, 0.3985294699668884, 0.35691073536872864, -0.3405326306819916, 0.9883835911750793
147, 2, 0.39984309673309326, 0.351159930229187, -0.34049609303474426, 0.9894501566886902
147, 3, 0.4011910557746887, 0.3454875349998474, -0.34057921171188354, 0.9883402585983276
147, 4, 0.3922932744026184, 0.3703933358192444, -0.33650681376457214, 0.9819704294204712
147, 5, 0.38968271017074585, 0.37359726428985596, -0.3365705609321594, 0.9824995994567871
147, 6, 0.38709256052970886, 0.37679731845855713, -0.3366420865058899, 0.9810861349105835
147, 7, 0.3959854245185852, 0.32066044211387634, -0.33384969830513, 0.9983172416687012
147, 8, 0.3750012516975403, 0.36902159452438354, -0.31848523020744324, 0.9970320463180542
147, 9, 0.4033290445804596, 0.3611297309398651, -0.3125670552253723, 0.9958426356315613
147, 10, 0.3975820243358612, 0.37429144978523254, -0.30836939811706543, 0.9944556355476379
147, 11, 0.4065212309360504, 0.26523149013519287, -0.2722916305065155, 0.999852180480957
147, 12, 0.3502148985862732, 0.38496190309524536, -0.24716362357139587, 0.9996851682662964
147, 13, 0.45948702096939087, 0.3010772466659546, -0.22076968848705292, 0.9210999011993408
147, 14, 0.34487321972846985, 0.4372105598449707, -0.17836172878742218, 0.4729318618774414
147, 15, 0.4697954058647156, 0.39175012707710266, -0.18012621998786926, 0.477516233921051
147, 16, 0.3864305019378662, 0.4825260639190674, -0.12369321286678314, 0.05984591692686081
147, 17, 0.47572141885757446, 0.41075241565704346, -0.18957734107971191, 0.17209364473819733
147, 18, 0.3905864953994751, 0.4982234239578247, -0.12612497806549072, 0.032490503042936325
147, 19, 0.4644854664802551, 0.4229717254638672, -0.18480899930000305, 0.16480752825737
147, 20, 0.3943386375904083, 0.48552992939949036, -0.13236860930919647, 0.035150714218616486
147, 21, 0.4609026312828064, 0.41785362362861633, -0.17637205123901367, 0.13153992593288422
147, 22, 0.39450615644454956, 0.4776756167411804, -0.12479190528392792, 0.03168565407395363
147, 23, 0.4302721917629242, 0.33838891983032227, -0.002130498643964529, 0.9960395097732544
147, 24, 0.4014984965324402, 0.39972639083862305, 0.002318703569471836, 0.9975282549858093
147, 25, 0.4461435377597809, 0.3698815703392029, 0.19192174077033997, 0.06591687351465225
147, 26, 0.412592351436615, 0.4730343818664551, 0.16188429296016693, 0.3902120292186737
147, 27, 0.4450792670249939, 0.3925533592700958, 0.3882215917110443, 0.037120308727025986
147, 28, 0.41878026723861694, 0.5277202129364014, 0.32823899388313293, 0.14215390384197235
147, 29, 0.44326624274253845, 0.3946196138858795, 0.4089222550392151, 0.029694795608520508
147, 30, 0.419694721698761, 0.5277673602104187, 0.3455953896045685, 0.07809192687273026
147, 31, 0.455843061208725, 0.4146878123283386, 0.38491198420524597, 0.06881722807884216
147, 32, 0.43114346265792847, 0.5627017021179199, 0.31029924750328064, 0.177568718791008
148, 0, 0.40059441328048706, 0.3740980327129364, -0.31292983889579773, 0.9928687214851379
148, 1, 0.3979852497577667, 0.3577030301094055, -0.3295325040817261, 0.9934760928153992
148, 2, 0.3993321359157562, 0.3520459830760956, -0.32949286699295044, 0.9937339425086975
148, 3, 0.4007200598716736, 0.34646037220954895, -0.3295711576938629, 0.9927939176559448
148, 4, 0.38830456137657166, 0.3756999671459198, -0.3250199854373932, 0.9902912974357605
148, 5, 0.38916072249412537, 0.3735792338848114, -0.3250758647918701, 0.9909153580665588
148, 6, 0.386560320854187, 0.3765823245048523, -0.32514217495918274, 0.9905228018760681
148, 7, 0.39560893177986145, 0.321426659822464, -0.3267054259777069, 0.9987844824790955
148, 8, 0.3745920658111572, 0.36815550923347473, -0.3093191683292389, 0.9982245564460754
148, 9, 0.4021841883659363, 0.3617780804634094, -0.3026043474674225, 0.9978905320167542
148, 10, 0.39639270305633545, 0.3743104338645935, -0.29782044887542725, 0.9975242018699646
148, 11, 0.4061339497566223, 0.266360878944397, -0.2671920955181122, 0.9998699426651001
148, 12, 0.3501693308353424, 0.38326534628868103, -0.23947910964488983, 0.9998148083686829
148, 13, 0.45935139060020447, 0.3032093346118927, -0.21498914062976837, 0.9374971985816956
148, 14, 0.3459867238998413, 0.43486908078193665, -0.17014096677303314, 0.47026538848876953
148, 15, 0.46596193313598633, 0.3940849304199219, -0.17196041345596313, 0.46847033500671387
148, 16, 0.3889385461807251, 0.4793041944503784, -0.11785073578357697, 0.05153592303395271
148, 17, 0.4697408080101013, 0.41588881611824036, -0.1804613620042801, 0.16531819105148315
148, 18, 0.3941470682621002, 0.4940779507160187, -0.1195116639137268, 0.027150919660925865
148, 19, 0.4616735577583313, 0.4232143461704254, -0.17524760961532593, 0.16016246378421783
148, 20, 0.39728397130966187, 0.4814099967479706, -0.1261829435825348, 0.029677297919988632
148, 21, 0.4582529664039612, 0.4174923300743103, -0.16779379546642303, 0.12905828654766083
148, 22, 0.3970041275024414, 0.47391802072525024, -0.11893005669116974, 0.02886253222823143
148, 23, 0.4302818775177002, 0.33890363574028015, -0.0019323168089613318, 0.9961684346199036
148, 24, 0.40278488397598267, 0.39942407608032227, 0.0021350309252738953, 0.9985358715057373
148, 25, 0.444896936416626, 0.368404358625412, 0.19018566608428955, 0.08904466778039932
148, 26, 0.4150448441505432, 0.48051124811172485, 0.13349026441574097, 0.5852996110916138
148, 27, 0.4448602795600891, 0.3952690064907074, 0.37734293937683105, 0.04799487814307213
148, 28, 0.42116212844848633, 0.5387683510780334, 0.27331188321113586, 0.21947774291038513
148, 29, 0.44393986463546753, 0.3973984718322754, 0.39700594544410706, 0.032980550080537796
148, 30, 0.4224567413330078, 0.5407792925834656, 0.2877592444419861, 0.11758336424827576
148, 31, 0.4535549283027649, 0.4190201163291931, 0.3739682137966156, 0.09865694493055344
148, 32, 0.4320852756500244, 0.5693105459213257, 0.24914589524269104, 0.29112574458122253
149, 0, 0.39752674102783203, 0.40180715918540955, -0.4097021222114563, 0.9798784255981445
149, 1, 0.400703489780426, 0.3743874728679657, -0.4221404492855072, 0.9631637334823608
149, 2, 0.40324586629867554, 0.36880049109458923, -0.42208677530288696, 0.9680030345916748
149, 3, 0.40583139657974243, 0.3632967174053192, -0.42213553190231323, 0.9438754320144653
149, 4, 0.38783183693885803, 0.39329278469085693, -0.418612539768219, 0.9662209749221802
149, 5, 0.38413745164871216, 0.3936907947063446, -0.4187091886997223, 0.9751237034797668
149, 6, 0.3813696503639221, 0.39335429668426514, -0.4188302159309387, 0.9611360430717468
149, 7, 0.40608900785446167, 0.3333592712879181, -0.3889133036136627, 0.9797871112823486
149, 8, 0.37507832050323486, 0.37638741731643677, -0.37322908639907837, 0.9853024482727051
149, 9, 0.40264424681663513, 0.3854046165943146, -0.38777732849121094, 0.9850629568099976
149, 10, 0.394106924533844, 0.39708611369132996, -0.38346758484840393, 0.9855358600616455
149, 11, 0.4248077869415283, 0.28649500012397766, -0.2879442870616913, 0.9986928105354309
149, 12, 0.3503989279270172, 0.39096781611442566, -0.2858026921749115, 0.9995334148406982
149, 13, 0.4586208462715149, 0.30879339575767517, -0.2066618949174881, 0.7656266093254089
149, 14, 0.3540077209472656, 0.4677974581718445, -0.2848951816558838, 0.7653689384460449
149, 15, 0.4673365652561188, 0.40562060475349426, -0.148594468832016, 0.4652860164642334
149, 16, 0.3575083017349243, 0.5247211456298828, -0.30981874465942383, 0.6515859961509705
149, 17, 0.47437819838523865, 0.4246106743812561, -0.14174143970012665, 0.28203198313713074
149, 18, 0.36994969844818115, 0.5463776588439941, -0.3232916295528412, 0.44068312644958496
149, 19, 0.4636811316013336, 0.4312174618244171, -0.14812470972537994, 0.30073675513267517
149, 20, 0.3737831711769104, 0.5363798141479492, -0.33077239990234375, 0.46797651052474976
149, 21, 0.45913511514663696, 0.427093505859375, -0.14640168845653534, 0.27033379673957825
149, 22, 0.376486212015152, 0.5259737968444824, -0.312298983335495, 0.38042953610420227
149, 23, 0.43328291177749634, 0.35978278517723083, 0.00018900806026067585, 0.9942888021469116
149, 24, 0.39250946044921875, 0.4138670265674591, -7.330456719500944e-05, 0.9965788722038269
149, 25, 0.44611436128616333, 0.43724629282951355, 0.06337078660726547, 0.10093986243009567
149, 26, 0.3975258767604828, 0.5020059943199158, -0.043514132499694824, 0.31095415353775024
149, 27, 0.43449097871780396, 0.5268082618713379, 0.17052413523197174, 0.03048734739422798
149, 28, 0.3961009085178375, 0.6078858375549316, 0.0038116350769996643, 0.2569800913333893
149, 29, 0.43086355924606323, 0.5376769304275513, 0.18027937412261963, 0.036212339997291565
149, 30, 0.39941027760505676, 0.6205607652664185, 0.00722221564501524, 0.181796133518219
149, 31, 0.43539929389953613, 0.5675398111343384, 0.12875637412071228, 0.06207098066806793
149, 32, 0.39352262020111084, 0.6414686441421509, -0.0648202896118164, 0.3332085609436035
150, 0, 0.3886844217777252, 0.39632537961006165, -0.32969415187835693, 0.9847570061683655
150, 1, 0.387315958738327, 0.378172904253006, -0.3482278883457184, 0.9892911314964294
150, 2, 0.3894840180873871, 0.3733792304992676, -0.3482038974761963, 0.9862176775932312
150, 3, 0.3916982412338257, 0.3686985373497009, -0.34834593534469604, 0.9869167804718018
150, 4, 0.37956395745277405, 0.3872484862804413, -0.34083783626556396, 0.9806609153747559
150, 5, 0.3765927255153656, 0.38879913091659546, -0.3408949375152588, 0.9771732091903687
150, 6, 0.3736506700515747, 0.3904193937778473, -0.34098750352859497, 0.9810191988945007
150, 7, 0.39045143127441406, 0.34219950437545776, -0.349255234003067, 0.9978232383728027
150, 8, 0.36447110772132874, 0.37673836946487427, -0.3184143304824829, 0.9948714971542358
150, 9, 0.393197625875473, 0.38531792163848877, -0.32046347856521606, 0.9971030354499817
150, 10, 0.3855496048927307, 0.39480718970298767, -0.311693012714386, 0.9970600008964539
150, 11, 0.41330450773239136, 0.2850894331932068, -0.2843624949455261, 0.9998062252998352
150, 12, 0.3416222035884857, 0.38437211513519287, -0.2426801174879074, 0.9998202919960022
150, 13, 0.4560611844062805, 0.334613561630249, -0.219758540391922, 0.9071373343467712
150, 14, 0.3372049927711487, 0.4383390545845032, -0.1562199890613556, 0.5121358036994934
150, 15, 0.4493815302848816, 0.4385360777378082, -0.15799905359745026, 0.6404624581336975
150, 16, 0.3554067611694336, 0.5027926564216614, -0.09781888127326965, 0.26820459961891174
150, 17, 0.451374351978302, 0.4645437002182007, -0.15955540537834167, 0.36972776055336
150, 18, 0.34629231691360474, 0.5252808928489685, -0.08899731934070587, 0.15995511412620544
150, 19, 0.44065362215042114, 0.4675551950931549, -0.15386176109313965, 0.36933234333992004
150, 20, 0.35872024297714233, 0.518984317779541, -0.10007651150226593, 0.19537800550460815
150, 21, 0.43812665343284607, 0.45991143584251404, -0.1524423509836197, 0.3011467456817627
150, 22, 0.36152398586273193, 0.508850634098053, -0.0995800644159317, 0.18710839748382568
150, 23, 0.4383748471736908, 0.3615707457065582, -0.002215802436694503, 0.9991365075111389
150, 24, 0.39983516931533813, 0.41061580181121826, 0.002453286200761795, 0.998838484287262
150, 25, 0.47325819730758667, 0.40354597568511963, 0.0677662342786789, 0.21875996887683868
150, 26, 0.4056713581085205, 0.5047860145568848, 0.06123029440641403, 0.459465354681015
150, 27, 0.4631923735141754, 0.45035111904144287, 0.28788647055625916, 0.04082132503390312
150, 28, 0.4058900475502014, 0.5720792412757874, 0.18290357291698456, 0.26513415575027466
150, 29, 0.4583132863044739, 0.4509906768798828, 0.3115012049674988, 0.030430277809500694
150, 30, 0.4070657193660736, 0.5774434804916382, 0.19673661887645721, 0.14798296988010406
150, 31, 0.47090062499046326, 0.4862537384033203, 0.30232298374176025, 0.06754545867443085
150, 32, 0.4111568331718445, 0.6010334491729736, 0.1671188622713089, 0.2691754996776581
151, 0, 0.3882817029953003, 0.3938402533531189, -0.31277334690093994, 0.9760228395462036
151, 1, 0.38723599910736084, 0.3770908713340759, -0.3327156901359558, 0.9790086150169373
151, 2, 0.3892132043838501, 0.3724054992198944, -0.332682341337204, 0.977644681930542
151, 3, 0.39122775197029114, 0.36779260635375977, -0.3327975273132324, 0.977257251739502
151, 4, 0.3798411786556244, 0.38556620478630066, -0.3244889974594116, 0.9588329792022705
151, 5, 0.376999169588089, 0.3866879642009735, -0.3245481252670288, 0.9577702879905701
151, 6, 0.3741547167301178, 0.38786569237709045, -0.32463857531547546, 0.9611219763755798
151, 7, 0.38928601145744324, 0.3395414352416992, -0.34122544527053833, 0.9957733750343323
151, 8, 0.3643813729286194, 0.3726649880409241, -0.3063563108444214, 0.9878760576248169
151, 9, 0.39190855622291565, 0.381702721118927, -0.30614379048347473, 0.9906925559043884
151, 10, 0.38493528962135315, 0.39019322395324707, -0.29622986912727356, 0.9882996082305908
151, 11, 0.4118773937225342, 0.2782636284828186, -0.28153297305107117, 0.999657392501831
151, 12, 0.33841440081596375, 0.37680548429489136, -0.2345047891139984, 0.9996647834777832
151, 13, 0.45483094453811646, 0.327932208776474, -0.21941116452217102, 0.952031135559082
151, 14, 0.3357791006565094, 0.43378788232803345, -0.15222151577472687, 0.6195318102836609
151, 15, 0.448969304561615, 0.43766677379608154, -0.15918955206871033, 0.7358384132385254
151, 16, 0.3462137281894684, 0.507648766040802, -0.10413189232349396, 0.3087838590145111
151, 17, 0.45179709792137146, 0.4603308439254761, -0.16268044710159302, 0.40987250208854675
151, 18, 0.3436307907104492, 0.5235247611999512, -0.09942342340946198, 0.16309648752212524
151, 19, 0.44012612104415894, 0.46157336235046387, -0.1557924449443817, 0.4177037477493286
151, 20, 0.3563428521156311, 0.5190010070800781, -0.1101529449224472, 0.19862310588359833
151, 21, 0.4376252293586731, 0.4543808102607727, -0.15364542603492737, 0.3169887661933899
151, 22, 0.3592410683631897, 0.5091628432273865, -0.10641008615493774, 0.18066680431365967
151, 23, 0.4384750723838806, 0.35918232798576355, -0.00710522523149848, 0.9974060654640198
151, 24, 0.40023383498191833, 0.40641266107559204, 0.007343846373260021, 0.9972338080406189
151, 25, 0.46387338638305664, 0.4148010313510895, 0.11413837969303131, 0.12593570351600647
151, 26, 0.4085676074028015, 0.4996804893016815, 0.11485030502080917, 0.44599029421806335
151, 27, 0.45784202218055725, 0.4560500383377075, 0.3192818760871887, 0.03400738164782524
151, 28, 0.4050235152244568, 0.5780234932899475, 0.25605684518814087, 0.1961856633424759
151, 29, 0.4544883370399475, 0.4565372169017792, 0.34079864621162415, 0.023846354335546494
151, 30, 0.40619096159935, 0.5831788778305054, 0.2711469531059265, 0.12218739092350006
151, 31, 0.4636741578578949, 0.4899669289588928, 0.325249582529068, 0.06340072304010391
151, 32, 0.40762871503829956, 0.6139109134674072, 0.24092280864715576, 0.20095689594745636
152, 0, 0.3917695879936218, 0.394718199968338, -0.2780008614063263, 0.9957510232925415
152, 1, 0.3935485780239105, 0.37876346707344055, -0.2942269444465637, 0.9847790598869324
152, 2, 0.3957975506782532, 0.37395477294921875, -0.29421818256378174, 0.9864248037338257
152, 3, 0.39809754490852356, 0.36922818422317505, -0.2942522168159485, 0.9812085628509521
152, 4, 0.38531455397605896, 0.38866084814071655, -0.28895893692970276, 0.9856967926025391
152, 5, 0.38241907954216003, 0.390076607465744, -0.2890236973762512, 0.9885791540145874
152, 6, 0.3795466721057892, 0.3914901614189148, -0.2891363799571991, 0.9873921275138855
152, 7, 0.3977656364440918, 0.3400645852088928, -0.29649126529693604, 0.9931448698043823
152, 8, 0.36926671862602234, 0.3758678734302521, -0.27400293946266174, 0.9941617846488953
152, 9, 0.39457303285598755, 0.38279983401298523, -0.26985087990760803, 0.9965218305587769
152, 10, 0.3871539831161499, 0.3916788399219513, -0.2634273171424866, 0.9972518086433411
152, 11, 0.4183689057826996, 0.28927505016326904, -0.2396705597639084, 0.9998409748077393
152, 12, 0.3410087823867798, 0.3848734200000763, -0.22056961059570312, 0.9999094009399414
152, 13, 0.45462673902511597, 0.3228505849838257, -0.2089880406856537, 0.9491525292396545
152, 14, 0.3499376177787781, 0.486523300409317, -0.2002710998058319, 0.8975049257278442
152, 15, 0.45472341775894165, 0.44024157524108887, -0.20144708454608917, 0.7635226249694824
152, 16, 0.37269946932792664, 0.5844986438751221, -0.2125362902879715, 0.826396644115448
152, 17, 0.4605017304420471, 0.46387240290641785, -0.21164819598197937, 0.5432083010673523
152, 18, 0.37151965498924255, 0.6173319220542908, -0.22747287154197693, 0.6544250845909119
152, 19, 0.4436632990837097, 0.4756461977958679, -0.21136541664600372, 0.5338702201843262
152, 20, 0.37926891446113586, 0.6070733070373535, -0.24083764851093292, 0.6599990725517273
152, 21, 0.43944063782691956, 0.46980488300323486, -0.19984160363674164, 0.46158868074417114
152, 22, 0.38262566924095154, 0.5927477478981018, -0.21810713410377502, 0.5728862881660461
152, 23, 0.4364858567714691, 0.37976816296577454, -0.0027221853379160166, 0.9992092251777649
152, 24, 0.3937767446041107, 0.42902666330337524, 0.0029135465156286955, 0.9996141195297241
152, 25, 0.469855397939682, 0.4571540951728821, 0.12867289781570435, 0.2935035526752472
152, 26, 0.39370933175086975, 0.5381379127502441, 0.03582092374563217, 0.7103508710861206
152, 27, 0.44630861282348633, 0.5267161130905151, 0.2992602586746216, 0.04657232388854027
152, 28, 0.38892629742622375, 0.6456290483474731, 0.11195232719182968, 0.4766816794872284
152, 29, 0.4394339621067047, 0.5291831493377686, 0.31695079803466797, 0.023317968472838402
152, 30, 0.39103981852531433, 0.6530247926712036, 0.11830125004053116, 0.3066265285015106
152, 31, 0.4499607980251312, 0.5688332915306091, 0.2973165214061737, 0.05146998167037964
152, 32, 0.39006882905960083, 0.692426323890686, 0.06371786445379257, 0.42931467294692993
153, 0, 0.38920557498931885, 0.3857514560222626, -0.25050580501556396, 0.9994872808456421
153, 1, 0.39000973105430603, 0.37347152829170227, -0.26759254932403564, 0.9979560375213623
153, 2, 0.391875296831131, 0.3692319095134735, -0.26755788922309875, 0.997452437877655
153, 3, 0.39379259943962097, 0.36507874727249146, -0.2676105201244354, 0.9970085024833679
153, 4, 0.3832155764102936, 0.38174429535865784, -0.2647414803504944, 0.9985200762748718
153, 5, 0.3806822896003723, 0.3830919563770294, -0.26476791501045227, 0.9984606504440308
153, 6, 0.3781461715698242, 0.3844408392906189, -0.26482728123664856, 0.9985436201095581
153, 7, 0.3928834795951843, 0.3386707901954651, -0.27097392082214355, 0.9988954067230225
153, 8, 0.3684060275554657, 0.36956819891929626, -0.2580477297306061, 0.9992603659629822
153, 9, 0.3910590708255768, 0.3733120858669281, -0.2425445020198822, 0.9997389912605286
153, 10, 0.38487040996551514, 0.38141173124313354, -0.23908403515815735, 0.9997770190238953
153, 11, 0.4113151431083679, 0.286821186542511, -0.20771953463554382, 0.9999885559082031
153, 12, 0.3432658910751343, 0.372228741645813, -0.2105899602174759, 0.999997615814209
153, 13, 0.44676095247268677, 0.31405407190322876, -0.1310633271932602, 0.946540355682373
153, 14, 0.33673548698425293, 0.450349897146225, -0.17490677535533905, 0.9689004421234131
153, 15, 0.45237627625465393, 0.40478748083114624, -0.06745520234107971, 0.7040714025497437
153, 16, 0.3483951687812805, 0.523666501045227, -0.17165958881378174, 0.896721363067627
153, 17, 0.45479416847229004, 0.424614280462265, -0.06287147104740143, 0.4430084526538849
153, 18, 0.35498926043510437, 0.552462100982666, -0.1792140007019043, 0.7888837456703186
153, 19, 0.44686374068260193, 0.4284123182296753, -0.0661657378077507, 0.44636666774749756
153, 20, 0.36102554202079773, 0.5456066131591797, -0.19610726833343506, 0.8092777132987976
153, 21, 0.4441249966621399, 0.4212525188922882, -0.06560393422842026, 0.4360634386539459
153, 22, 0.36322057247161865, 0.5348122715950012, -0.17740792036056519, 0.7786356210708618
153, 23, 0.4276512563228607, 0.3851514160633087, 0.0010271117789670825, 0.9999170303344727
153, 24, 0.39066842198371887, 0.42773476243019104, -0.0009237963822670281, 0.9999897480010986
153, 25, 0.4721537232398987, 0.4602046012878418, 0.11080291122198105, 0.7613969445228577
153, 26, 0.391090452671051, 0.52942955493927, 0.02153172716498375, 0.8630998134613037
153, 27, 0.45158499479293823, 0.47238701581954956, 0.3142646849155426, 0.1977429836988449
153, 28, 0.4031287729740143, 0.631628692150116, 0.1005127876996994, 0.8069811463356018
153, 29, 0.44737452268600464, 0.4668537974357605, 0.3366013169288635, 0.14140696823596954
153, 30, 0.40784937143325806, 0.6399455070495605, 0.10715459287166595, 0.5165636539459229
153, 31, 0.4551146626472473, 0.4989943504333496, 0.32704517245292664, 0.2531485855579376
153, 32, 0.41286954283714294, 0.6748894453048706, 0.053927116096019745, 0.8087316751480103
154, 0, 0.3868497610092163, 0.3931353688240051, -0.276953786611557, 0.9998557567596436
154, 1, 0.38670966029167175, 0.37795525789260864, -0.294727623462677, 0.9996355772018433
154, 2, 0.38873910903930664, 0.37341171503067017, -0.29469797015190125, 0.9996803998947144
154, 3, 0.39082440733909607, 0.368936151266098, -0.2947283983230591, 0.9994922876358032
154, 4, 0.3798466920852661, 0.38651326298713684, -0.2888035178184509, 0.9996894598007202
154, 5, 0.3773767352104187, 0.38797420263290405, -0.2888551652431488, 0.9997223019599915
154, 6, 0.37490716576576233, 0.38945627212524414, -0.2889217436313629, 0.9996300935745239
154, 7, 0.39159291982650757, 0.34238025546073914, -0.29732057452201843, 0.9998863935470581
154, 8, 0.3675142526626587, 0.37450119853019714, -0.27320969104766846, 0.9998760223388672
154, 9, 0.3909359872341156, 0.38091471791267395, -0.26847976446151733, 0.999872088432312
154, 10, 0.3844752907752991, 0.39002254605293274, -0.2617371380329132, 0.9998979568481445
154, 11, 0.421129047870636, 0.3000222444534302, -0.2318471223115921, 0.9999852180480957
154, 12, 0.3450389802455902, 0.38004815578460693, -0.21457774937152863, 0.9999954700469971
154, 13, 0.4595363736152649, 0.3580905795097351, -0.17423918843269348, 0.9022355675697327
154, 14, 0.33699819445610046, 0.4463233947753906, -0.16271620988845825, 0.9007824659347534
154, 15, 0.45381179451942444, 0.46906429529190063, -0.12667806446552277, 0.7618433237075806
154, 16, 0.3494389057159424, 0.5209695100784302, -0.1471095234155655, 0.6877884864807129
154, 17, 0.4583204686641693, 0.4955582022666931, -0.13139009475708008, 0.51518315076828
154, 18, 0.3567720949649811, 0.5430061221122742, -0.1510888636112213, 0.4989851415157318
154, 19, 0.44714003801345825, 0.5018066763877869, -0.12802772223949432, 0.48955869674682617
154, 20, 0.36228877305984497, 0.5361499190330505, -0.16378790140151978, 0.5236027836799622
154, 21, 0.44356632232666016, 0.4928796887397766, -0.12286416441202164, 0.4409272372722626
154, 22, 0.3639671802520752, 0.5264109373092651, -0.15081340074539185, 0.5026209950447083
154, 23, 0.43654531240463257, 0.37652891874313354, -0.001854252303019166, 0.9999455213546753
154, 24, 0.3970920145511627, 0.42291557788848877, 0.0019838837906718254, 0.9999936819076538
154, 25, 0.4869700074195862, 0.4364234209060669, 0.15841634571552277, 0.6374828219413757
154, 26, 0.39461249113082886, 0.5379828214645386, 0.06507527083158493, 0.9476351737976074
154, 27, 0.4734646677970886, 0.453602135181427, 0.35721272230148315, 0.3623109757900238
154, 28, 0.3967827260494232, 0.647252082824707, 0.14350959658622742, 0.9031123518943787
154, 29, 0.4708210825920105, 0.45043230056762695, 0.37816935777664185, 0.2234988957643509
154, 30, 0.40293699502944946, 0.6554731726646423, 0.15047100186347961, 0.7344767451286316
154, 31, 0.4784579873085022, 0.48265254497528076, 0.36269131302833557, 0.43501046299934387
154, 32, 0.39782437682151794, 0.697556734085083, 0.09578189253807068, 0.8948989510536194
155, 0, 0.3934093713760376, 0.3896740674972534, -0.24841448664665222, 0.9835906624794006
155, 1, 0.3933428227901459, 0.37554964423179626, -0.26289406418800354, 0.9836836457252502
155, 2, 0.3950015604496002, 0.3713184893131256, -0.2628799080848694, 0.9829650521278381
155, 3, 0.3966984748840332, 0.3671455681324005, -0.2629711329936981, 0.9836623072624207
155, 4, 0.3868393003940582, 0.384249210357666, -0.26090461015701294, 0.9757807850837708
155, 5, 0.384316623210907, 0.38581183552742004, -0.2609606981277466, 0.9737451672554016
155, 6, 0.3817961513996124, 0.3873857259750366, -0.26103806495666504, 0.9747104048728943
155, 7, 0.39428016543388367, 0.3441016376018524, -0.25930657982826233, 0.9963746666908264
155, 8, 0.3715381324291229, 0.376632958650589, -0.2509269416332245, 0.9914788603782654
155, 9, 0.394870787858963, 0.3794724643230438, -0.23877480626106262, 0.9900320768356323
155, 10, 0.3888014256954193, 0.3881901502609253, -0.23658938705921173, 0.9838700890541077
155, 11, 0.40798550844192505, 0.30222028493881226, -0.2000524252653122, 0.9990158081054688
155, 12, 0.3448677361011505, 0.3871740698814392, -0.2041873186826706, 0.9990399479866028
155, 13, 0.4437907636165619, 0.3159835636615753, -0.1365640014410019, 0.9419925808906555
155, 14, 0.3362470269203186, 0.44194328784942627, -0.16744863986968994, 0.9250513315200806
155, 15, 0.4557204842567444, 0.3913242220878601, -0.09541280567646027, 0.684864342212677
155, 16, 0.34337103366851807, 0.5139835476875305, -0.16160288453102112, 0.744036853313446
155, 17, 0.45834821462631226, 0.40703248977661133, -0.09536022692918777, 0.33199697732925415
155, 18, 0.3401963412761688, 0.5236260294914246, -0.16931989789009094, 0.5104586482048035
155, 19, 0.4551165997982025, 0.41197556257247925, -0.0973706915974617, 0.3602953553199768
155, 20, 0.3455856442451477, 0.5272368788719177, -0.17942436039447784, 0.5792312622070312
155, 21, 0.45105689764022827, 0.4083579480648041, -0.09447305649518967, 0.3114481270313263
155, 22, 0.34785985946655273, 0.5226457715034485, -0.16604632139205933, 0.5334301590919495
155, 23, 0.4244840741157532, 0.370881050825119, 0.0021721352823078632, 0.9987786412239075
155, 24, 0.39555248618125916, 0.4154401421546936, -0.0021240878850221634, 0.9983545541763306
155, 25, 0.45467108488082886, 0.38640591502189636, 0.13355182111263275, 0.5114479064941406
155, 26, 0.4104345440864563, 0.46943527460098267, 0.1281397044658661, 0.5308102369308472
155, 27, 0.4691774845123291, 0.41451627016067505, 0.2825922667980194, 0.2746185064315796
155, 28, 0.4236505627632141, 0.512365460395813, 0.2716749906539917, 0.34492918848991394
155, 29, 0.46857064962387085, 0.4165915250778198, 0.29767289757728577, 0.16663505136966705
155, 30, 0.42638856172561646, 0.5122708678245544, 0.2861350178718567, 0.1603909134864807
155, 31, 0.4851117730140686, 0.4341824948787689, 0.2721467614173889, 0.30691760778427124
155, 32, 0.43247467279434204, 0.5448567867279053, 0.25292250514030457, 0.3475866913795471
156, 0, 0.40552911162376404, 0.38180238008499146, -0.2779069244861603, 0.9584099054336548
156, 1, 0.40382465720176697, 0.36869490146636963, -0.28958195447921753, 0.9655908346176147
156, 2, 0.40492838621139526, 0.3644483685493469, -0.289563924074173, 0.9702751636505127
156, 3, 0.40604838728904724, 0.3602568805217743, -0.2896229028701782, 0.9609091281890869
156, 4, 0.3985431492328644, 0.3792700171470642, -0.2908414900302887, 0.956109881401062
156, 5, 0.3963210880756378, 0.3818100690841675, -0.2909349501132965, 0.9622513651847839
156, 6, 0.3941049575805664, 0.3843596577644348, -0.2910248935222626, 0.9462565779685974
156, 7, 0.4018073081970215, 0.34288790822029114, -0.2719508707523346, 0.9884335398674011
156, 8, 0.38363975286483765, 0.38021329045295715, -0.2782943844795227, 0.982502818107605
156, 9, 0.4055892825126648, 0.3739622235298157, -0.263092041015625, 0.9596155881881714
156, 10, 0.4007519781589508, 0.3841856122016907, -0.2651863694190979, 0.9397828578948975
156, 11, 0.39700913429260254, 0.3032416105270386, -0.21275575459003448, 0.9947617650032043
156, 12, 0.35799697041511536, 0.3954389691352844, -0.22941729426383972, 0.9931527376174927
156, 13, 0.43132972717285156, 0.3151394724845886, -0.15052025020122528, 0.8499729037284851
156, 14, 0.3370005190372467, 0.443381130695343, -0.21026048064231873, 0.9809405207633972
156, 15, 0.4458417296409607, 0.36913537979125977, -0.1210707575082779, 0.8164892196655273
156, 16, 0.3414032459259033, 0.5076594352722168, -0.2183445692062378, 0.9419394135475159
156, 17, 0.4533635079860687, 0.37851762771606445, -0.12371256202459335, 0.5079680681228638
156, 18, 0.33948734402656555, 0.5245158672332764, -0.2336830198764801, 0.8477990031242371
156, 19, 0.44724613428115845, 0.3841361999511719, -0.13024085760116577, 0.5442787408828735
156, 20, 0.34309837222099304, 0.5218029618263245, -0.24276606738567352, 0.8766573667526245
156, 21, 0.4434494376182556, 0.38392409682273865, -0.12245438992977142, 0.45592689514160156
156, 22, 0.3463653028011322, 0.5132566690444946, -0.22292372584342957, 0.7954538464546204
156, 23, 0.4100666046142578, 0.3575384020805359, 0.0008088615722954273, 0.9919320940971375
156, 24, 0.3880520164966583, 0.4009636640548706, -0.000764240394346416, 0.9861345887184143
156, 25, 0.4088011384010315, 0.35576409101486206, 0.17490409314632416, 0.06277885288000107
156, 26, 0.39073067903518677, 0.403361052274704, 0.16900593042373657, 0.05162353813648224
156, 27, 0.4046275019645691, 0.368624210357666, 0.3567188084125519, 0.04172620549798012
156, 28, 0.3935796618461609, 0.3967936933040619, 0.3524516820907593, 0.031341761350631714
156, 29, 0.4013814330101013, 0.3679254353046417, 0.3762962818145752, 0.045753687620162964
156, 30, 0.39206463098526, 0.39076024293899536, 0.371803879737854, 0.022247208282351494
156, 31, 0.41448354721069336, 0.38618892431259155, 0.3578993082046509, 0.03811631351709366
156, 32, 0.40550047159194946, 0.40847066044807434, 0.34979915618896484, 0.02844388037919998
157, 0, 0.4011048674583435, 0.36587977409362793, -0.2754734754562378, 0.837902843952179
157, 1, 0.3989872634410858, 0.354266494512558, -0.28714707493782043, 0.7990728616714478
157, 2, 0.3998784124851227, 0.35017430782318115, -0.2871265411376953, 0.8364697694778442
157, 3, 0.40079647302627563, 0.34612923860549927, -0.28719785809516907, 0.7995640635490417
157, 4, 0.39457470178604126, 0.36449486017227173, -0.28889909386634827, 0.7676717042922974
157, 5, 0.3926192820072174, 0.3672400116920471, -0.28897079825401306, 0.8030786514282227
157, 6, 0.3906649947166443, 0.3699798583984375, -0.28906381130218506, 0.7340283989906311
157, 7, 0.396496057510376, 0.3321772515773773, -0.27210694551467896, 0.9370083808898926
157, 8, 0.3811948001384735, 0.369007408618927, -0.2805642783641815, 0.8940736055374146
157, 9, 0.40111249685287476, 0.35907119512557983, -0.26163387298583984, 0.8804688453674316
157, 10, 0.396744042634964, 0.369640052318573, -0.26434582471847534, 0.8194358348846436
157, 11, 0.39287319779396057, 0.29735201597213745, -0.21524250507354736, 0.992962658405304
157, 12, 0.3593543469905853, 0.3918324410915375, -0.23358425498008728, 0.9845423698425293
157, 13, 0.43305033445358276, 0.3106817603111267, -0.15055915713310242, 0.8686047196388245
157, 14, 0.33893221616744995, 0.4500616192817688, -0.21946236491203308, 0.9852402210235596
157, 15, 0.4404366612434387, 0.3703153431415558, -0.12358560413122177, 0.7195348739624023
157, 16, 0.3434827923774719, 0.5052076578140259, -0.23477356135845184, 0.9172571301460266
157, 17, 0.4465983808040619, 0.3841264545917511, -0.12864206731319427, 0.33088117837905884
157, 18, 0.33996614813804626, 0.5225897431373596, -0.2535724639892578, 0.7817793488502502
157, 19, 0.43947911262512207, 0.38913971185684204, -0.13384777307510376, 0.3486255407333374
157, 20, 0.34420713782310486, 0.5161221623420715, -0.2635686993598938, 0.8157734274864197
157, 21, 0.4365481734275818, 0.38654857873916626, -0.12465628236532211, 0.2928623855113983
157, 22, 0.3466973900794983, 0.5093087553977966, -0.24024245142936707, 0.7183080315589905
157, 23, 0.41116946935653687, 0.354911744594574, 0.0033770729787647724, 0.9875732064247131
157, 24, 0.3930271863937378, 0.4009050726890564, -0.0033349129371345043, 0.9841973185539246
157, 25, 0.4175247550010681, 0.35759323835372925, 0.18164969980716705, 0.07009407877922058
157, 26, 0.4027509093284607, 0.412657767534256, 0.1672116369009018, 0.06996625661849976
157, 27, 0.4171365797519684, 0.3813309669494629, 0.3723457157611847, 0.056289322674274445
157, 28, 0.4110608994960785, 0.4172043204307556, 0.35506415367126465, 0.051920823752880096
157, 29, 0.4146401882171631, 0.3829844892024994, 0.3927648663520813, 0.058946654200553894
157, 30, 0.4109681248664856, 0.41270655393600464, 0.37444648146629333, 0.03319717198610306
157, 31, 0.4295395016670227, 0.39931559562683105, 0.36727672815322876, 0.0516890250146389
157, 32, 0.4251556992530823, 0.4296286702156067, 0.34162917733192444, 0.04273604601621628
158, 0, 0.3952788710594177, 0.3924240469932556, -0.26286637783050537, 0.9408553242683411
158, 1, 0.395352840423584, 0.3787495195865631, -0.2777025103569031, 0.9076445698738098
158, 2, 0.39700156450271606, 0.3746471107006073, -0.277681827545166, 0.9325397610664368
158, 3, 0.39865726232528687, 0.3706042766571045, -0.2777559161186218, 0.9021055102348328
158, 4, 0.3886032998561859, 0.38762447237968445, -0.27777162194252014, 0.9038615226745605
158, 5, 0.38606488704681396, 0.3891691565513611, -0.2778420150279999, 0.9329665303230286
158, 6, 0.38353079557418823, 0.3907252550125122, -0.2779330611228943, 0.9021750688552856
158, 7, 0.3965519368648529, 0.3487413227558136, -0.2726675868034363, 0.9742582440376282
158, 8, 0.37322455644607544, 0.3807932138442993, -0.2730976641178131, 0.9701570868492126
158, 9, 0.3965502083301544, 0.3826969563961029, -0.2520691752433777, 0.9457666873931885
158, 10, 0.3904130160808563, 0.3911711871623993, -0.25252604484558105, 0.9204443693161011
158, 11, 0.40535658597946167, 0.30496746301651, -0.21420808136463165, 0.9944145679473877
158, 12, 0.34714066982269287, 0.38510751724243164, -0.2324201613664627, 0.996573805809021
158, 13, 0.4350070059299469, 0.3222666382789612, -0.1407316029071808, 0.8762641549110413
158, 14, 0.3358316719532013, 0.4407040774822235, -0.21093937754631042, 0.9698747992515564
158, 15, 0.44187793135643005, 0.392222136259079, -0.09569967538118362, 0.7163684964179993
158, 16, 0.3424459397792816, 0.5131126642227173, -0.21281620860099792, 0.9279648065567017
158, 17, 0.44543272256851196, 0.4045321047306061, -0.09539391845464706, 0.38251054286956787
158, 18, 0.3397352993488312, 0.5306288599967957, -0.2284117192029953, 0.8253573179244995
158, 19, 0.4402800500392914, 0.4104989469051361, -0.1016276627779007, 0.42478808760643005
158, 20, 0.34570983052253723, 0.525326132774353, -0.23744399845600128, 0.8533654808998108
158, 21, 0.43675175309181213, 0.4079262614250183, -0.09624405205249786, 0.35006183385849
158, 22, 0.34986376762390137, 0.5163015127182007, -0.21746906638145447, 0.7577239871025085
158, 23, 0.4111967980861664, 0.3653349280357361, 0.0032065357081592083, 0.9847347736358643
158, 24, 0.38254064321517944, 0.4072224497795105, -0.0031668711453676224, 0.9752557873725891
158, 25, 0.41629067063331604, 0.3590739667415619, 0.17771971225738525, 0.13293373584747314
158, 26, 0.38198399543762207, 0.42877957224845886, 0.16894125938415527, 0.08862534910440445
158, 27, 0.4117690920829773, 0.3751167356967926, 0.3613503575325012, 0.06810353696346283
158, 28, 0.3834153115749359, 0.4223988950252533, 0.34793218970298767, 0.0760219395160675
158, 29, 0.4086863398551941, 0.3749462962150574, 0.38149306178092957, 0.0696861520409584
158, 30, 0.38257747888565063, 0.4156673550605774, 0.36714616417884827, 0.041830673813819885
158, 31, 0.42141690850257874, 0.3943999111652374, 0.3649563491344452, 0.04444648697972298
158, 32, 0.3931240737438202, 0.4373430609703064, 0.3436775505542755, 0.04703821241855621
159, 0, 0.3924412429332733, 0.3898804187774658, -0.31684595346450806, 0.9979177117347717
159, 1, 0.39315471053123474, 0.375283807516098, -0.3296295404434204, 0.9967143535614014
159, 2, 0.39488136768341064, 0.37102246284484863, -0.3295799791812897, 0.9970610737800598
159, 3, 0.39663732051849365, 0.36680731177330017, -0.32963013648986816, 0.9959378242492676
159, 4, 0.38657280802726746, 0.38466039299964905, -0.32925114035606384, 0.9968396425247192
159, 5, 0.3841736614704132, 0.38643261790275574, -0.329335480928421, 0.9973832964897156
159, 6, 0.3817858099937439, 0.3881949484348297, -0.32943248748779297, 0.9967828989028931
159, 7, 0.395624041557312, 0.3457033634185791, -0.3109925091266632, 0.9991196990013123
159, 8, 0.3728431165218353, 0.37861278653144836, -0.31013166904449463, 0.9993011951446533
159, 9, 0.3944717347621918, 0.38067519664764404, -0.30129075050354004, 0.998903751373291
159, 10, 0.38831114768981934, 0.3899013102054596, -0.30132144689559937, 0.9980788230895996
159, 11, 0.40771427750587463, 0.3103090524673462, -0.23133507370948792, 0.999428927898407
159, 12, 0.3480440378189087, 0.39081794023513794, -0.24860572814941406, 0.999618411064148
159, 13, 0.436551034450531, 0.31904304027557373, -0.1473880559206009, 0.9420231580734253
159, 14, 0.3357757031917572, 0.44579458236694336, -0.20665404200553894, 0.9832167625427246
159, 15, 0.44100913405418396, 0.39046818017959595, -0.1003817766904831, 0.807909369468689
159, 16, 0.34816259145736694, 0.5170796513557434, -0.18347851932048798, 0.9183447360992432
159, 17, 0.4483388066291809, 0.4049570858478546, -0.09917598217725754, 0.49432918429374695
159, 18, 0.34711459279060364, 0.5299425721168518, -0.192091703414917, 0.7618251442909241
159, 19, 0.4390564560890198, 0.40601038932800293, -0.10387430340051651, 0.525268018245697
159, 20, 0.35286200046539307, 0.524302065372467, -0.2025548666715622, 0.7754651308059692
159, 21, 0.43516403436660767, 0.40204256772994995, -0.09967175126075745, 0.47467705607414246
159, 22, 0.3561033606529236, 0.5158138275146484, -0.18719151616096497, 0.7259342670440674
159, 23, 0.4129571318626404, 0.37322744727134705, 0.00694250175729394, 0.9979432225227356
159, 24, 0.3825909197330475, 0.41682085394859314, -0.006877552717924118, 0.998498797416687
159, 25, 0.4238496720790863, 0.3914613425731659, 0.18493033945560455, 0.487015038728714
159, 26, 0.38519567251205444, 0.48768261075019836, 0.14818008244037628, 0.7483884692192078
159, 27, 0.43176358938217163, 0.42929139733314514, 0.363826721906662, 0.3423269987106323
159, 28, 0.3878405690193176, 0.52873295545578, 0.30464863777160645, 0.6148937344551086
159, 29, 0.4313557744026184, 0.43330511450767517, 0.3824228346347809, 0.16855409741401672
159, 30, 0.38861083984375, 0.5285899639129639, 0.32070547342300415, 0.2543928027153015
159, 31, 0.44328051805496216, 0.4547320604324341, 0.3556647002696991, 0.36618828773498535
159, 32, 0.3963267207145691, 0.5590204000473022, 0.27916041016578674, 0.5398470759391785
160, 0, 0.3958527147769928, 0.38335007429122925, -0.30241504311561584, 0.9785747528076172
160, 1, 0.3956281244754791, 0.36778679490089417, -0.31269243359565735, 0.9638045430183411
160, 2, 0.39724892377853394, 0.36333754658699036, -0.31264665722846985, 0.9656177163124084
160, 3, 0.39890575408935547, 0.35893329977989197, -0.31271103024482727, 0.9586800932884216
160, 4, 0.38921883702278137, 0.3781709372997284, -0.31353268027305603, 0.9683018326759338
160, 5, 0.3867211937904358, 0.3804062306880951, -0.313599556684494, 0.9754744172096252
160, 6, 0.38424932956695557, 0.38260456919670105, -0.31370455026626587, 0.9711177945137024
160, 7, 0.3967753052711487, 0.339216947555542, -0.29008424282073975, 0.9904904365539551
160, 8, 0.37447401881217957, 0.3750946521759033, -0.29424846172332764, 0.9911127686500549
160, 9, 0.39750951528549194, 0.37485015392303467, -0.2861723005771637, 0.9828618764877319
160, 10, 0.39125269651412964, 0.38510996103286743, -0.2876753807067871, 0.9754940867424011
160, 11, 0.4076477587223053, 0.30636677145957947, -0.21547742187976837, 0.9958586096763611
160, 12, 0.3501055836677551, 0.39251455664634705, -0.23654994368553162, 0.9978621602058411
160, 13, 0.43531718850135803, 0.31586748361587524, -0.12391076236963272, 0.8801382184028625
160, 14, 0.33494892716407776, 0.4496098458766937, -0.2165115624666214, 0.9884834885597229
160, 15, 0.44655242562294006, 0.3872413635253906, -0.05982261151075363, 0.5644294023513794
160, 16, 0.3416336476802826, 0.5144591331481934, -0.21415451169013977, 0.9429057240486145
160, 17, 0.4483411908149719, 0.4050460457801819, -0.0532601997256279, 0.2586250603199005
160, 18, 0.33778661489486694, 0.5278947949409485, -0.22548417747020721, 0.8326364159584045
160, 19, 0.4457315504550934, 0.40678688883781433, -0.05760005861520767, 0.296403706073761
160, 20, 0.34348005056381226, 0.5303672552108765, -0.23428070545196533, 0.8506497144699097
160, 21, 0.4423763155937195, 0.40352046489715576, -0.05873652547597885, 0.2685663402080536
160, 22, 0.34805038571357727, 0.5173718333244324, -0.21833312511444092, 0.7951335906982422
160, 23, 0.4160551428794861, 0.3706568777561188, 0.0072637214325368404, 0.9967911839485168
160, 24, 0.3874943256378174, 0.41579484939575195, -0.007266185246407986, 0.9953108429908752
160, 25, 0.44675302505493164, 0.3867027759552002, 0.1517111212015152, 0.5409815907478333
160, 26, 0.39707061648368835, 0.4759202301502228, 0.13567009568214417, 0.606829047203064
160, 27, 0.46360406279563904, 0.40632107853889465, 0.3076101839542389, 0.24910347163677216
160, 28, 0.4050634503364563, 0.516838550567627, 0.2823585867881775, 0.36508461833000183
160, 29, 0.46345749497413635, 0.4076820909976959, 0.32379573583602905, 0.14233946800231934
160, 30, 0.40661755204200745, 0.5164884924888611, 0.2974099814891815, 0.13585425913333893
160, 31, 0.47940248250961304, 0.4264885485172272, 0.2947218716144562, 0.2200612872838974
160, 32, 0.4134736955165863, 0.5494143962860107, 0.2585306465625763, 0.2949516475200653
161, 0, 0.4005649983882904, 0.3800887167453766, -0.312259316444397, 0.9135650992393494
161, 1, 0.39953112602233887, 0.36523890495300293, -0.32416340708732605, 0.8719034194946289
161, 2, 0.4009930491447449, 0.3607105314731598, -0.3241179287433624, 0.9028110504150391
161, 3, 0.4024711549282074, 0.35622188448905945, -0.3241669535636902, 0.869558572769165
161, 4, 0.39330047369003296, 0.37605464458465576, -0.32552316784858704, 0.8665288686752319
161, 5, 0.39080536365509033, 0.3784480094909668, -0.3256000876426697, 0.9065532088279724
161, 6, 0.3883248269557953, 0.3808244466781616, -0.32570865750312805, 0.8613215684890747
161, 7, 0.3994511365890503, 0.33691930770874023, -0.3046075105667114, 0.968454897403717
161, 8, 0.37785834074020386, 0.3747246265411377, -0.31130534410476685, 0.9562287926673889
161, 9, 0.40174931287765503, 0.37159356474876404, -0.29646041989326477, 0.9283856749534607
161, 10, 0.3957529067993164, 0.3821377754211426, -0.298723042011261, 0.886644184589386
161, 11, 0.4074855446815491, 0.300584614276886, -0.23662181198596954, 0.9932112693786621
161, 12, 0.35384103655815125, 0.39020225405693054, -0.2556009888648987, 0.9945905208587646
161, 13, 0.43559807538986206, 0.3188108205795288, -0.1535864770412445, 0.8815399408340454
161, 14, 0.3356931805610657, 0.44943732023239136, -0.240754634141922, 0.9865458011627197
161, 15, 0.44704967737197876, 0.38884827494621277, -0.10577354580163956, 0.7594186663627625
161, 16, 0.3422151207923889, 0.516840934753418, -0.24462571740150452, 0.940089225769043
161, 17, 0.4534395635128021, 0.4028051197528839, -0.10549555718898773, 0.42049500346183777
161, 18, 0.3396865129470825, 0.531435489654541, -0.2614063024520874, 0.840366542339325
161, 19, 0.44568997621536255, 0.4079344868659973, -0.11147551238536835, 0.46173644065856934
161, 20, 0.3449109196662903, 0.5307294726371765, -0.2706785798072815, 0.8552849888801575
161, 21, 0.4421955943107605, 0.40598317980766296, -0.10599400103092194, 0.40734606981277466
161, 22, 0.34702935814857483, 0.5253056287765503, -0.24952419102191925, 0.7743282914161682
161, 23, 0.4141847491264343, 0.36194342374801636, 0.0054205721244215965, 0.9888795614242554
161, 24, 0.3878270089626312, 0.40880537033081055, -0.005401615984737873, 0.9866761565208435
161, 25, 0.4237728714942932, 0.3789518475532532, 0.19667954742908478, 0.1827995777130127
161, 26, 0.3963051438331604, 0.44272714853286743, 0.1796063780784607, 0.1845068484544754
161, 27, 0.41994184255599976, 0.39899998903274536, 0.3948647677898407, 0.06603692471981049
161, 28, 0.3993375897407532, 0.4538642168045044, 0.3687601089477539, 0.10807440429925919
161, 29, 0.41683846712112427, 0.40000465512275696, 0.4159947335720062, 0.0528549924492836
161, 30, 0.3983190059661865, 0.44975343346595764, 0.3882068991661072, 0.045408718287944794
161, 31, 0.43142086267471313, 0.41991186141967773, 0.391083300113678, 0.06430437415838242
161, 32, 0.4134989380836487, 0.47180986404418945, 0.35364094376564026, 0.07756752520799637
162, 0, 0.39644181728363037, 0.37273117899894714, -0.2876022458076477, 0.8150438070297241
162, 1, 0.39490601420402527, 0.36186134815216064, -0.3002559542655945, 0.6930497884750366
162, 2, 0.395914763212204, 0.35840123891830444, -0.3002588450908661, 0.7876496315002441
162, 3, 0.3969336152076721, 0.35498282313346863, -0.3003259599208832, 0.7198182344436646
162, 4, 0.39039406180381775, 0.3702332079410553, -0.3010736107826233, 0.6104145050048828
162, 5, 0.38853976130485535, 0.37236645817756653, -0.3011322021484375, 0.6528474688529968
162, 6, 0.3866918981075287, 0.3745018541812897, -0.30120983719825745, 0.4654935896396637
162, 7, 0.39429959654808044, 0.34111133217811584, -0.2892560064792633, 0.8468809127807617
162, 8, 0.3787159323692322, 0.3713670074939728, -0.2929260730743408, 0.6559053063392639
162, 9, 0.3971773087978363, 0.3663955330848694, -0.27522996068000793, 0.8129895329475403
162, 10, 0.39288848638534546, 0.3749997317790985, -0.27648016810417175, 0.6994341015815735
162, 11, 0.39336758852005005, 0.3080274164676666, -0.23271039128303528, 0.9956424236297607
162, 12, 0.35422638058662415, 0.3903731107711792, -0.2470952272415161, 0.9453301429748535
162, 13, 0.42485231161117554, 0.33266374468803406, -0.1735292375087738, 0.8215634226799011
162, 14, 0.33666643500328064, 0.45110374689102173, -0.23908540606498718, 0.9947478175163269
162, 15, 0.4406675696372986, 0.38875511288642883, -0.1530723124742508, 0.7778862118721008
162, 16, 0.34061649441719055, 0.5151052474975586, -0.2575787603855133, 0.9582594633102417
162, 17, 0.4495493769645691, 0.3981190025806427, -0.16293904185295105, 0.4101192057132721
162, 18, 0.34115102887153625, 0.5206506848335266, -0.279142826795578, 0.8549576997756958
162, 19, 0.4431907534599304, 0.40556567907333374, -0.1747700423002243, 0.4555162489414215
162, 20, 0.343375563621521, 0.5265541672706604, -0.292295902967453, 0.8912221789360046
162, 21, 0.4395732283592224, 0.40462613105773926, -0.15744924545288086, 0.4271855354309082
162, 22, 0.34499889612197876, 0.5221589803695679, -0.26444169878959656, 0.8416244387626648
162, 23, 0.4025820791721344, 0.3560241162776947, 0.0021854694932699203, 0.9910154938697815
162, 24, 0.38400542736053467, 0.394927442073822, -0.0020693442784249783, 0.9614536166191101
162, 25, 0.40270286798477173, 0.3572654724121094, 0.17757639288902283, 0.02916819043457508
162, 26, 0.38633501529693604, 0.4021431505680084, 0.1698799580335617, 0.053130775690078735
162, 27, 0.40095967054367065, 0.3792046904563904, 0.3744208812713623, 0.019949983805418015
162, 28, 0.3903910219669342, 0.4065178632736206, 0.3683774471282959, 0.022679492831230164
162, 29, 0.39906513690948486, 0.3806125521659851, 0.3949843645095825, 0.01620449870824814
162, 30, 0.3903063237667084, 0.4018830955028534, 0.38865962624549866, 0.014157569967210293
162, 31, 0.41049203276634216, 0.3960838317871094, 0.36857858300209045, 0.026949778199195862
162, 32, 0.40153804421424866, 0.4181804656982422, 0.3572799563407898, 0.0286838598549366
163, 0, 0.3998083770275116, 0.36601385474205017, -0.2736554741859436, 0.8665393590927124
163, 1, 0.3977827727794647, 0.35530948638916016, -0.2867337763309479, 0.7728561758995056
163, 2, 0.3985489308834076, 0.3515268862247467, -0.28668680787086487, 0.8466205596923828
163, 3, 0.3993227183818817, 0.3477579355239868, -0.286752313375473, 0.749978244304657
163, 4, 0.3931121826171875, 0.36520916223526, -0.29051849246025085, 0.8144147396087646
163, 5, 0.39128512144088745, 0.3677838146686554, -0.29056358337402344, 0.8866788744926453
163, 6, 0.38947173953056335, 0.3702563941478729, -0.2906368672847748, 0.7771087288856506
163, 7, 0.3959496021270752, 0.3342699408531189, -0.2797926664352417, 0.9110191464424133
163, 8, 0.38060128688812256, 0.3693605065345764, -0.29659220576286316, 0.9091421961784363
163, 9, 0.4004184305667877, 0.3591962456703186, -0.2627810835838318, 0.8229795694351196
163, 10, 0.3961790204048157, 0.36916324496269226, -0.2678798735141754, 0.7865867018699646
163, 11, 0.3991827368736267, 0.3073795437812805, -0.22277113795280457, 0.9895379543304443
163, 12, 0.3626273572444916, 0.3863146901130676, -0.256926029920578, 0.9787483215332031
163, 13, 0.42429453134536743, 0.32510507106781006, -0.12798337638378143, 0.3565416634082794
163, 14, 0.3362337052822113, 0.44806259870529175, -0.24704596400260925, 0.9925410747528076
163, 15, 0.4298005998134613, 0.373757928609848, -0.0710083469748497, 0.3759009838104248
163, 16, 0.35487473011016846, 0.4973185956478119, -0.24767155945301056, 0.9644657969474792
163, 17, 0.4356567859649658, 0.3838745057582855, -0.06905227154493332, 0.14713646471500397
163, 18, 0.3515382409095764, 0.5124211311340332, -0.2652314007282257, 0.9236047863960266
163, 19, 0.43014511466026306, 0.38650619983673096, -0.07749141752719879, 0.1815234273672104
163, 20, 0.3560720384120941, 0.5066946148872375, -0.2750786244869232, 0.9433445930480957
163, 21, 0.4275436997413635, 0.38522306084632874, -0.07261524349451065, 0.14552631974220276
163, 22, 0.35851359367370605, 0.49937260150909424, -0.25279906392097473, 0.8775789737701416
163, 23, 0.4043717384338379, 0.3576381206512451, 0.007203478366136551, 0.9933279752731323
163, 24, 0.3852291405200958, 0.40081697702407837, -0.007036658935248852, 0.9808204174041748
163, 25, 0.4037107527256012, 0.3523224890232086, 0.1885073184967041, 0.026448151096701622
163, 26, 0.38316693902015686, 0.40449342131614685, 0.17982617020606995, 0.021895289421081543
163, 27, 0.3949160575866699, 0.3708381950855255, 0.37779638171195984, 0.014109857380390167
163, 28, 0.3824228048324585, 0.39395686984062195, 0.3661683201789856, 0.015929577872157097
163, 29, 0.39193227887153625, 0.37206175923347473, 0.39868277311325073, 0.02039525844156742
163, 30, 0.38251933455467224, 0.38866502046585083, 0.3857120871543884, 0.00844305194914341
163, 31, 0.4035288691520691, 0.38264715671539307, 0.37908467650413513, 0.01676287315785885
163, 32, 0.39127427339553833, 0.39881134033203125, 0.3583238422870636, 0.01194748468697071
164, 0, 0.39159461855888367, 0.36111703515052795, -0.2711276412010193, 0.5026019811630249
164, 1, 0.38976091146469116, 0.34986400604248047, -0.27967649698257446, 0.5540899634361267
164, 2, 0.39079755544662476, 0.34636983275413513, -0.2796708047389984, 0.6543195247650146
164, 3, 0.39182353019714355, 0.3428804576396942, -0.2797604203224182, 0.5768641829490662
164, 4, 0.38536351919174194, 0.3588298261165619, -0.2813578248023987, 0.4627613425254822
164, 5, 0.3834875524044037, 0.3613203167915344, -0.28141066431999207, 0.5384721755981445
164, 6, 0.3816233277320862, 0.36380735039711, -0.2815062403678894, 0.38561689853668213
164, 7, 0.38903844356536865, 0.3321046233177185, -0.2621208727359772, 0.8180602192878723
164, 8, 0.3740706741809845, 0.3634765148162842, -0.2698509991168976, 0.6364213228225708
164, 9, 0.392461359500885, 0.3564099669456482, -0.25785088539123535, 0.5369353890419006
164, 10, 0.38793352246284485, 0.36604398488998413, -0.26039865612983704, 0.4181346893310547
164, 11, 0.38906437158584595, 0.3089156746864319, -0.21003837883472443, 0.9340243339538574
164, 12, 0.3573080599308014, 0.3881843686103821, -0.2255491316318512, 0.8761050701141357
164, 13, 0.42022591829299927, 0.3384230434894562, -0.1463434249162674, 0.5982605814933777
164, 14, 0.3385850787162781, 0.45329412817955017, -0.21712854504585266, 0.9807298183441162
164, 15, 0.42336946725845337, 0.38946160674095154, -0.09796898066997528, 0.23032477498054504
164, 16, 0.3502112030982971, 0.49765628576278687, -0.22230961918830872, 0.794284462928772
164, 17, 0.427456796169281, 0.40168890357017517, -0.09858061373233795, 0.07752005755901337
164, 18, 0.3459743857383728, 0.5109227299690247, -0.23709650337696075, 0.579746663570404
164, 19, 0.42117905616760254, 0.40408557653427124, -0.1020781546831131, 0.0846961960196495
164, 20, 0.3488137423992157, 0.5081970691680908, -0.24664315581321716, 0.643398642539978
164, 21, 0.41908496618270874, 0.4013567566871643, -0.09806060791015625, 0.08435236662626266
164, 22, 0.351692259311676, 0.502382755279541, -0.22738084197044373, 0.588494598865509
164, 23, 0.401960551738739, 0.35764551162719727, 0.003832454327493906, 0.9942242503166199
164, 24, 0.3858133852481842, 0.3957526385784149, -0.003754739183932543, 0.9789966344833374
164, 25, 0.41387611627578735, 0.37228521704673767, 0.157003715634346, 0.19396156072616577
164, 26, 0.40203315019607544, 0.4060136079788208, 0.15315255522727966, 0.23824529349803925
164, 27, 0.4161067605018616, 0.38276398181915283, 0.33351975679397583, 0.04484623670578003
164, 28, 0.4093843102455139, 0.4009626507759094, 0.32071346044540405, 0.05084379389882088
164, 29, 0.4146786332130432, 0.38312262296676636, 0.35191959142684937, 0.024923497810959816
164, 30, 0.40868186950683594, 0.39803171157836914, 0.33816230297088623, 0.024677136912941933
164, 31, 0.4257339835166931, 0.39673763513565063, 0.32875069975852966, 0.06469888985157013
164, 32, 0.4227198660373688, 0.4020887017250061, 0.30932384729385376, 0.05081337317824364
165, 0, 0.4025454521179199, 0.3623872399330139, -0.32483500242233276, 0.804912805557251
165, 1, 0.3993188738822937, 0.3510569930076599, -0.3342348635196686, 0.8339940905570984
165, 2, 0.3999865651130676, 0.34686434268951416, -0.33421269059181213, 0.8792686462402344
165, 3, 0.4006703495979309, 0.3426768183708191, -0.3342685401439667, 0.7971810698509216
165, 4, 0.3954125642776489, 0.3624494671821594, -0.33797359466552734, 0.8171926140785217
165, 5, 0.39361923933029175, 0.3656347990036011, -0.3380603790283203, 0.8807299137115479
165, 6, 0.39184999465942383, 0.36878639459609985, -0.33813852071762085, 0.7699574828147888
165, 7, 0.3954804837703705, 0.3303724229335785, -0.30811983346939087, 0.9364448189735413
165, 8, 0.3821214437484741, 0.37015673518180847, -0.32627955079078674, 0.9388313293457031
165, 9, 0.40231266617774963, 0.356490820646286, -0.3067695200443268, 0.7744954824447632
165, 10, 0.3986251652240753, 0.36773332953453064, -0.31229618191719055, 0.7186583280563354
165, 11, 0.3912717401981354, 0.30598530173301697, -0.2408442199230194, 0.9924556016921997
165, 12, 0.3641602694988251, 0.3945692181587219, -0.267294704914093, 0.9812479019165039
165, 13, 0.42491215467453003, 0.3239167630672455, -0.16351363062858582, 0.616416335105896
165, 14, 0.34685155749320984, 0.44981274008750916, -0.22870568931102753, 0.9564990997314453
165, 15, 0.44013848900794983, 0.3773685097694397, -0.12056492269039154, 0.5037610530853271
165, 16, 0.3736458718776703, 0.4776005744934082, -0.20270366966724396, 0.7354937791824341
165, 17, 0.44852352142333984, 0.3877900540828705, -0.124167300760746, 0.21236643195152283
165, 18, 0.3747922480106354, 0.489665150642395, -0.21640971302986145, 0.5428624749183655
165, 19, 0.4428871273994446, 0.39436861872673035, -0.13171744346618652, 0.23330289125442505
165, 20, 0.37830138206481934, 0.47898533940315247, -0.2239089459180832, 0.5734211802482605
165, 21, 0.43892961740493774, 0.393658310174942, -0.12229420989751816, 0.20497971773147583
165, 22, 0.37876996397972107, 0.4736456573009491, -0.2057519257068634, 0.4614451229572296
165, 23, 0.4015592932701111, 0.3471595346927643, 0.005164877977222204, 0.9925702214241028
165, 24, 0.38557302951812744, 0.3977722227573395, -0.004970567766577005, 0.9852206707000732
165, 25, 0.40747660398483276, 0.3469439148902893, 0.1939598023891449, 0.07301834225654602
165, 26, 0.39343759417533875, 0.4059106111526489, 0.1799854338169098, 0.06100909411907196
165, 27, 0.40285858511924744, 0.3563137948513031, 0.3946615755558014, 0.02537211962044239
165, 28, 0.39257654547691345, 0.3900030851364136, 0.3801989257335663, 0.023217087611556053
165, 29, 0.40028563141822815, 0.35961806774139404, 0.41609469056129456, 0.04003215581178665
165, 30, 0.3909342288970947, 0.38505232334136963, 0.4014554023742676, 0.015129612758755684
165, 31, 0.4142041802406311, 0.36180493235588074, 0.3914710581302643, 0.04946369305253029
165, 32, 0.40611618757247925, 0.38834884762763977, 0.37216106057167053, 0.037837471812963486
166, 0, 0.40329474210739136, 0.39333587884902954, -0.28079402446746826, 0.994139552116394
166, 1, 0.40298324823379517, 0.3784107565879822, -0.29131099581718445, 0.9903579354286194
166, 2, 0.40450167655944824, 0.37447264790534973, -0.29126274585723877, 0.9918809533119202
166, 3, 0.40604013204574585, 0.3705536723136902, -0.2912851870059967, 0.9884580969810486
166, 4, 0.396763414144516, 0.38731271028518677, -0.29289114475250244, 0.9927632212638855
166, 5, 0.3943317234516144, 0.3889320492744446, -0.2929660677909851, 0.9946978092193604
166, 6, 0.3919263780117035, 0.39053875207901, -0.2930699586868286, 0.9923513531684875
166, 7, 0.4032924771308899, 0.35071253776550293, -0.2703557312488556, 0.9973347783088684
166, 8, 0.3818330764770508, 0.3812659680843353, -0.27798300981521606, 0.9981135129928589
166, 9, 0.4040701985359192, 0.3856419324874878, -0.2654375433921814, 0.9937201738357544
166, 10, 0.39827585220336914, 0.39377403259277344, -0.26788416504859924, 0.992946445941925
166, 11, 0.4022541046142578, 0.3116084933280945, -0.20427143573760986, 0.9973600506782532
166, 12, 0.3539186418056488, 0.39147284626960754, -0.22847890853881836, 0.9991668462753296
166, 13, 0.43281346559524536, 0.33010736107826233, -0.12756575644016266, 0.9089958071708679
166, 14, 0.33560678362846375, 0.44860419631004333, -0.22637763619422913, 0.9978697299957275
166, 15, 0.43814390897750854, 0.40134984254837036, -0.08851394057273865, 0.8622202277183533
166, 16, 0.3414260149002075, 0.5123701691627502, -0.248600035905838, 0.9950013756752014
166, 17, 0.4456319212913513, 0.41289710998535156, -0.08748923242092133, 0.6091263294219971
166, 18, 0.3383791148662567, 0.5279712080955505, -0.26671162247657776, 0.9789132475852966
166, 19, 0.44428831338882446, 0.4132566750049591, -0.09433075040578842, 0.6641128063201904
166, 20, 0.34475186467170715, 0.5281927585601807, -0.27494925260543823, 0.9817745685577393
166, 21, 0.44060763716697693, 0.41198286414146423, -0.08938871324062347, 0.6179543137550354
166, 22, 0.3472139835357666, 0.5227651596069336, -0.2534416913986206, 0.9670581817626953
166, 23, 0.40942496061325073, 0.3695388436317444, 0.008416696451604366, 0.9937718510627747
166, 24, 0.38407379388809204, 0.40970030426979065, -0.008432047441601753, 0.9925803542137146
166, 25, 0.4168575406074524, 0.37691640853881836, 0.17245443165302277, 0.3474295735359192
166, 26, 0.390703022480011, 0.4375675916671753, 0.1474960893392563, 0.40786656737327576
166, 27, 0.4158186912536621, 0.3911846876144409, 0.3364739716053009, 0.13004635274410248
166, 28, 0.3927405774593353, 0.44559505581855774, 0.30365094542503357, 0.21972665190696716
166, 29, 0.41380754113197327, 0.391115665435791, 0.3538357615470886, 0.08961136639118195
166, 30, 0.3913117051124573, 0.44092944264411926, 0.3194672465324402, 0.07728400081396103
166, 31, 0.4263010621070862, 0.4094604551792145, 0.3311103582382202, 0.18410681188106537
166, 32, 0.4050976634025574, 0.4651137590408325, 0.2871690094470978, 0.21619606018066406
167, 0, 0.4073721468448639, 0.3828585743904114, -0.290163516998291, 0.9904042482376099
167, 1, 0.4063400328159332, 0.3687904477119446, -0.30358612537384033, 0.9854153990745544
167, 2, 0.40768927335739136, 0.3645106852054596, -0.3035423457622528, 0.9901229739189148
167, 3, 0.40905895829200745, 0.3602636456489563, -0.3035747706890106, 0.9834860563278198
167, 4, 0.4003872275352478, 0.37924131751060486, -0.30494624376296997, 0.9856496453285217
167, 5, 0.3979651629924774, 0.38157781958580017, -0.3050304651260376, 0.9908860921859741
167, 6, 0.39556950330734253, 0.38388925790786743, -0.3051294982433319, 0.9834660291671753
167, 7, 0.40527480840682983, 0.3415341377258301, -0.2911844253540039, 0.9969801306724548
167, 8, 0.38479894399642944, 0.37791043519973755, -0.2978580594062805, 0.9962704181671143
167, 9, 0.4076777398586273, 0.3746793568134308, -0.27705252170562744, 0.992102324962616
167, 10, 0.40209847688674927, 0.38457000255584717, -0.27920299768447876, 0.9873665571212769
167, 11, 0.4101899266242981, 0.30549341440200806, -0.23104891180992126, 0.9973115921020508
167, 12, 0.3551560342311859, 0.3904120624065399, -0.249299094080925, 0.9964687824249268
167, 13, 0.4393041729927063, 0.3205502927303314, -0.16402021050453186, 0.960727870464325
167, 14, 0.33657917380332947, 0.4485975503921509, -0.2366572916507721, 0.9973580241203308
167, 15, 0.44655317068099976, 0.39273330569267273, -0.1305503249168396, 0.9200127124786377
167, 16, 0.3439636826515198, 0.5133283734321594, -0.24530689418315887, 0.9885363578796387
167, 17, 0.44639021158218384, 0.4121721386909485, -0.13537640869617462, 0.6575682759284973
167, 18, 0.341478168964386, 0.5300859808921814, -0.2641271650791168, 0.9551940560340881
167, 19, 0.4455956816673279, 0.4140336811542511, -0.14045515656471252, 0.6924238204956055
167, 20, 0.3507250249385834, 0.5217738151550293, -0.2734708786010742, 0.962225615978241
167, 21, 0.4343084394931793, 0.40866246819496155, -0.13132914900779724, 0.6489647626876831
167, 22, 0.3542703092098236, 0.514253556728363, -0.2504185140132904, 0.9391348361968994
167, 23, 0.40780481696128845, 0.35445475578308105, 0.006544408388435841, 0.9941381216049194
167, 24, 0.38376182317733765, 0.3988777697086334, -0.006470927037298679, 0.9909430146217346
167, 25, 0.41285890340805054, 0.37154752016067505, 0.18282434344291687, 0.20237810909748077
167, 26, 0.3916543424129486, 0.42886775732040405, 0.16343849897384644, 0.32185977697372437
167, 27, 0.41130557656288147, 0.3930664360523224, 0.36387839913368225, 0.09231667220592499
167, 28, 0.3969024419784546, 0.4362024664878845, 0.34056439995765686, 0.13868141174316406
167, 29, 0.40935373306274414, 0.3937821686267853, 0.38309192657470703, 0.0646388977766037
167, 30, 0.3957165479660034, 0.4315876364707947, 0.3584727346897125, 0.05230890214443207
167, 31, 0.42285603284835815, 0.4126172363758087, 0.35943248867988586, 0.14208059012889862
167, 32, 0.41256874799728394, 0.4523003101348877, 0.3265324532985687, 0.15370240807533264
168, 0, 0.389486700296402, 0.37989383935928345, -0.33958885073661804, 0.9900121092796326
168, 1, 0.3884851634502411, 0.3629603385925293, -0.3519810140132904, 0.9931252002716064
168, 2, 0.3901608884334564, 0.3583140969276428, -0.35193848609924316, 0.993931770324707
168, 3, 0.39185792207717896, 0.3537368178367615, -0.35201141238212585, 0.9910873770713806
168, 4, 0.3821924328804016, 0.37377339601516724, -0.35111376643180847, 0.9908627271652222
168, 5, 0.379867285490036, 0.37601688504219055, -0.3512469232082367, 0.9925998449325562
168, 6, 0.3775450587272644, 0.37829235196113586, -0.3513583838939667, 0.9882203340530396
168, 7, 0.3906247317790985, 0.3338807225227356, -0.3283732533454895, 0.9978421926498413
168, 8, 0.369602233171463, 0.3713477551937103, -0.3261317312717438, 0.998224675655365
168, 9, 0.3924520015716553, 0.372805118560791, -0.32197508215904236, 0.9935093522071838
168, 10, 0.38651126623153687, 0.3836013078689575, -0.32141536474227905, 0.9891402721405029
168, 11, 0.40719127655029297, 0.3055606484413147, -0.2471691071987152, 0.9994995594024658
168, 12, 0.34882789850234985, 0.390746146440506, -0.25348326563835144, 0.999434769153595
168, 13, 0.44059237837791443, 0.319285124540329, -0.15792503952980042, 0.7524351477622986
168, 14, 0.333865225315094, 0.4424176812171936, -0.18457408249378204, 0.8844674825668335
168, 15, 0.4367485046386719, 0.39155706763267517, -0.0843842402100563, 0.703601062297821
168, 16, 0.34167227149009705, 0.5048573613166809, -0.1237386092543602, 0.6926701068878174
168, 17, 0.44838500022888184, 0.3940260112285614, -0.07697555422782898, 0.46379679441452026
168, 18, 0.342387855052948, 0.5179948806762695, -0.11954657733440399, 0.5025575160980225
168, 19, 0.43998727202415466, 0.3998963534832001, -0.0774816945195198, 0.47181349992752075
168, 20, 0.348145067691803, 0.5131387710571289, -0.12693963944911957, 0.5323759913444519
168, 21, 0.4363881051540375, 0.398125022649765, -0.08105605095624924, 0.3940541744232178
168, 22, 0.3508813679218292, 0.504773736000061, -0.12413050979375839, 0.4366925060749054
168, 23, 0.4225260615348816, 0.36735814809799194, -0.004633743315935135, 0.9992895126342773
168, 24, 0.39329761266708374, 0.4124249815940857, 0.004712563008069992, 0.9985468983650208
168, 25, 0.4186500012874603, 0.44686388969421387, 0.1511162519454956, 0.10409760475158691
168, 26, 0.3991102874279022, 0.47396981716156006, 0.14033010601997375, 0.14679647982120514
168, 27, 0.40434280037879944, 0.5143226981163025, 0.30991438031196594, 0.22990772128105164
168, 28, 0.3948480188846588, 0.5320029258728027, 0.3009895086288452, 0.13875827193260193
168, 29, 0.4018099308013916, 0.5209866762161255, 0.326992005109787, 0.15545544028282166
168, 30, 0.39617764949798584, 0.5332620143890381, 0.3176155388355255, 0.09113012999296188
168, 31, 0.403499037027359, 0.5482007265090942, 0.30463215708732605, 0.1381458193063736
168, 32, 0.3973190486431122, 0.5615894794464111, 0.291144460439682, 0.07272087037563324
169, 0, 0.3962339162826538, 0.38241955637931824, -0.3241014778614044, 0.9734727144241333
169, 1, 0.39604315161705017, 0.3658720552921295, -0.3361133635044098, 0.9776692986488342
169, 2, 0.3978233337402344, 0.361542284488678, -0.3360736072063446, 0.9794155359268188
169, 3, 0.3996293544769287, 0.35725972056388855, -0.33613643050193787, 0.9731296300888062
169, 4, 0.3891477882862091, 0.37577107548713684, -0.3358690142631531, 0.9733622074127197
169, 5, 0.3865434527397156, 0.37774384021759033, -0.33597835898399353, 0.9786605834960938
169, 6, 0.3839464783668518, 0.379730224609375, -0.3360747694969177, 0.9705414175987244
169, 7, 0.39749759435653687, 0.33798226714134216, -0.3135015666484833, 0.9942525029182434
169, 8, 0.37425529956817627, 0.37262818217277527, -0.31452327966690063, 0.9924145340919495
169, 9, 0.39821410179138184, 0.3759400248527527, -0.3071054220199585, 0.979914128780365
169, 10, 0.3916856050491333, 0.3855491280555725, -0.30765873193740845, 0.9685974717140198
169, 11, 0.40903156995773315, 0.30914875864982605, -0.23864920437335968, 0.9986299276351929
169, 12, 0.34797585010528564, 0.39191263914108276, -0.2467547357082367, 0.9985818862915039
169, 13, 0.44310927391052246, 0.3182999789714813, -0.15440396964550018, 0.8701916337013245
169, 14, 0.3341493010520935, 0.44378700852394104, -0.19137413799762726, 0.9049356579780579
169, 15, 0.43902093172073364, 0.39104020595550537, -0.09148788452148438, 0.7750160694122314
169, 16, 0.3417767882347107, 0.5016841888427734, -0.15583762526512146, 0.746656596660614
169, 17, 0.45165902376174927, 0.3975416421890259, -0.08726709336042404, 0.4648595452308655
169, 18, 0.33895134925842285, 0.5164722204208374, -0.1587442010641098, 0.5703448057174683
169, 19, 0.44383788108825684, 0.40196117758750916, -0.08705160021781921, 0.47889870405197144
169, 20, 0.3468071222305298, 0.5103282928466797, -0.16743405163288116, 0.6043689846992493
169, 21, 0.44049420952796936, 0.4002462923526764, -0.08830367773771286, 0.3946056067943573
169, 22, 0.3501400351524353, 0.5027972459793091, -0.1583489179611206, 0.5192690491676331
169, 23, 0.41943463683128357, 0.3713500499725342, 0.001779954181984067, 0.9967448711395264
169, 24, 0.389877051115036, 0.4176229238510132, -0.0017422105884179473, 0.9955387711524963
169, 25, 0.4336349368095398, 0.4032641053199768, 0.1732221245765686, 0.11325287818908691
169, 26, 0.4012429714202881, 0.4637611508369446, 0.16367807984352112, 0.22363099455833435
169, 27, 0.4383954107761383, 0.4319780468940735, 0.3501392602920532, 0.07442747056484222
169, 28, 0.40681251883506775, 0.4957553744316101, 0.3338371217250824, 0.12463736534118652
169, 29, 0.43612438440322876, 0.43288111686706543, 0.36895087361335754, 0.05054427683353424
169, 30, 0.40627995133399963, 0.49434226751327515, 0.3516545593738556, 0.07241761684417725
169, 31, 0.45094379782676697, 0.4572069048881531, 0.3478955328464508, 0.07396094501018524
169, 32, 0.4184911847114563, 0.5216675400733948, 0.3229607045650482, 0.101656973361969
170, 0, 0.40844640135765076, 0.36958691477775574, -0.3217874765396118, 0.9188346266746521
170, 1, 0.40497493743896484, 0.3581371307373047, -0.3346366882324219, 0.9192772507667542
170, 2, 0.4056047797203064, 0.3536067008972168, -0.33459025621414185, 0.933699369430542
170, 3, 0.4062386155128479, 0.3490864336490631, -0.33464956283569336, 0.9032687544822693
170, 4, 0.4011460840702057, 0.37008196115493774, -0.3373679518699646, 0.9200811386108398
170, 5, 0.39930447936058044, 0.3734624683856964, -0.3374675512313843, 0.9442546367645264
170, 6, 0.3974820375442505, 0.376814067363739, -0.3375687599182129, 0.9165438413619995
170, 7, 0.40027204155921936, 0.3354490399360657, -0.3175762891769409, 0.9792653322219849
170, 8, 0.3870336711406708, 0.3774147927761078, -0.33135518431663513, 0.986833393573761
170, 9, 0.4079427123069763, 0.3624265491962433, -0.30619651079177856, 0.9658864736557007
170, 10, 0.40424594283103943, 0.37458059191703796, -0.3105265200138092, 0.9599209427833557
170, 11, 0.401153028011322, 0.3043258786201477, -0.25281959772109985, 0.9984151124954224
170, 12, 0.36653274297714233, 0.40016859769821167, -0.2706669867038727, 0.9987003803253174
170, 13, 0.43451613187789917, 0.3159819543361664, -0.1845690757036209, 0.8557937145233154
170, 14, 0.3613019585609436, 0.4603688418865204, -0.2229485958814621, 0.9610662460327148
170, 15, 0.4372507929801941, 0.38188841938972473, -0.1432347595691681, 0.6381741762161255
170, 16, 0.38011157512664795, 0.48929181694984436, -0.18274196982383728, 0.7368130683898926
170, 17, 0.44123393297195435, 0.3990333080291748, -0.1461903154850006, 0.28187090158462524
170, 18, 0.38287341594696045, 0.5027380585670471, -0.1913614571094513, 0.5307166576385498
170, 19, 0.43369144201278687, 0.4022103548049927, -0.14547954499721527, 0.28850308060646057
170, 20, 0.3862178921699524, 0.49126672744750977, -0.19770574569702148, 0.5514392256736755
170, 21, 0.43171626329421997, 0.3993017077445984, -0.14107012748718262, 0.22489821910858154
170, 22, 0.3864082098007202, 0.4852309823036194, -0.18468134105205536, 0.46310892701148987
170, 23, 0.4138033986091614, 0.3544338643550873, 0.005397399887442589, 0.9919911026954651
170, 24, 0.3986220061779022, 0.4065156579017639, -0.005206125322729349, 0.9946777820587158
170, 25, 0.424609512090683, 0.36423954367637634, 0.19357213377952576, 0.11563358455896378
170, 26, 0.41576260328292847, 0.4213009178638458, 0.1747313290834427, 0.1809081733226776
170, 27, 0.42322811484336853, 0.381099671125412, 0.39368686079978943, 0.05780692398548126
170, 28, 0.42562803626060486, 0.4232330620288849, 0.36918121576309204, 0.07878637313842773
170, 29, 0.4208220839500427, 0.3832506835460663, 0.41537636518478394, 0.05954843387007713
170, 30, 0.42430806159973145, 0.41983723640441895, 0.38956156373023987, 0.04609134420752525
170, 31, 0.43648606538772583, 0.3924500644207001, 0.3956793248653412, 0.06814613193273544
170, 32, 0.44458919763565063, 0.4292087256908417, 0.36170855164527893, 0.07127227634191513
171, 0, 0.4064592719078064, 0.35986125469207764, -0.310202956199646, 0.9897395968437195
171, 1, 0.4031597673892975, 0.34740588068962097, -0.3197370767593384, 0.9879658818244934
171, 2, 0.4037988781929016, 0.34268543124198914, -0.31969186663627625, 0.9873833060264587
171, 3, 0.40446382761001587, 0.33801406621932983, -0.3197104036808014, 0.9847539663314819
171, 4, 0.39910224080085754, 0.3600509762763977, -0.3225409686565399, 0.9892234802246094
171, 5, 0.3971988260746002, 0.3635166585445404, -0.3226695954799652, 0.9904559254646301
171, 6, 0.3952943980693817, 0.36695992946624756, -0.3227786719799042, 0.9877168536186218
171, 7, 0.39864882826805115, 0.3249634802341461, -0.2946428060531616, 0.9961041212081909
171, 8, 0.3847231864929199, 0.36852481961250305, -0.3098377287387848, 0.9964576363563538
171, 9, 0.406303346157074, 0.35364288091659546, -0.29287683963775635, 0.9921590089797974
171, 10, 0.4023524820804596, 0.3662845492362976, -0.297586053609848, 0.99070143699646
171, 11, 0.4000425934791565, 0.3005816340446472, -0.2318836897611618, 0.9994351267814636
171, 12, 0.3637404143810272, 0.3990076780319214, -0.24756495654582977, 0.9990805387496948
171, 13, 0.4306703209877014, 0.30629128217697144, -0.1634872704744339, 0.8830845952033997
171, 14, 0.3531675934791565, 0.46514779329299927, -0.2090167999267578, 0.9611403346061707
171, 15, 0.43611082434654236, 0.3925260901451111, -0.12031452357769012, 0.7752079963684082
171, 16, 0.3739149570465088, 0.5034918785095215, -0.17590735852718353, 0.671790361404419
171, 17, 0.4446834623813629, 0.39282405376434326, -0.12035974115133286, 0.45375382900238037
171, 18, 0.3754981458187103, 0.5188980102539062, -0.182655930519104, 0.41274312138557434
171, 19, 0.43753132224082947, 0.39954447746276855, -0.11826422065496445, 0.4532977342605591
171, 20, 0.3796575963497162, 0.5086584687232971, -0.18827944993972778, 0.4237752854824066
171, 21, 0.43501466512680054, 0.39683815836906433, -0.11704523861408234, 0.3345192074775696
171, 22, 0.38051074743270874, 0.5023375749588013, -0.17764635384082794, 0.31531092524528503
171, 23, 0.41660094261169434, 0.3580225110054016, 0.0038961570244282484, 0.9951484799385071
171, 24, 0.39966732263565063, 0.4123785197734833, -0.0038333944976329803, 0.9970597624778748
171, 25, 0.4284319281578064, 0.35841861367225647, 0.17878077924251556, 0.10799093544483185
171, 26, 0.4138060212135315, 0.43964821100234985, 0.15579620003700256, 0.24976371228694916
171, 27, 0.42842406034469604, 0.3833863139152527, 0.3575221598148346, 0.08619876950979233
171, 28, 0.4153018891811371, 0.4748355448246002, 0.3231399655342102, 0.19993925094604492
171, 29, 0.42532721161842346, 0.38540542125701904, 0.3768339157104492, 0.06411166489124298
171, 30, 0.41417068243026733, 0.47502708435058594, 0.3408195376396179, 0.11169489473104477
171, 31, 0.4420251250267029, 0.40356147289276123, 0.35971665382385254, 0.06378153711557388
171, 32, 0.4265533983707428, 0.4980955719947815, 0.31224897503852844, 0.1259426325559616
172, 0, 0.4045356810092926, 0.3748263120651245, -0.2790442705154419, 0.9582481980323792
172, 1, 0.40279850363731384, 0.3627578318119049, -0.28993546962738037, 0.9531729221343994
172, 2, 0.4039159417152405, 0.3584882915019989, -0.2899037301540375, 0.9629673361778259
172, 3, 0.4050601124763489, 0.3542478084564209, -0.28995800018310547, 0.954413652420044
172, 4, 0.3975994884967804, 0.3733613193035126, -0.2932274043560028, 0.9464232325553894
172, 5, 0.3954020142555237, 0.37603649497032166, -0.29330432415008545, 0.9577798843383789
172, 6, 0.393226683139801, 0.37867462635040283, -0.2933894693851471, 0.9349830150604248
172, 7, 0.4008399546146393, 0.3386940062046051, -0.273303359746933, 0.9908515810966492
172, 8, 0.38286036252975464, 0.3760487139225006, -0.28899186849594116, 0.9819893836975098
172, 9, 0.404935747385025, 0.36719271540641785, -0.2648080587387085, 0.9735963940620422
172, 10, 0.3998870253562927, 0.3778909146785736, -0.2696695029735565, 0.9569055438041687
172, 11, 0.39938467741012573, 0.3067583441734314, -0.21630339324474335, 0.9974373579025269
172, 12, 0.3606559932231903, 0.39276859164237976, -0.239076167345047, 0.9938344955444336
172, 13, 0.4382144808769226, 0.3304782509803772, -0.1485777497291565, 0.9009502530097961
172, 14, 0.34072065353393555, 0.44250836968421936, -0.21423585712909698, 0.9670594334602356
172, 15, 0.4388871192932129, 0.4002714455127716, -0.11166676133871078, 0.7609739303588867
172, 16, 0.3601877987384796, 0.48271533846855164, -0.20267656445503235, 0.8276618123054504
172, 17, 0.4488855302333832, 0.41234561800956726, -0.11426937580108643, 0.37993359565734863
172, 18, 0.3591908812522888, 0.4944351315498352, -0.21619537472724915, 0.6285405158996582
172, 19, 0.4419465959072113, 0.41537684202194214, -0.11634628474712372, 0.4105362296104431
172, 20, 0.36236971616744995, 0.48636648058891296, -0.22228331863880157, 0.6624552011489868
172, 21, 0.438951313495636, 0.4123387932777405, -0.11109386384487152, 0.3631341755390167
172, 22, 0.36405253410339355, 0.4814065396785736, -0.20594844222068787, 0.5642919540405273
172, 23, 0.41318073868751526, 0.3645060956478119, 0.008596716448664665, 0.9970710277557373
172, 24, 0.3921109437942505, 0.4091324210166931, -0.00855631660670042, 0.996845006942749
172, 25, 0.4317930340766907, 0.3733624815940857, 0.17490941286087036, 0.22457093000411987
172, 26, 0.4104662835597992, 0.4307962954044342, 0.1567305475473404, 0.30257341265678406
172, 27, 0.4371063709259033, 0.39463040232658386, 0.35168588161468506, 0.13632185757160187
172, 28, 0.42419758439064026, 0.438956081867218, 0.32422593235969543, 0.19553259015083313
172, 29, 0.4352819323539734, 0.3950257897377014, 0.37058261036872864, 0.10339640080928802
172, 30, 0.4241236746311188, 0.4347604215145111, 0.34122180938720703, 0.0820959061384201
172, 31, 0.4531044065952301, 0.4132232367992401, 0.3460654318332672, 0.17559224367141724
172, 32, 0.44239845871925354, 0.45664769411087036, 0.30761146545410156, 0.19499966502189636
173, 0, 0.4052150845527649, 0.38481956720352173, -0.38340887427330017, 0.9969339370727539
173, 1, 0.39882707595825195, 0.37248608469963074, -0.3916800916194916, 0.998282790184021
173, 2, 0.4051705002784729, 0.3639616370201111, -0.3916579782962799, 0.9982287287712097
173, 3, 0.40672174096107483, 0.35900458693504333, -0.39173707365989685, 0.9977424144744873
173, 4, 0.39743101596832275, 0.3812006115913391, -0.3950093686580658, 0.9978952407836914
173, 5, 0.3950406014919281, 0.3841280937194824, -0.39511045813560486, 0.9980716109275818
173, 6, 0.3927079141139984, 0.3869938850402832, -0.39520928263664246, 0.9968421459197998
173, 7, 0.40371233224868774, 0.3393652141094208, -0.3517250716686249, 0.9993873834609985
173, 8, 0.38245299458503723, 0.38105112314224243, -0.3667571246623993, 0.9996203184127808
173, 9, 0.40214642882347107, 0.3751462697982788, -0.3595861792564392, 0.9983779191970825
173, 10, 0.40140026807785034, 0.38911378383636475, -0.36409568786621094, 0.9972744584083557
173, 11, 0.4149840474128723, 0.3108503222465515, -0.2474277913570404, 0.9998152852058411
173, 12, 0.3653869032859802, 0.4012988209724426, -0.2881217896938324, 0.9990744590759277
173, 13, 0.4493643641471863, 0.3454563021659851, -0.15038727223873138, 0.6770934462547302
173, 14, 0.37127238512039185, 0.4558796286582947, -0.22182242572307587, 0.7629274129867554
173, 15, 0.4570865035057068, 0.39721959829330444, -0.09093502163887024, 0.6975578665733337
173, 16, 0.39213240146636963, 0.4592735767364502, -0.151992067694664, 0.4674854874610901
173, 17, 0.46269845962524414, 0.40539488196372986, -0.08887620270252228, 0.5244626998901367
173, 18, 0.3958969712257385, 0.464876651763916, -0.15529890358448029, 0.30859747529029846
173, 19, 0.4563211500644684, 0.4075804054737091, -0.09459542483091354, 0.5810067653656006
173, 20, 0.3978399336338043, 0.4525521993637085, -0.15820187330245972, 0.31650310754776
173, 21, 0.45242825150489807, 0.40752971172332764, -0.09074514359235764, 0.5690532922744751
173, 22, 0.397199809551239, 0.449216365814209, -0.15054471790790558, 0.3044257164001465
173, 23, 0.4208959639072418, 0.3804732859134674, 0.009299250319600105, 0.9997254014015198
173, 24, 0.3937789797782898, 0.42706742882728577, -0.00908600352704525, 0.9995379447937012
173, 25, 0.42833223938941956, 0.43556785583496094, 0.16399836540222168, 0.30899763107299805
173, 26, 0.40678372979164124, 0.4909377694129944, 0.12741144001483917, 0.5655503273010254
173, 27, 0.4118622839450836, 0.4987122416496277, 0.32952699065208435, 0.5031237006187439
173, 28, 0.39291661977767944, 0.547372579574585, 0.28857406973838806, 0.5550312399864197
173, 29, 0.40730589628219604, 0.5070822834968567, 0.346101313829422, 0.3191494941711426
173, 30, 0.3909302055835724, 0.5472283363342285, 0.3045477569103241, 0.2500341236591339
173, 31, 0.41923508048057556, 0.5235528349876404, 0.3093545734882355, 0.6773858070373535
173, 32, 0.40079131722450256, 0.5823115110397339, 0.26228487491607666, 0.5858162045478821
174, 0, 0.4003753662109375, 0.39079999923706055, -0.35912901163101196, 0.991071343421936
174, 1, 0.4002894461154938, 0.37234288454055786, -0.36739450693130493, 0.984931468963623
174, 2, 0.4021645486354828, 0.3665447235107422, -0.36734211444854736, 0.9853794574737549
174, 3, 0.4082412123680115, 0.35928231477737427, -0.3673876225948334, 0.9765129089355469
174, 4, 0.39399150013923645, 0.3830104470252991, -0.3699789345264435, 0.9888522624969482
174, 5, 0.3950461149215698, 0.3830418586730957, -0.37007829546928406, 0.9924659729003906
174, 6, 0.39240336418151855, 0.38539522886276245, -0.370233416557312, 0.9883500337600708
174, 7, 0.4059528410434723, 0.3378509283065796, -0.33018776774406433, 0.992366373538971
174, 8, 0.3820318579673767, 0.3766303062438965, -0.34170398116111755, 0.9981168508529663
174, 9, 0.40706387162208557, 0.37957003712654114, -0.33709052205085754, 0.9921795129776001
174, 10, 0.4003198742866516, 0.39051520824432373, -0.3405703902244568, 0.9890924692153931
174, 11, 0.4177393317222595, 0.3057031035423279, -0.23495826125144958, 0.9958930015563965
174, 12, 0.358778715133667, 0.40122073888778687, -0.2746710181236267, 0.9985620379447937
174, 13, 0.4495151937007904, 0.3288092613220215, -0.12233133614063263, 0.5236879587173462
174, 14, 0.35641294717788696, 0.47412216663360596, -0.26547983288764954, 0.9808542728424072
174, 15, 0.45481711626052856, 0.3930549621582031, -0.044264547526836395, 0.3291190266609192
174, 16, 0.3685814440250397, 0.5308381915092468, -0.25585517287254333, 0.9357574582099915
174, 17, 0.46006280183792114, 0.40344566106796265, -0.03141402453184128, 0.1897042840719223
174, 18, 0.36630523204803467, 0.5498347878456116, -0.2664431631565094, 0.7995823621749878
174, 19, 0.4546113908290863, 0.40887323021888733, -0.03628005087375641, 0.2298731952905655
174, 20, 0.37142249941825867, 0.5431226491928101, -0.27223074436187744, 0.8080042004585266
174, 21, 0.4509577751159668, 0.4082447588443756, -0.04244276508688927, 0.23150254786014557
174, 22, 0.37444284558296204, 0.5342919826507568, -0.2576872408390045, 0.7326000928878784
174, 23, 0.4224441647529602, 0.3800133168697357, 0.007487299852073193, 0.9982202649116516
174, 24, 0.3927084803581238, 0.4261033236980438, -0.0075014070607721806, 0.996528685092926
174, 25, 0.421807199716568, 0.4329978823661804, 0.1598505824804306, 0.1129799410700798
174, 26, 0.4006522297859192, 0.49539726972579956, 0.12115965783596039, 0.2209240049123764
174, 27, 0.40466994047164917, 0.4955201745033264, 0.32336676120758057, 0.10407029837369919
174, 28, 0.38497093319892883, 0.5245569944381714, 0.2956625819206238, 0.06906343251466751
174, 29, 0.4008235037326813, 0.5035539269447327, 0.34055882692337036, 0.06063036620616913
174, 30, 0.3833507001399994, 0.5219452977180481, 0.31356409192085266, 0.03887556865811348
174, 31, 0.4096474051475525, 0.5207468867301941, 0.30980318784713745, 0.161709263920784
174, 32, 0.39016079902648926, 0.551078736782074, 0.28048357367515564, 0.08472316712141037
175, 0, 0.4011276364326477, 0.3883393704891205, -0.3677758574485779, 0.9941321015357971
175, 1, 0.4014706611633301, 0.3718807101249695, -0.37511685490608215, 0.9936555624008179
175, 2, 0.4022856652736664, 0.36396676301956177, -0.3750542402267456, 0.9924351572990417
175, 3, 0.4077858030796051, 0.35644638538360596, -0.3751157522201538, 0.9892569184303284
175, 4, 0.3967798352241516, 0.37520918250083923, -0.37773528695106506, 0.9931893348693848
175, 5, 0.39406734704971313, 0.3775591552257538, -0.3778289556503296, 0.9942116141319275
175, 6, 0.39140021800994873, 0.3798731565475464, -0.3779272735118866, 0.9906740784645081
175, 7, 0.40612807869911194, 0.339625746011734, -0.3366300165653229, 0.9972898960113525
175, 8, 0.3815285265445709, 0.3741922974586487, -0.3493868410587311, 0.9978322386741638
175, 9, 0.40327882766723633, 0.3806328773498535, -0.3451428711414337, 0.9980542659759521
175, 10, 0.3980659246444702, 0.3888944983482361, -0.3492233455181122, 0.9975897073745728
175, 11, 0.41492098569869995, 0.3212335705757141, -0.2397221326828003, 0.9989283680915833
175, 12, 0.3608802855014801, 0.4084148108959198, -0.26273611187934875, 0.9993146657943726
175, 13, 0.4410954415798187, 0.36723947525024414, -0.11558854579925537, 0.12199275195598602
175, 14, 0.36068424582481384, 0.4765534996986389, -0.22892284393310547, 0.7831100821495056
175, 15, 0.4450812339782715, 0.40997543931007385, -0.00962722860276699, 0.19294360280036926
175, 16, 0.3797929883003235, 0.49484744668006897, -0.193388894200325, 0.4645121991634369
175, 17, 0.44933992624282837, 0.4190409481525421, 0.00678055826574564, 0.18350927531719208
175, 18, 0.38406047224998474, 0.5054110288619995, -0.19326457381248474, 0.3625376522541046
175, 19, 0.44533103704452515, 0.4178139865398407, 0.002650585025548935, 0.2124723494052887
175, 20, 0.38514915108680725, 0.4936697781085968, -0.19577085971832275, 0.37067946791648865
175, 21, 0.44165390729904175, 0.417553573846817, -0.005930367857217789, 0.22601358592510223
175, 22, 0.3851883113384247, 0.48761236667633057, -0.19199594855308533, 0.3444761037826538
175, 23, 0.42071691155433655, 0.3964516222476959, 0.0063117556273937225, 0.9992338418960571
175, 24, 0.39059001207351685, 0.44447997212409973, -0.006198555696755648, 0.9987323880195618
175, 25, 0.4347253441810608, 0.4247426688671112, -0.018056247383356094, 0.5749237537384033
175, 26, 0.3977040946483612, 0.5136560201644897, 0.020924510434269905, 0.6075738668441772
175, 27, 0.42140913009643555, 0.49629274010658264, 0.1207670122385025, 0.3742631673812866
175, 28, 0.38982048630714417, 0.577286958694458, 0.12679395079612732, 0.6088060736656189
175, 29, 0.4162622392177582, 0.505418598651886, 0.13499313592910767, 0.3333818316459656
175, 30, 0.38913896679878235, 0.5811589956283569, 0.13682715594768524, 0.2993975579738617
175, 31, 0.4275422990322113, 0.5259760022163391, 0.09752382338047028, 0.6036661863327026
175, 32, 0.3956965506076813, 0.6053591966629028, 0.09374115616083145, 0.6162700653076172
176, 0, 0.4054192900657654, 0.3760392367839813, -0.3799503445625305, 0.988459587097168
176, 1, 0.40468674898147583, 0.361037939786911, -0.3867766559123993, 0.9919595122337341
176, 2, 0.40622204542160034, 0.3564850986003876, -0.3867506682872772, 0.9928921461105347
176, 3, 0.40778788924217224, 0.35195091366767883, -0.3868453800678253, 0.9904734492301941
176, 4, 0.39847332239151, 0.3727429211139679, -0.3909938335418701, 0.9914799928665161
176, 5, 0.3960197865962982, 0.37558263540267944, -0.39111125469207764, 0.993073046207428
176, 6, 0.3936074674129486, 0.3783530294895172, -0.3912440538406372, 0.98728346824646
176, 7, 0.4046776294708252, 0.3342474102973938, -0.3424338698387146, 0.9972831010818481
176, 8, 0.3830071985721588, 0.3739308714866638, -0.36146247386932373, 0.9984512329101562
176, 9, 0.4068186283111572, 0.36987221240997314, -0.35484662652015686, 0.9966779947280884
176, 10, 0.40093961358070374, 0.3809012472629547, -0.36051109433174133, 0.9917728304862976
176, 11, 0.4155946671962738, 0.3047911822795868, -0.24558115005493164, 0.9994083642959595
176, 12, 0.36417895555496216, 0.3980545401573181, -0.28267180919647217, 0.9982617497444153
176, 13, 0.4540432393550873, 0.34184229373931885, -0.141463965177536, 0.7743644714355469
176, 14, 0.36738961935043335, 0.46396514773368835, -0.22224882245063782, 0.920529305934906
176, 15, 0.44590702652931213, 0.4190153479576111, -0.07105318456888199, 0.7020549178123474
176, 16, 0.38259613513946533, 0.4846910238265991, -0.16611836850643158, 0.7630356550216675
176, 17, 0.45821166038513184, 0.4236404299736023, -0.06495659798383713, 0.5649242997169495
176, 18, 0.3842606842517853, 0.49539893865585327, -0.17180676758289337, 0.6285669207572937
176, 19, 0.4503695070743561, 0.4279893636703491, -0.07121670991182327, 0.6028039455413818
176, 20, 0.38699591159820557, 0.48428064584732056, -0.17534266412258148, 0.6283824443817139
176, 21, 0.4471226632595062, 0.4255550503730774, -0.06980432569980621, 0.5923069715499878
176, 22, 0.387643963098526, 0.47876501083374023, -0.1652577519416809, 0.5875834226608276
176, 23, 0.42240437865257263, 0.3746514916419983, 0.003928491845726967, 0.9995423555374146
176, 24, 0.3945499062538147, 0.42378878593444824, -0.003817555960267782, 0.9988101720809937
176, 25, 0.4198087751865387, 0.44553565979003906, 0.12153728306293488, 0.3131519854068756
176, 26, 0.4147343635559082, 0.48964300751686096, 0.1012699156999588, 0.5728886723518372
176, 27, 0.39873725175857544, 0.5276353359222412, 0.3001551926136017, 0.581932008266449
176, 28, 0.4048055112361908, 0.5263702273368835, 0.30060625076293945, 0.3024350702762604
176, 29, 0.39598989486694336, 0.5392596125602722, 0.3192972242832184, 0.5315096378326416
176, 30, 0.4033009111881256, 0.520388126373291, 0.3215949833393097, 0.18472984433174133
176, 31, 0.39738041162490845, 0.5610172748565674, 0.2930889427661896, 0.5954700708389282
176, 32, 0.41348084807395935, 0.5648699998855591, 0.3016665577888489, 0.18498200178146362
177, 0, 0.40043896436691284, 0.39011138677597046, -0.326366126537323, 0.9993641972541809
177, 1, 0.4042232632637024, 0.3726259768009186, -0.33192023634910583, 0.9990488886833191
177, 2, 0.4069007933139801, 0.36844953894615173, -0.33186015486717224, 0.9988890290260315
177, 3, 0.4096103608608246, 0.3643174171447754, -0.331899493932724, 0.9982547163963318
177, 4, 0.3955368995666504, 0.3815763592720032, -0.333712637424469, 0.999098539352417
177, 5, 0.3922528326511383, 0.38344627618789673, -0.33376938104629517, 0.9992050528526306
177, 6, 0.3890020251274109, 0.38529884815216064, -0.33383527398109436, 0.9985975623130798
177, 7, 0.4106312692165375, 0.34628549218177795, -0.29239779710769653, 0.9993141889572144
177, 8, 0.3798765540122986, 0.3773212730884552, -0.3004375696182251, 0.9997172951698303
177, 9, 0.4044216275215149, 0.385897696018219, -0.3044649064540863, 0.9987819790840149
177, 10, 0.3969208300113678, 0.3935205340385437, -0.30689406394958496, 0.9983768463134766
177, 11, 0.42050591111183167, 0.32882553339004517, -0.20180490612983704, 0.9987612962722778
177, 12, 0.36001378297805786, 0.39243534207344055, -0.23046347498893738, 0.999240517616272
177, 13, 0.4383144974708557, 0.3576353192329407, -0.09222456812858582, 0.5831621289253235
177, 14, 0.3452354073524475, 0.4574645161628723, -0.21523506939411163, 0.9757005572319031
177, 15, 0.44319480657577515, 0.40723371505737305, -0.011166158132255077, 0.5957311391830444
177, 16, 0.3524799346923828, 0.5087124705314636, -0.2176809012889862, 0.9456754326820374
177, 17, 0.45321550965309143, 0.40733277797698975, 0.0014401955995708704, 0.47429564595222473
177, 18, 0.34757131338119507, 0.52362459897995, -0.22670802474021912, 0.8802972435951233
177, 19, 0.4485756754875183, 0.408345490694046, -0.005591817665845156, 0.5339937210083008
177, 20, 0.352069228887558, 0.5180270671844482, -0.23369154334068298, 0.8881375789642334
177, 21, 0.44487422704696655, 0.4096776843070984, -0.010255458764731884, 0.5515946745872498
177, 22, 0.3565293550491333, 0.5112482309341431, -0.22025009989738464, 0.861429750919342
177, 23, 0.42048168182373047, 0.4005340039730072, 0.00681662792339921, 0.9991819262504578
177, 24, 0.3882931172847748, 0.4325982332229614, -0.006729526910930872, 0.9983493089675903
177, 25, 0.4269394278526306, 0.44584473967552185, 0.09451093524694443, 0.7397359013557434
177, 26, 0.3912239968776703, 0.5024088621139526, 0.09204259514808655, 0.6874968409538269
177, 27, 0.40271711349487305, 0.5246477723121643, 0.23472094535827637, 0.515364408493042
177, 28, 0.3926157057285309, 0.5517219305038452, 0.2190047800540924, 0.5418127179145813
177, 29, 0.3971141278743744, 0.5340197086334229, 0.24923329055309296, 0.3978302478790283
177, 30, 0.3938935399055481, 0.5545989871025085, 0.23093104362487793, 0.2834727466106415
177, 31, 0.40466737747192383, 0.5592432618141174, 0.22980627417564392, 0.6656486392021179
177, 32, 0.40169039368629456, 0.5800547003746033, 0.20017962157726288, 0.5698121190071106
178, 0, 0.4014534056186676, 0.3867107927799225, -0.3263542950153351, 0.9990977048873901
178, 1, 0.4026058316230774, 0.3681773841381073, -0.3332757353782654, 0.9983224272727966
178, 2, 0.4074334502220154, 0.3668093681335449, -0.3332211673259735, 0.998414158821106
178, 3, 0.4098885655403137, 0.36281532049179077, -0.333251416683197, 0.9972636699676514
178, 4, 0.39689043164253235, 0.3796062171459198, -0.3346123695373535, 0.9984009861946106
178, 5, 0.39391347765922546, 0.38127920031547546, -0.33467456698417664, 0.9986461997032166
178, 6, 0.39097827672958374, 0.3829340934753418, -0.334770530462265, 0.9976849555969238
178, 7, 0.41070717573165894, 0.34427115321159363, -0.29803740978240967, 0.9991284012794495
178, 8, 0.38252612948417664, 0.3739270567893982, -0.3040308952331543, 0.9995579123497009
178, 9, 0.40557289123535156, 0.38189277052879333, -0.30610913038253784, 0.9985678195953369
178, 10, 0.3985064923763275, 0.39065730571746826, -0.3080258071422577, 0.9981721639633179
178, 11, 0.42317885160446167, 0.3253798186779022, -0.20992037653923035, 0.9981971383094788
178, 12, 0.361765593290329, 0.39445266127586365, -0.23933430016040802, 0.999222993850708
178, 13, 0.4425506591796875, 0.3592953681945801, -0.11294354498386383, 0.6433883309364319
178, 14, 0.35116857290267944, 0.46124812960624695, -0.22456642985343933, 0.984455943107605
178, 15, 0.446438729763031, 0.41317930817604065, -0.04653667286038399, 0.6380549669265747
178, 16, 0.3528699576854706, 0.5125163793563843, -0.21585705876350403, 0.9523360133171082
178, 17, 0.4521661698818207, 0.42088696360588074, -0.037007883191108704, 0.44905126094818115
178, 18, 0.3481218218803406, 0.5268353223800659, -0.22454491257667542, 0.86133873462677
178, 19, 0.4544864594936371, 0.4190655052661896, -0.04262887313961983, 0.5171409249305725
178, 20, 0.35236355662345886, 0.5225746035575867, -0.2311849296092987, 0.8720280528068542
178, 21, 0.4506877064704895, 0.4198433756828308, -0.045441702008247375, 0.5225041508674622
178, 22, 0.3566838800907135, 0.5165467262268066, -0.2182735949754715, 0.840886652469635
178, 23, 0.42047709226608276, 0.3905560076236725, 0.010990272276103497, 0.9977911710739136
178, 24, 0.3888862133026123, 0.426876038312912, -0.010953037068247795, 0.9969601631164551
178, 25, 0.4323643743991852, 0.4176640510559082, 0.1380467712879181, 0.6385878324508667
178, 26, 0.3910861611366272, 0.4998522102832794, 0.10933776199817657, 0.7746918797492981
178, 27, 0.4255557060241699, 0.47708699107170105, 0.2843281328678131, 0.4260854423046112
178, 28, 0.3890146315097809, 0.5519067645072937, 0.24586494266986847, 0.6152454614639282
178, 29, 0.42187005281448364, 0.485107421875, 0.2990298271179199, 0.24634075164794922
178, 30, 0.3890173137187958, 0.553155243396759, 0.2590378522872925, 0.21902045607566833
178, 31, 0.43617063760757446, 0.5046075582504272, 0.27449309825897217, 0.5750583410263062
178, 32, 0.3988872170448303, 0.5855523347854614, 0.2217695266008377, 0.6126509308815002
179, 0, 0.4057270586490631, 0.40280595421791077, -0.3254828155040741, 0.9947015047073364
179, 1, 0.40817683935165405, 0.3866176903247833, -0.3330894410610199, 0.9872998595237732
179, 2, 0.4104026257991791, 0.38289058208465576, -0.3330365717411041, 0.9863714575767517
179, 3, 0.41265708208084106, 0.3792271614074707, -0.33307498693466187, 0.9801631569862366
179, 4, 0.4007577896118164, 0.3943089246749878, -0.3350551426410675, 0.9911832809448242
179, 5, 0.39811548590660095, 0.3955978751182556, -0.33513543009757996, 0.992059588432312
179, 6, 0.39551806449890137, 0.39685651659965515, -0.3352241814136505, 0.9881100654602051
179, 7, 0.4131850600242615, 0.3599434792995453, -0.296735018491745, 0.9930177927017212
179, 8, 0.387346476316452, 0.3855951428413391, -0.30601033568382263, 0.9977161884307861
179, 9, 0.40472668409347534, 0.3933306932449341, -0.3039967119693756, 0.9956092238426208
179, 10, 0.4006553292274475, 0.40379175543785095, -0.3069183826446533, 0.9937227368354797
179, 11, 0.4200510084629059, 0.3345213830471039, -0.20292332768440247, 0.9992169141769409
179, 12, 0.3633870780467987, 0.39689353108406067, -0.2399456948041916, 0.9996370077133179
179, 13, 0.4420509934425354, 0.3460582196712494, -0.11326004564762115, 0.8822083473205566
179, 14, 0.34463489055633545, 0.4498068392276764, -0.2112801969051361, 0.9941576719284058
179, 15, 0.44295793771743774, 0.4128679037094116, -0.06365092098712921, 0.815337598323822
179, 16, 0.35221895575523376, 0.5059831142425537, -0.19865278899669647, 0.9770251512527466
179, 17, 0.44716066122055054, 0.4275156557559967, -0.05793453007936478, 0.574303388595581
179, 18, 0.34778010845184326, 0.5227285623550415, -0.20991869270801544, 0.9176568984985352
179, 19, 0.44237416982650757, 0.43400856852531433, -0.06391414254903793, 0.5885286927223206
179, 20, 0.35314449667930603, 0.517745316028595, -0.218387171626091, 0.9169120192527771
179, 21, 0.4398011267185211, 0.43103528022766113, -0.0629638060927391, 0.558876097202301
179, 22, 0.35683155059814453, 0.5113775134086609, -0.20189478993415833, 0.8882213234901428
179, 23, 0.41696006059646606, 0.39610031247138977, 0.016824109479784966, 0.9979798197746277
179, 24, 0.3864734470844269, 0.4303312599658966, -0.01677296869456768, 0.9982209801673889
179, 25, 0.4405798017978668, 0.4135519564151764, 0.14649862051010132, 0.6759184002876282
179, 26, 0.39083439111709595, 0.5055617690086365, 0.10123703628778458, 0.8424531817436218
179, 27, 0.4361657500267029, 0.46503138542175293, 0.3028722405433655, 0.3862980008125305
179, 28, 0.3971102237701416, 0.5648101568222046, 0.24075844883918762, 0.7502629160881042
179, 29, 0.43235963582992554, 0.47157642245292664, 0.31878185272216797, 0.28028228878974915
179, 30, 0.3994172215461731, 0.5662615895271301, 0.2544104754924774, 0.40547868609428406
179, 31, 0.4488266110420227, 0.49637681245803833, 0.29557517170906067, 0.45342209935188293
179, 32, 0.40459734201431274, 0.6101590991020203, 0.21503183245658875, 0.7307597994804382
180, 0, 0.4052143692970276, 0.3735499978065491, -0.204436257481575, 0.9570093750953674
180, 1, 0.40483349561691284, 0.3623075783252716, -0.21398594975471497, 0.9488531947135925
180, 2, 0.406118780374527, 0.35933515429496765, -0.2139916718006134, 0.9599711298942566
180, 3, 0.4074147343635559, 0.3563976287841797, -0.21405021846294403, 0.9556505680084229
180, 4, 0.399503231048584, 0.3690713346004486, -0.21693691611289978, 0.9412018060684204
180, 5, 0.3974386155605316, 0.37049543857574463, -0.21699711680412292, 0.9473451972007751
180, 6, 0.39539429545402527, 0.37191253900527954, -0.21707084774971008, 0.9205746054649353
180, 7, 0.40492019057273865, 0.3427753448486328, -0.20496466755867004, 0.9847717881202698
180, 8, 0.386675089597702, 0.3667537569999695, -0.21833758056163788, 0.9640548825263977
180, 9, 0.40585094690322876, 0.3687717020511627, -0.19432510435581207, 0.9569242000579834
180, 10, 0.4008778929710388, 0.37525680661201477, -0.1984563022851944, 0.942787766456604
180, 11, 0.4053681790828705, 0.317881315946579, -0.16733238101005554, 0.9971227049827576
180, 12, 0.36264607310295105, 0.38219785690307617, -0.18388693034648895, 0.9905822277069092
180, 13, 0.43294376134872437, 0.3558400869369507, -0.11899789422750473, 0.7679829597473145
180, 14, 0.3562697768211365, 0.43649595975875854, -0.17602282762527466, 0.9473224878311157
180, 15, 0.4438934922218323, 0.410859078168869, -0.0972161814570427, 0.8136311769485474
180, 16, 0.36032140254974365, 0.4768938422203064, -0.1869633048772812, 0.8874368667602539
180, 17, 0.4476451873779297, 0.42327871918678284, -0.1022118553519249, 0.5634632110595703
180, 18, 0.35710421204566956, 0.4885205030441284, -0.20202934741973877, 0.7672767639160156
180, 19, 0.4453703761100769, 0.42453762888908386, -0.10997132956981659, 0.6381053328514099
180, 20, 0.36084097623825073, 0.4839278757572174, -0.20970115065574646, 0.8177704811096191
180, 21, 0.44181498885154724, 0.42289459705352783, -0.09972097724676132, 0.5908821225166321
180, 22, 0.36347025632858276, 0.4786835014820099, -0.19132046401500702, 0.7344384789466858
180, 23, 0.41052064299583435, 0.3757588565349579, 0.005002032034099102, 0.9987791180610657
180, 24, 0.38901543617248535, 0.4067162871360779, -0.004978204146027565, 0.997403085231781
180, 25, 0.4186393618583679, 0.37042349576950073, 0.13219784200191498, 0.21379463374614716
180, 26, 0.39638781547546387, 0.4130302965641022, 0.13102629780769348, 0.1896457076072693
180, 27, 0.41553306579589844, 0.38804957270622253, 0.27535033226013184, 0.14055944979190826
180, 28, 0.4040250778198242, 0.40995165705680847, 0.26787278056144714, 0.13157527148723602
180, 29, 0.4132026731967926, 0.38726526498794556, 0.29062771797180176, 0.10455776751041412
180, 30, 0.4043915867805481, 0.4036540687084198, 0.2816332280635834, 0.05182976275682449
180, 31, 0.4248366951942444, 0.4063262641429901, 0.2738460302352905, 0.1517021507024765
180, 32, 0.41478434205055237, 0.42823049426078796, 0.25980764627456665, 0.1340160220861435
181, 0, 0.40536585450172424, 0.3691433072090149, -0.1957979053258896, 0.9606789350509644
181, 1, 0.4044567942619324, 0.3577246367931366, -0.20546188950538635, 0.9650348424911499
181, 2, 0.40568214654922485, 0.354462206363678, -0.20546011626720428, 0.9744974970817566
181, 3, 0.40691351890563965, 0.35124391317367554, -0.2055058777332306, 0.9681603312492371
181, 4, 0.39916732907295227, 0.3654686510562897, -0.2078748196363449, 0.9505741596221924
181, 5, 0.39713770151138306, 0.367171049118042, -0.20794010162353516, 0.9589259028434753
181, 6, 0.39512139558792114, 0.36887127161026, -0.2080114781856537, 0.933394193649292
181, 7, 0.40421199798583984, 0.3378535211086273, -0.19816550612449646, 0.9903990030288696
181, 8, 0.38636136054992676, 0.3648602068424225, -0.20929332077503204, 0.9758894443511963
181, 9, 0.40620002150535583, 0.3643423318862915, -0.18670937418937683, 0.966843843460083
181, 10, 0.40133124589920044, 0.37177786231040955, -0.1901654154062271, 0.9504402875900269
181, 11, 0.40559500455856323, 0.3176625669002533, -0.1609264761209488, 0.9981714487075806
181, 12, 0.36705243587493896, 0.3807002902030945, -0.17460061609745026, 0.9931915402412415
181, 13, 0.4295122027397156, 0.35189443826675415, -0.1076505035161972, 0.47619661688804626
181, 14, 0.3568281829357147, 0.43612581491470337, -0.15989257395267487, 0.8443421721458435
181, 15, 0.44458144903182983, 0.4028942584991455, -0.08373305946588516, 0.5997996926307678
181, 16, 0.3627236485481262, 0.4757327735424042, -0.1583278924226761, 0.5958370566368103
181, 17, 0.4492035508155823, 0.4169437289237976, -0.0860402062535286, 0.38000187277793884
181, 18, 0.3599044680595398, 0.48754122853279114, -0.1680717021226883, 0.43901070952415466
181, 19, 0.4479435384273529, 0.4133853614330292, -0.09332192689180374, 0.46956416964530945
181, 20, 0.3631936311721802, 0.4826090633869171, -0.17569386959075928, 0.5172910094261169
181, 21, 0.44390273094177246, 0.41346120834350586, -0.08582237362861633, 0.40036365389823914
181, 22, 0.36574289202690125, 0.47720950841903687, -0.16204094886779785, 0.41840580105781555
181, 23, 0.41135650873184204, 0.3727991282939911, 0.004862271249294281, 0.9985342025756836
181, 24, 0.39000552892684937, 0.4052666425704956, -0.004860417917370796, 0.9969808459281921
181, 25, 0.4164000153541565, 0.37328973412513733, 0.13018247485160828, 0.08920909464359283
181, 26, 0.39877238869667053, 0.4087773263454437, 0.12738724052906036, 0.13911612331867218
181, 27, 0.41477805376052856, 0.3882463574409485, 0.26499396562576294, 0.08425755798816681
181, 28, 0.4045054018497467, 0.4051453471183777, 0.2601787745952606, 0.0855412632226944
181, 29, 0.41293662786483765, 0.3862899839878082, 0.27887168526649475, 0.05907869711518288
181, 30, 0.40393370389938354, 0.39868277311325073, 0.2734279930591583, 0.046620436012744904
181, 31, 0.42265453934669495, 0.4074670672416687, 0.262035995721817, 0.07781390845775604
181, 32, 0.4156685769557953, 0.4235807955265045, 0.2538590431213379, 0.08324136584997177
182, 0, 0.3964793384075165, 0.40730735659599304, -0.312668114900589, 0.9983024597167969
182, 1, 0.4004979729652405, 0.3895776569843292, -0.3217540979385376, 0.9944167137145996
182, 2, 0.4036880135536194, 0.38624194264411926, -0.3216862976551056, 0.994216799736023
182, 3, 0.40689897537231445, 0.3830016553401947, -0.3217180073261261, 0.9904939532279968
182, 4, 0.3909107446670532, 0.3952716290950775, -0.3206983506679535, 0.9954100251197815
182, 5, 0.3874470591545105, 0.3959038555622101, -0.32073986530303955, 0.995698094367981
182, 6, 0.3840041160583496, 0.3965464234352112, -0.32075363397598267, 0.9923060536384583
182, 7, 0.41069650650024414, 0.36366963386535645, -0.2935084402561188, 0.9949436783790588
182, 8, 0.37661442160606384, 0.38408106565475464, -0.2883792817592621, 0.9973430037498474
182, 9, 0.4017030596733093, 0.40219926834106445, -0.29426121711730957, 0.9904676079750061
182, 10, 0.3914911150932312, 0.409917414188385, -0.2928609848022461, 0.9878530502319336
182, 11, 0.4232301712036133, 0.34390395879745483, -0.20429685711860657, 0.9994093179702759
182, 12, 0.3601122498512268, 0.38418328762054443, -0.22252139449119568, 0.999591052532196
182, 13, 0.4434722065925598, 0.3501688838005066, -0.10688994824886322, 0.8543254733085632
182, 14, 0.3392205834388733, 0.4364035427570343, -0.1886320561170578, 0.9779731631278992
182, 15, 0.4461173117160797, 0.4156452715396881, -0.02745523676276207, 0.5830639004707336
182, 16, 0.34406113624572754, 0.5053884983062744, -0.16962294280529022, 0.9099584221839905
182, 17, 0.45277777314186096, 0.43311530351638794, -0.015650197863578796, 0.35628944635391235
182, 18, 0.3385060131549835, 0.5154750943183899, -0.17269288003444672, 0.7733505964279175
182, 19, 0.4483298659324646, 0.4355672597885132, -0.02174294739961624, 0.38465970754623413
182, 20, 0.3441005051136017, 0.5211797952651978, -0.18284288048744202, 0.7915695309638977
182, 21, 0.4443740248680115, 0.43351855874061584, -0.02618059515953064, 0.37329742312431335
182, 22, 0.3492828607559204, 0.5147583484649658, -0.17261695861816406, 0.7528742551803589
182, 23, 0.42119869589805603, 0.42202305793762207, 0.0030706939287483692, 0.9978511333465576
182, 24, 0.38691315054893494, 0.44028857350349426, -0.0029844508972018957, 0.9948192238807678
182, 25, 0.4322071075439453, 0.49131882190704346, 0.08827328681945801, 0.6012395024299622
182, 26, 0.3993331789970398, 0.5133169889450073, 0.08232834190130234, 0.4915046989917755
182, 27, 0.4165956377983093, 0.5655220746994019, 0.19697992503643036, 0.3808805048465729
182, 28, 0.40627869963645935, 0.5842828750610352, 0.19069713354110718, 0.4056898355484009
182, 29, 0.41259899735450745, 0.5746545791625977, 0.20693734288215637, 0.30572640895843506
182, 30, 0.41022634506225586, 0.592567503452301, 0.19957147538661957, 0.31011712551116943
182, 31, 0.41912516951560974, 0.6023097038269043, 0.18379956483840942, 0.38121962547302246
182, 32, 0.4082249701023102, 0.6226148009300232, 0.16637985408306122, 0.3930571675300598
183, 0, 0.3967507779598236, 0.410369336605072, -0.3397885859012604, 0.9957952499389648
183, 1, 0.40033411979675293, 0.3923194110393524, -0.34924477338790894, 0.9860162138938904
183, 2, 0.40325307846069336, 0.3890237510204315, -0.3491831123828888, 0.9862399697303772
183, 3, 0.4061955511569977, 0.38581138849258423, -0.3492174446582794, 0.9769850969314575
183, 4, 0.39103615283966064, 0.3980148732662201, -0.3486858606338501, 0.9895399212837219
183, 5, 0.3877384066581726, 0.3985089063644409, -0.34873950481414795, 0.99138343334198
183, 6, 0.3844718933105469, 0.3990119397640228, -0.34877800941467285, 0.9856244325637817
183, 7, 0.409160852432251, 0.3650133013725281, -0.31832611560821533, 0.9905615448951721
183, 8, 0.37637829780578613, 0.3853047788143158, -0.3154919743537903, 0.9957268238067627
183, 9, 0.4009036421775818, 0.4044478237628937, -0.3201526701450348, 0.9857439398765564
183, 10, 0.39191433787345886, 0.4099724292755127, -0.3194260597229004, 0.9819966554641724
183, 11, 0.4226957857608795, 0.34013253450393677, -0.22242340445518494, 0.9993764758110046
183, 12, 0.35829195380210876, 0.3836115896701813, -0.24329805374145508, 0.9997163414955139
183, 13, 0.44343385100364685, 0.34639301896095276, -0.12150616943836212, 0.9013588428497314
183, 14, 0.33925575017929077, 0.43689101934432983, -0.19379226863384247, 0.9824548363685608
183, 15, 0.44612687826156616, 0.4106004536151886, -0.045354388654232025, 0.6671785712242126
183, 16, 0.34513992071151733, 0.5043070912361145, -0.1626976728439331, 0.9401677250862122
183, 17, 0.44966012239456177, 0.4260280728340149, -0.03587065264582634, 0.4080861806869507
183, 18, 0.33990341424942017, 0.527450680732727, -0.16597895324230194, 0.8287972211837769
183, 19, 0.44513869285583496, 0.424526184797287, -0.04165587201714516, 0.4380647540092468
183, 20, 0.3463391363620758, 0.5264566540718079, -0.17864616215229034, 0.842201828956604
183, 21, 0.44132834672927856, 0.42284634709358215, -0.04423665255308151, 0.4153040945529938
183, 22, 0.3513987362384796, 0.5189446806907654, -0.16647103428840637, 0.8072459697723389
183, 23, 0.4193342626094818, 0.41253554821014404, 0.004487277939915657, 0.9980506896972656
183, 24, 0.38385188579559326, 0.4334444999694824, -0.004341703839600086, 0.9959937334060669
183, 25, 0.4333016276359558, 0.47724705934524536, 0.11207988113164902, 0.6642677187919617
183, 26, 0.39275017380714417, 0.5070692896842957, 0.09980474412441254, 0.5837901830673218
183, 27, 0.4196619987487793, 0.5494582653045654, 0.2487540990114212, 0.3848894238471985
183, 28, 0.400637149810791, 0.5773584246635437, 0.23484566807746887, 0.5055596232414246
183, 29, 0.41474252939224243, 0.5577953457832336, 0.261270135641098, 0.2571844160556793
183, 30, 0.40442973375320435, 0.5835700035095215, 0.24614080786705017, 0.3294617831707001
183, 31, 0.4270947575569153, 0.5869074463844299, 0.233378604054451, 0.4286482632160187
183, 32, 0.4047604501247406, 0.6195094585418701, 0.20639796555042267, 0.5158990621566772
184, 0, 0.4037409722805023, 0.39324676990509033, -0.30825576186180115, 0.965857207775116
184, 1, 0.40290865302085876, 0.37685081362724304, -0.31692907214164734, 0.9380532503128052
184, 2, 0.4049857258796692, 0.37388497591018677, -0.31688985228538513, 0.9422887563705444
184, 3, 0.4105384945869446, 0.3744446635246277, -0.31696075201034546, 0.9286881685256958
184, 4, 0.3993460237979889, 0.3853992521762848, -0.3177928030490875, 0.9329468011856079
184, 5, 0.3968765437602997, 0.3860868811607361, -0.31783780455589294, 0.9368314743041992
184, 6, 0.3944351077079773, 0.3867725729942322, -0.31790563464164734, 0.9044888019561768
184, 7, 0.4113331735134125, 0.3572753965854645, -0.28888291120529175, 0.9708212018013
184, 8, 0.38689881563186646, 0.3760473430156708, -0.2924985885620117, 0.9653276205062866
184, 9, 0.40352383255958557, 0.3850494921207428, -0.2905287444591522, 0.9753095507621765
184, 10, 0.39899709820747375, 0.3936847746372223, -0.2917817533016205, 0.9580798745155334
184, 11, 0.4205562174320221, 0.33442994952201843, -0.20653994381427765, 0.9976456761360168
184, 12, 0.363583505153656, 0.3874552845954895, -0.23084259033203125, 0.9957917928695679
184, 13, 0.44048061966896057, 0.3545578122138977, -0.1183239221572876, 0.7555620074272156
184, 14, 0.3466138243675232, 0.43824636936187744, -0.20492097735404968, 0.9609442353248596
184, 15, 0.44515877962112427, 0.4166000485420227, -0.06082797050476074, 0.48665136098861694
184, 16, 0.3558284044265747, 0.49284476041793823, -0.19758908450603485, 0.7973476648330688
184, 17, 0.45093685388565063, 0.42890769243240356, -0.05628151819109917, 0.2780137360095978
184, 18, 0.35125651955604553, 0.5055327415466309, -0.20813493430614471, 0.5892543792724609
184, 19, 0.4478350281715393, 0.433094322681427, -0.06599391996860504, 0.3235790729522705
184, 20, 0.3558802604675293, 0.5028491020202637, -0.21985146403312683, 0.6277592182159424
184, 21, 0.4441230893135071, 0.43099942803382874, -0.062029264867305756, 0.32934272289276123
184, 22, 0.3596161901950836, 0.4972248375415802, -0.2021290808916092, 0.5938447117805481
184, 23, 0.41793280839920044, 0.3979143798351288, 0.009467215277254581, 0.9941748976707458
184, 24, 0.38826483488082886, 0.4244842827320099, -0.00937286764383316, 0.9890182018280029
184, 25, 0.434426486492157, 0.4444451332092285, 0.11071578413248062, 0.46218153834342957
184, 26, 0.4004146456718445, 0.4968512952327728, 0.08786682784557343, 0.5149859189987183
184, 27, 0.421558141708374, 0.5112112164497375, 0.25579211115837097, 0.161643385887146
184, 28, 0.4121548533439636, 0.5590207576751709, 0.2250019758939743, 0.26788759231567383
184, 29, 0.4166906774044037, 0.519133985042572, 0.2698606550693512, 0.11072973906993866
184, 30, 0.41461682319641113, 0.5647695064544678, 0.23733913898468018, 0.11350172013044357
184, 31, 0.42988139390945435, 0.5429361462593079, 0.23826102912425995, 0.26569369435310364
184, 32, 0.42178934812545776, 0.5923084020614624, 0.1924920380115509, 0.2880454957485199
185, 0, 0.39923539757728577, 0.3708084225654602, -0.2777627408504486, 0.6946317553520203
185, 1, 0.4002956748008728, 0.3622414171695709, -0.2890198826789856, 0.6964825987815857
185, 2, 0.40159958600997925, 0.3599955141544342, -0.2890377342700958, 0.7727193236351013
185, 3, 0.4029030203819275, 0.35779237747192383, -0.28911760449409485, 0.7590486407279968
185, 4, 0.39537179470062256, 0.3663995862007141, -0.2903086841106415, 0.5455604195594788
185, 5, 0.3937135636806488, 0.3668317496776581, -0.29036620259284973, 0.5700286030769348
185, 6, 0.39206045866012573, 0.3672889173030853, -0.29043343663215637, 0.4410476088523865
185, 7, 0.4031837582588196, 0.34367096424102783, -0.27832797169685364, 0.8601364493370056
185, 8, 0.3859367072582245, 0.3593059182167053, -0.2839789390563965, 0.6055783629417419
185, 9, 0.4006277620792389, 0.3660569489002228, -0.26574912667274475, 0.7286972999572754
185, 10, 0.3963696360588074, 0.3699435889720917, -0.26769596338272095, 0.5819282531738281
185, 11, 0.4123561382293701, 0.3205994963645935, -0.21936461329460144, 0.9899861216545105
185, 12, 0.36777350306510925, 0.36458566784858704, -0.23521724343299866, 0.9376518130302429
185, 13, 0.430172860622406, 0.36359113454818726, -0.15645287930965424, 0.6420903205871582
185, 14, 0.3550601005554199, 0.4192289710044861, -0.21165147423744202, 0.9503580331802368
185, 15, 0.4380936026573181, 0.4150022864341736, -0.13900484144687653, 0.5855273008346558
185, 16, 0.3583345413208008, 0.46252119541168213, -0.22121235728263855, 0.854821503162384
185, 17, 0.44395285844802856, 0.42411261796951294, -0.15018294751644135, 0.3145481050014496
185, 18, 0.35464730858802795, 0.4730601906776428, -0.24266859889030457, 0.6984348297119141
185, 19, 0.438746839761734, 0.4258700907230377, -0.16302520036697388, 0.3677143156528473
185, 20, 0.35998260974884033, 0.46953535079956055, -0.25342100858688354, 0.7493395209312439
185, 21, 0.43556928634643555, 0.4241619110107422, -0.1440676748752594, 0.33093392848968506
185, 22, 0.3624369502067566, 0.4650314450263977, -0.22691459953784943, 0.6417648792266846
185, 23, 0.410184383392334, 0.36666300892829895, 0.0013179057277739048, 0.9967382550239563
185, 24, 0.38603970408439636, 0.3927742540836334, -0.0012198315234854817, 0.9888558983802795
185, 25, 0.4195501208305359, 0.36504605412483215, 0.16191090643405914, 0.0847897082567215
185, 26, 0.39015480875968933, 0.4011840522289276, 0.1695397049188614, 0.052222926169633865
185, 27, 0.4120165705680847, 0.386415958404541, 0.3583773374557495, 0.04627227410674095
185, 28, 0.39866018295288086, 0.40433886647224426, 0.3579050302505493, 0.028511060401797295
185, 29, 0.40878692269325256, 0.3871912956237793, 0.37887808680534363, 0.0413813441991806
185, 30, 0.40072640776634216, 0.3999318480491638, 0.3771660625934601, 0.019266024231910706
185, 31, 0.4190434515476227, 0.40474733710289, 0.3560391366481781, 0.04961441084742546
185, 32, 0.40721040964126587, 0.41985511779785156, 0.35040411353111267, 0.035923708230257034
186, 0, 0.4022761881351471, 0.3796097934246063, -0.30393317341804504, 0.9267250895500183
186, 1, 0.4038657546043396, 0.3676185607910156, -0.3124522566795349, 0.9244305491447449
186, 2, 0.4056328237056732, 0.3646002411842346, -0.31244605779647827, 0.945375382900238
186, 3, 0.407405287027359, 0.3616231381893158, -0.3125053644180298, 0.9315122961997986
186, 4, 0.3974393308162689, 0.37420812249183655, -0.31242749094963074, 0.8893482089042664
186, 5, 0.39528000354766846, 0.37534984946250916, -0.31250640749931335, 0.8918445706367493
186, 6, 0.39313575625419617, 0.3765113949775696, -0.31258121132850647, 0.8209441900253296
186, 7, 0.40835604071617126, 0.3460077941417694, -0.28864508867263794, 0.9613672494888306
186, 8, 0.3866313099861145, 0.3688220679759979, -0.2890753746032715, 0.877658486366272
186, 9, 0.40468543767929077, 0.3747284710407257, -0.2879100441932678, 0.8837701082229614
186, 10, 0.39891278743743896, 0.38105249404907227, -0.2883245348930359, 0.8094661831855774
186, 11, 0.4191057085990906, 0.3266603946685791, -0.2253533899784088, 0.990510880947113
186, 12, 0.3645893633365631, 0.3808082640171051, -0.23828592896461487, 0.9607734084129333
186, 13, 0.4433010220527649, 0.3548629581928253, -0.175706684589386, 0.6818186044692993
186, 14, 0.3508964478969574, 0.43409475684165955, -0.22364339232444763, 0.9710060954093933
186, 15, 0.4560357928276062, 0.4158545732498169, -0.1566409319639206, 0.7603068351745605
186, 16, 0.3527214825153351, 0.48522108793258667, -0.2276885211467743, 0.8696187734603882
186, 17, 0.46420758962631226, 0.4226773679256439, -0.16362282633781433, 0.4777213931083679
186, 18, 0.3469224274158478, 0.49749863147735596, -0.2437073290348053, 0.6937088966369629
186, 19, 0.4581776261329651, 0.4273333251476288, -0.17466357350349426, 0.5430285334587097
186, 20, 0.35348576307296753, 0.4949164092540741, -0.2525597810745239, 0.7461339831352234
186, 21, 0.4539337754249573, 0.4270320534706116, -0.16033779084682465, 0.5095323920249939
186, 22, 0.35702890157699585, 0.49013930559158325, -0.23216792941093445, 0.6879118084907532
186, 23, 0.41529569029808044, 0.3760312497615814, 0.002962555270642042, 0.9815876483917236
186, 24, 0.38860949873924255, 0.40515926480293274, -0.002922042738646269, 0.9427044987678528
186, 25, 0.4193667471408844, 0.3623053729534149, 0.1665874421596527, 0.07604411244392395
186, 26, 0.3895620107650757, 0.4043257534503937, 0.1621149778366089, 0.08852951973676682
186, 27, 0.41458624601364136, 0.3721298277378082, 0.3467831015586853, 0.03207876533269882
186, 28, 0.39657068252563477, 0.3892615735530853, 0.34237074851989746, 0.026058517396450043
186, 29, 0.41112908720970154, 0.3720833957195282, 0.3655183017253876, 0.02551965042948723
186, 30, 0.39681974053382874, 0.3822447955608368, 0.36120864748954773, 0.010902419686317444
186, 31, 0.42352548241615295, 0.38926464319229126, 0.343267560005188, 0.06332863122224808
186, 32, 0.4062107503414154, 0.40103262662887573, 0.3366905152797699, 0.051835764199495316
187, 0, 0.40508875250816345, 0.4037042260169983, -0.3256610631942749, 0.8392117619514465
187, 1, 0.4066588282585144, 0.38972505927085876, -0.3351963460445404, 0.8138146996498108
187, 2, 0.40873098373413086, 0.3861730396747589, -0.33519428968429565, 0.8580962419509888
187, 3, 0.4107961058616638, 0.38267043232917786, -0.33525463938713074, 0.8143956065177917
187, 4, 0.3990366756916046, 0.39670270681381226, -0.3349743187427521, 0.7778229117393494
187, 5, 0.39651787281036377, 0.3976401090621948, -0.33505380153656006, 0.801263153553009
187, 6, 0.3940277695655823, 0.39859458804130554, -0.3351336121559143, 0.722453236579895
187, 7, 0.41208773851394653, 0.3606187701225281, -0.3087453842163086, 0.9178153276443481
187, 8, 0.38613539934158325, 0.3849966824054718, -0.30752748250961304, 0.8768929839134216
187, 9, 0.40795937180519104, 0.3954116702079773, -0.30756238102912903, 0.78972989320755
187, 10, 0.40142732858657837, 0.4021162688732147, -0.30753204226493835, 0.6957565546035767
187, 11, 0.4263853132724762, 0.32612746953964233, -0.23479482531547546, 0.9939339756965637
187, 12, 0.36364009976387024, 0.382814884185791, -0.24646762013435364, 0.984074592590332
187, 13, 0.44931039214134216, 0.3531925678253174, -0.1711128056049347, 0.7605556845664978
187, 14, 0.34257933497428894, 0.43296363949775696, -0.22765055298805237, 0.9836719632148743
187, 15, 0.45377498865127563, 0.4228843152523041, -0.14795902371406555, 0.8335279822349548
187, 16, 0.3454380929470062, 0.502128005027771, -0.23709747195243835, 0.968207836151123
187, 17, 0.46327346563339233, 0.4369971454143524, -0.1545308232307434, 0.6215409636497498
187, 18, 0.3448844254016876, 0.5175797343254089, -0.254564106464386, 0.9171249270439148
187, 19, 0.4575223922729492, 0.441589891910553, -0.1644313782453537, 0.6622501015663147
187, 20, 0.3531336188316345, 0.5146205425262451, -0.2648768723011017, 0.9274246692657471
187, 21, 0.4530326724052429, 0.4403144419193268, -0.15064752101898193, 0.6137987375259399
187, 22, 0.3580527603626251, 0.508281409740448, -0.242069810628891, 0.876191258430481
187, 23, 0.41944974660873413, 0.3781874477863312, 0.0026060743257403374, 0.9743995666503906
187, 24, 0.3860502541065216, 0.40563610196113586, -0.0025614008773118258, 0.9294193387031555
187, 25, 0.4261360168457031, 0.3699207603931427, 0.17929911613464355, 0.05206298828125
187, 26, 0.38458457589149475, 0.4148291349411011, 0.1794990599155426, 0.03368507698178291
187, 27, 0.41759997606277466, 0.3767178952693939, 0.37593555450439453, 0.021318314597010612
187, 28, 0.39166221022605896, 0.39857545495033264, 0.3712979257106781, 0.020047923550009727
187, 29, 0.41340360045433044, 0.3760724663734436, 0.3967873752117157, 0.027610555291175842
187, 30, 0.3922960162162781, 0.3910966217517853, 0.3918834924697876, 0.01613425649702549
187, 31, 0.4255533814430237, 0.39562734961509705, 0.37603649497032166, 0.027700159698724747
187, 32, 0.40100616216659546, 0.4140441119670868, 0.37000468373298645, 0.02988421730697155
188, 0, 0.4026428163051605, 0.36688995361328125, -0.27481338381767273, 0.298391193151474
188, 1, 0.40247035026550293, 0.35744208097457886, -0.2824687361717224, 0.5218852758407593
188, 2, 0.40356382727622986, 0.3544791638851166, -0.2824742794036865, 0.5988652110099792
188, 3, 0.4046579897403717, 0.3515179455280304, -0.282573401927948, 0.5534266829490662
188, 4, 0.397876113653183, 0.3647673428058624, -0.2850242555141449, 0.4102472960948944
188, 5, 0.3960965573787689, 0.36649444699287415, -0.2850883901119232, 0.5036628842353821
188, 6, 0.394331157207489, 0.36822667717933655, -0.2851546108722687, 0.37488511204719543
188, 7, 0.40223607420921326, 0.33955898880958557, -0.260248064994812, 0.86062091588974
188, 8, 0.3864170014858246, 0.3655944764614105, -0.2720368802547455, 0.7726913690567017
188, 9, 0.4028747081756592, 0.36238420009613037, -0.2595384120941162, 0.4898127615451813
188, 10, 0.3986227512359619, 0.36936047673225403, -0.26320236921310425, 0.32735440135002136
188, 11, 0.40516558289527893, 0.31732499599456787, -0.20065486431121826, 0.9632298350334167
188, 12, 0.36756670475006104, 0.3799055218696594, -0.21662192046642303, 0.906013011932373
188, 13, 0.4253771901130676, 0.3258011043071747, -0.13023267686367035, 0.3382509648799896
188, 14, 0.36134254932403564, 0.4152960181236267, -0.17695201933383942, 0.5432562232017517
188, 15, 0.4324551522731781, 0.36169371008872986, -0.09243541955947876, 0.12508879601955414
188, 16, 0.3678363859653473, 0.42877185344696045, -0.16139207780361176, 0.18819288909435272
188, 17, 0.4372667372226715, 0.3687680661678314, -0.09561603516340256, 0.0511329285800457
188, 18, 0.36752837896347046, 0.4357330799102783, -0.1728670299053192, 0.14638550579547882
188, 19, 0.43246379494667053, 0.3702075183391571, -0.10313925892114639, 0.05740932375192642
188, 20, 0.3696231245994568, 0.4272959530353546, -0.17931222915649414, 0.1597706526517868
188, 21, 0.4297126233577728, 0.3696790337562561, -0.09434942156076431, 0.052130747586488724
188, 22, 0.37033599615097046, 0.42379239201545715, -0.16396458446979523, 0.10651223361492157
188, 23, 0.4051249027252197, 0.3544929027557373, 0.002667682711035013, 0.9910394549369812
188, 24, 0.38505443930625916, 0.38919901847839355, -0.0025354125536978245, 0.9799919724464417
188, 25, 0.412040650844574, 0.36437177658081055, 0.1569042205810547, 0.10977663844823837
188, 26, 0.39399585127830505, 0.40483954548835754, 0.15468168258666992, 0.053799182176589966
188, 27, 0.40769296884536743, 0.38141191005706787, 0.3336489796638489, 0.05326995998620987
188, 28, 0.39827802777290344, 0.3994823098182678, 0.3278120160102844, 0.028605567291378975
188, 29, 0.40466102957725525, 0.3844427764415741, 0.35209476947784424, 0.057138603180646896
188, 30, 0.3976460099220276, 0.39482560753822327, 0.34558331966400146, 0.01637761853635311
188, 31, 0.4154449999332428, 0.3926107585430145, 0.32827574014663696, 0.05831556394696236
188, 32, 0.41028347611427307, 0.4056994616985321, 0.31929871439933777, 0.026962975040078163
189, 0, 0.40765729546546936, 0.40414997935295105, -0.33247411251068115, 0.9079493880271912
189, 1, 0.40955543518066406, 0.3918727934360504, -0.3435816168785095, 0.9401714205741882
189, 2, 0.41167688369750977, 0.38831955194473267, -0.3435957431793213, 0.9363714456558228
189, 3, 0.4138023257255554, 0.38482147455215454, -0.34368112683296204, 0.9438849687576294
189, 4, 0.4018235206604004, 0.39882707595825195, -0.34349924325942993, 0.8950158953666687
189, 5, 0.3991747498512268, 0.3998200297355652, -0.34356921911239624, 0.8595952987670898
189, 6, 0.39656850695610046, 0.40081584453582764, -0.34363946318626404, 0.8539122939109802
189, 7, 0.41488370299339294, 0.36144641041755676, -0.3194873034954071, 0.980246901512146
189, 8, 0.38807371258735657, 0.3861422538757324, -0.3190516531467438, 0.9378042221069336
189, 9, 0.4103327691555023, 0.3941584825515747, -0.3145175278186798, 0.9482744336128235
189, 10, 0.40379658341407776, 0.40088972449302673, -0.3146945834159851, 0.9003825187683105
189, 11, 0.43038409948349, 0.3193618655204773, -0.24576938152313232, 0.9994630217552185
189, 12, 0.3645767867565155, 0.37566885352134705, -0.2533474862575531, 0.9943747520446777
189, 13, 0.4592917561531067, 0.34080061316490173, -0.19163578748703003, 0.9344190955162048
189, 14, 0.3510770797729492, 0.42708665132522583, -0.21515598893165588, 0.8826968669891357
189, 15, 0.4698142111301422, 0.4217957854270935, -0.17492753267288208, 0.9294260144233704
189, 16, 0.36724111437797546, 0.49032944440841675, -0.20431962609291077, 0.8875523805618286
189, 17, 0.4771784842014313, 0.43542638421058655, -0.18812642991542816, 0.786888599395752
189, 18, 0.36196020245552063, 0.5056344866752625, -0.22054843604564667, 0.8049305081367493
189, 19, 0.46839553117752075, 0.44040682911872864, -0.19663091003894806, 0.8008453249931335
189, 20, 0.36934277415275574, 0.5012974143028259, -0.23089976608753204, 0.825970470905304
189, 21, 0.4641917645931244, 0.43806153535842896, -0.17779986560344696, 0.7748633027076721
189, 22, 0.3735211491584778, 0.49498507380485535, -0.20880408585071564, 0.7944892048835754
189, 23, 0.4268459379673004, 0.3663969337940216, 0.0015690659638494253, 0.999237060546875
189, 24, 0.3920179307460785, 0.3957752287387848, -0.0015529610682278872, 0.9973427653312683
189, 25, 0.454964816570282, 0.37124836444854736, 0.17294801771640778, 0.10868649184703827
189, 26, 0.39704495668411255, 0.42102816700935364, 0.17340879142284393, 0.059603724628686905
189, 27, 0.4692401885986328, 0.34869879484176636, 0.3527069687843323, 0.06966614723205566
189, 28, 0.4054333567619324, 0.4062492847442627, 0.36095374822616577, 0.04325176402926445
189, 29, 0.46849411725997925, 0.3461377024650574, 0.37164172530174255, 0.08363103866577148
189, 30, 0.40684884786605835, 0.3987298011779785, 0.38141435384750366, 0.02633746899664402
189, 31, 0.4850795269012451, 0.35424572229385376, 0.34948694705963135, 0.1480867564678192
189, 32, 0.4125407338142395, 0.42501360177993774, 0.36131104826927185, 0.0997493714094162
190, 0, 0.40799444913864136, 0.3815436363220215, -0.2704346776008606, 0.9014001488685608
190, 1, 0.41060638427734375, 0.37137463688850403, -0.28063496947288513, 0.8959285616874695
190, 2, 0.41252508759498596, 0.3685504198074341, -0.2806716561317444, 0.8992105722427368
190, 3, 0.4144546389579773, 0.3657832741737366, -0.28075793385505676, 0.918633759021759
190, 4, 0.40382248163223267, 0.376791387796402, -0.28013575077056885, 0.8123105764389038
190, 5, 0.4015495181083679, 0.3774881958961487, -0.28019341826438904, 0.7594606876373291
190, 6, 0.39929133653640747, 0.3781944215297699, -0.28027066588401794, 0.7379276752471924
190, 7, 0.41559332609176636, 0.3474379777908325, -0.2665485143661499, 0.953666090965271
190, 8, 0.3918492794036865, 0.36748504638671875, -0.2646911144256592, 0.8020978569984436
190, 9, 0.40990138053894043, 0.37461739778518677, -0.2579175531864166, 0.9261738061904907
190, 10, 0.40400561690330505, 0.3797834515571594, -0.2576475441455841, 0.8531143069267273
190, 11, 0.4262733459472656, 0.31588447093963623, -0.2101592719554901, 0.9991328120231628
190, 12, 0.36813992261886597, 0.3683786988258362, -0.21388185024261475, 0.9832934141159058
190, 13, 0.4546144902706146, 0.3397356867790222, -0.16900216042995453, 0.911477267742157
190, 14, 0.34906354546546936, 0.4239208698272705, -0.1927686333656311, 0.8813760280609131
190, 15, 0.46589547395706177, 0.4085928201675415, -0.15938910841941833, 0.9053433537483215
190, 16, 0.35602450370788574, 0.48153141140937805, -0.2020968645811081, 0.834833562374115
190, 17, 0.47340232133865356, 0.42032361030578613, -0.16917790472507477, 0.7330347895622253
190, 18, 0.34997355937957764, 0.4950043559074402, -0.21714214980602264, 0.7028332948684692
190, 19, 0.4658523201942444, 0.42469486594200134, -0.17940960824489594, 0.774437665939331
190, 20, 0.3559848666191101, 0.49239179491996765, -0.22819843888282776, 0.7497667670249939
190, 21, 0.4619219899177551, 0.4229227602481842, -0.16257598996162415, 0.7209808826446533
190, 22, 0.36042726039886475, 0.4869691729545593, -0.2073451280593872, 0.710291862487793
190, 23, 0.4247198700904846, 0.3680434226989746, 0.002363914856687188, 0.9994526505470276
190, 24, 0.39451056718826294, 0.39550814032554626, -0.0023220377042889595, 0.9972471594810486
190, 25, 0.449371874332428, 0.371090829372406, 0.1362970918416977, 0.09003303200006485
190, 26, 0.39718183875083923, 0.4161888659000397, 0.13881029188632965, 0.07507859915494919
190, 27, 0.459675133228302, 0.36902379989624023, 0.28593066334724426, 0.057640232145786285
190, 28, 0.404606431722641, 0.4118894040584564, 0.2929667532444, 0.044355228543281555
190, 29, 0.4582596719264984, 0.36761704087257385, 0.30152183771133423, 0.06413480639457703
190, 30, 0.40592461824417114, 0.40590670704841614, 0.30926474928855896, 0.022456374019384384
190, 31, 0.4731682240962982, 0.38024723529815674, 0.28013738989830017, 0.10154961049556732
190, 32, 0.40983057022094727, 0.43043187260627747, 0.28789153695106506, 0.08307520300149918
191, 0, 0.40841689705848694, 0.39812687039375305, -0.2816506028175354, 0.9003993272781372
191, 1, 0.4104599356651306, 0.38518303632736206, -0.2921130955219269, 0.9554881453514099
191, 2, 0.4126030504703522, 0.38210529088974, -0.2921306788921356, 0.9612205028533936
191, 3, 0.4147395193576813, 0.37907519936561584, -0.29224249720573425, 0.9670234322547913
191, 4, 0.402748167514801, 0.3909221291542053, -0.291500061750412, 0.8735451698303223
191, 5, 0.4001271724700928, 0.39155909419059753, -0.2915538251399994, 0.8444792032241821
191, 6, 0.3975483775138855, 0.39220210909843445, -0.2916041910648346, 0.8124155402183533
191, 7, 0.41562288999557495, 0.3577842712402344, -0.27367597818374634, 0.9921999573707581
191, 8, 0.3892195224761963, 0.37887224555015564, -0.2715919613838196, 0.9142582416534424
191, 9, 0.41098517179489136, 0.3905966579914093, -0.26675665378570557, 0.9628390073776245
191, 10, 0.40436211228370667, 0.3958786725997925, -0.26642104983329773, 0.9023088812828064
191, 11, 0.4299800992012024, 0.3256165385246277, -0.21497948467731476, 0.999259889125824
191, 12, 0.3677939176559448, 0.370524525642395, -0.21100667119026184, 0.9763447046279907
191, 13, 0.4638512134552002, 0.357138991355896, -0.17799484729766846, 0.9565111994743347
191, 14, 0.35935768485069275, 0.4169987142086029, -0.17271310091018677, 0.5569460988044739
191, 15, 0.47121602296829224, 0.4246102571487427, -0.17130912840366364, 0.9408993721008301
191, 16, 0.36713266372680664, 0.46238982677459717, -0.17150717973709106, 0.48751384019851685
191, 17, 0.47739171981811523, 0.4368271827697754, -0.18482419848442078, 0.7815911769866943
191, 18, 0.36306366324424744, 0.4739069938659668, -0.18530739843845367, 0.4288942813873291
191, 19, 0.46833592653274536, 0.4392551779747009, -0.19172786176204681, 0.7944480776786804
191, 20, 0.36796867847442627, 0.4683138430118561, -0.1936381310224533, 0.47765055298805237
191, 21, 0.46458131074905396, 0.4368124306201935, -0.17375870048999786, 0.7658150792121887
191, 22, 0.37144210934638977, 0.4638013541698456, -0.1754511445760727, 0.4257453978061676
191, 23, 0.4266265034675598, 0.370731383562088, 0.00046124745858833194, 0.996514618396759
191, 24, 0.39419353008270264, 0.39739757776260376, -0.0004092855961062014, 0.9901371002197266
191, 25, 0.4466463029384613, 0.3714410066604614, 0.14587421715259552, 0.11181984096765518
191, 26, 0.39745184779167175, 0.4218098521232605, 0.15014316141605377, 0.08962710201740265
191, 27, 0.45098432898521423, 0.37261173129081726, 0.3091484606266022, 0.056550536304712296
191, 28, 0.4050767421722412, 0.42086419463157654, 0.31534287333488464, 0.049719735980033875
191, 29, 0.4483383297920227, 0.3708885610103607, 0.3262929618358612, 0.06545893847942352
191, 30, 0.40599751472473145, 0.4149439036846161, 0.33305495977401733, 0.027849780395627022
191, 31, 0.46305006742477417, 0.38899990916252136, 0.30530229210853577, 0.12839026749134064
191, 32, 0.41330486536026, 0.441068172454834, 0.3134258985519409, 0.10448575764894485
192, 0, 0.408667653799057, 0.41733381152153015, -0.35065367817878723, 0.9967323541641235
192, 1, 0.41064733266830444, 0.4069868326187134, -0.36320585012435913, 0.9873929619789124
192, 2, 0.41298604011535645, 0.40013280510902405, -0.36318039894104004, 0.9898188710212708
192, 3, 0.4177318513393402, 0.39387384057044983, -0.36318156123161316, 0.9847155809402466
192, 4, 0.40100914239883423, 0.40823206305503845, -0.36101847887039185, 0.9908632040023804
192, 5, 0.39731860160827637, 0.4086510241031647, -0.36107903718948364, 0.991601288318634
192, 6, 0.3936774432659149, 0.40904757380485535, -0.36118409037590027, 0.9887804985046387
192, 7, 0.42064231634140015, 0.36627721786499023, -0.3461728096008301, 0.9936702251434326
192, 8, 0.38370588421821594, 0.3887898027896881, -0.33774781227111816, 0.9945377707481384
192, 9, 0.4131830632686615, 0.4086694121360779, -0.3347805142402649, 0.996921718120575
192, 10, 0.4032783508300781, 0.416220098733902, -0.3325384557247162, 0.9982185959815979
192, 11, 0.4464295506477356, 0.3361497223377228, -0.2827429175376892, 0.9998106360435486
192, 12, 0.36164289712905884, 0.38102468848228455, -0.2677304744720459, 0.9999648332595825
192, 13, 0.46314460039138794, 0.4498496651649475, -0.2555863559246063, 0.9422752261161804
192, 14, 0.36354249715805054, 0.4851681888103485, -0.24829649925231934, 0.9727727174758911
192, 15, 0.444828599691391, 0.563514232635498, -0.26294228434562683, 0.9268718957901001
192, 16, 0.39000773429870605, 0.570196270942688, -0.2642020881175995, 0.9258145093917847
192, 17, 0.44581055641174316, 0.5899611711502075, -0.2889397442340851, 0.7885516881942749
192, 18, 0.39077916741371155, 0.594362199306488, -0.28999093174934387, 0.8152442574501038
192, 19, 0.4324344992637634, 0.5864258408546448, -0.2891673743724823, 0.7924823760986328
192, 20, 0.3999996781349182, 0.5830634832382202, -0.2949059009552002, 0.8245314359664917
192, 21, 0.43022340536117554, 0.5761571526527405, -0.26349344849586487, 0.7254762649536133
192, 22, 0.40167441964149475, 0.572900652885437, -0.26759836077690125, 0.7730834484100342
192, 23, 0.4424709677696228, 0.40536612272262573, 0.0034646359272301197, 0.9996627569198608
192, 24, 0.3985752463340759, 0.4329122006893158, -0.0034840956795960665, 0.9999719858169556
192, 25, 0.48276758193969727, 0.46769416332244873, 0.2017858326435089, 0.6562058329582214
192, 26, 0.4004829525947571, 0.5339861512184143, 0.11587105691432953, 0.9640217423439026
192, 27, 0.4774485230445862, 0.45328202843666077, 0.4357414245605469, 0.3391566276550293
192, 28, 0.4032539427280426, 0.6189079284667969, 0.25627249479293823, 0.8514581322669983
192, 29, 0.4751673638820648, 0.44661301374435425, 0.4594041705131531, 0.16857080161571503
192, 30, 0.4069504141807556, 0.6222825050354004, 0.2687149941921234, 0.4659998118877411
192, 31, 0.48670610785484314, 0.4859805107116699, 0.4396842420101166, 0.4643764793872833
192, 32, 0.40514978766441345, 0.6827588081359863, 0.2163398712873459, 0.8371195197105408
193, 0, 0.4084464907646179, 0.4150308072566986, -0.3532312512397766, 0.9972502589225769
193, 1, 0.40986403822898865, 0.4023745656013489, -0.3653155565261841, 0.989352285861969
193, 2, 0.41262921690940857, 0.3983669579029083, -0.3652936518192291, 0.9908342957496643
193, 3, 0.4152664542198181, 0.39358001947402954, -0.3653000593185425, 0.986182689666748
193, 4, 0.40085405111312866, 0.4048702120780945, -0.3633253276348114, 0.9928154945373535
193, 5, 0.3972616195678711, 0.4051010012626648, -0.363383948802948, 0.9929893016815186
193, 6, 0.3937132954597473, 0.4053168296813965, -0.3634946644306183, 0.9908313155174255
193, 7, 0.4208928942680359, 0.3660692870616913, -0.3465104401111603, 0.9938954710960388
193, 8, 0.3843541741371155, 0.385839581489563, -0.3391101658344269, 0.995728075504303
193, 9, 0.4113834500312805, 0.4041651487350464, -0.3368705213069916, 0.9977947473526001
193, 10, 0.40210217237472534, 0.41098493337631226, -0.33493196964263916, 0.9988992214202881
193, 11, 0.4461543560028076, 0.3396124243736267, -0.2810499370098114, 0.9998319149017334
193, 12, 0.3617892861366272, 0.37889808416366577, -0.27246853709220886, 0.9999780654907227
193, 13, 0.46360841393470764, 0.4543554186820984, -0.25683680176734924, 0.9417784214019775
193, 14, 0.3632957339286804, 0.481839656829834, -0.2562088668346405, 0.9713692665100098
193, 15, 0.4444939196109772, 0.564725935459137, -0.2675865590572357, 0.9084184765815735
193, 16, 0.3895588517189026, 0.5738851428031921, -0.27547240257263184, 0.9191836714744568
193, 17, 0.4449215531349182, 0.5904513597488403, -0.2936114966869354, 0.7374907732009888
193, 18, 0.3899221420288086, 0.5998185873031616, -0.3027527332305908, 0.7966799139976501
193, 19, 0.43200358748435974, 0.5864599347114563, -0.2951820492744446, 0.7363963723182678
193, 20, 0.3999952971935272, 0.5896285772323608, -0.30783969163894653, 0.8092045187950134
193, 21, 0.4301685392856598, 0.5765059590339661, -0.2686483860015869, 0.6644464135169983
193, 22, 0.40199369192123413, 0.5788829326629639, -0.27897149324417114, 0.7573626041412354
193, 23, 0.4420146942138672, 0.4070897400379181, 0.004986430983990431, 0.9997898936271667
193, 24, 0.39845767617225647, 0.43318334221839905, -0.005020848475396633, 0.9999819993972778
193, 25, 0.4841090142726898, 0.46895328164100647, 0.19226960837841034, 0.6874173879623413
193, 26, 0.3996536135673523, 0.5360119342803955, 0.11243025958538055, 0.9696133732795715
193, 27, 0.47627490758895874, 0.4470086395740509, 0.42714986205101013, 0.3249224126338959
193, 28, 0.40364113450050354, 0.619637131690979, 0.25409841537475586, 0.8767039179801941
193, 29, 0.4733809530735016, 0.4380914568901062, 0.45101219415664673, 0.15291748940944672
193, 30, 0.4079135060310364, 0.622617244720459, 0.2667416036128998, 0.49057599902153015
193, 31, 0.48294076323509216, 0.47772449254989624, 0.4332144856452942, 0.4225233495235443
193, 32, 0.4041152894496918, 0.683107316493988, 0.2151000052690506, 0.8530387282371521
194, 0, 0.4108940064907074, 0.41251376271247864, -0.3199496269226074, 0.996597945690155
194, 1, 0.41283926367759705, 0.398207426071167, -0.33151111006736755, 0.9833081960678101
194, 2, 0.41626986861228943, 0.39297643303871155, -0.33150768280029297, 0.9864967465400696
194, 3, 0.41915053129196167, 0.3871174156665802, -0.3314755856990814, 0.9801530838012695
194, 4, 0.40242284536361694, 0.40934324264526367, -0.3300119638442993, 0.9891281723976135
194, 5, 0.398879736661911, 0.40653300285339355, -0.33008772134780884, 0.9909554123878479
194, 6, 0.394858181476593, 0.40643924474716187, -0.3302144408226013, 0.988673985004425
194, 7, 0.4211140275001526, 0.3557310700416565, -0.31676462292671204, 0.987320065498352
194, 8, 0.38654977083206177, 0.37519165873527527, -0.3097962737083435, 0.9926716089248657
194, 9, 0.4163392186164856, 0.39961060881614685, -0.30563533306121826, 0.9955945611000061
194, 10, 0.4055248200893402, 0.41266635060310364, -0.3036673963069916, 0.9966979026794434
194, 11, 0.4460100531578064, 0.33607494831085205, -0.24828073382377625, 0.9993042945861816
194, 12, 0.36605411767959595, 0.3758932650089264, -0.25518471002578735, 0.9998626708984375
194, 13, 0.45667320489883423, 0.4423253834247589, -0.22248335182666779, 0.8906468152999878
194, 14, 0.3705877363681793, 0.5022876858711243, -0.2494533807039261, 0.9843462109565735
194, 15, 0.4414524435997009, 0.553651750087738, -0.21407759189605713, 0.8603594899177551
194, 16, 0.3921908736228943, 0.625919759273529, -0.2493782490491867, 0.9488292336463928
194, 17, 0.4437735080718994, 0.5788933634757996, -0.23138229548931122, 0.6892668604850769
194, 18, 0.3898158371448517, 0.6569609045982361, -0.2709995210170746, 0.8462353348731995
194, 19, 0.43256616592407227, 0.5791463851928711, -0.23229441046714783, 0.7266256809234619
194, 20, 0.4032212793827057, 0.6536428928375244, -0.2769303023815155, 0.8579357862472534
194, 21, 0.42986243963241577, 0.5705251693725586, -0.21467141807079315, 0.6858638525009155
194, 22, 0.4058254659175873, 0.6401199102401733, -0.25312256813049316, 0.8504855036735535
194, 23, 0.4357108175754547, 0.41738009452819824, 0.006864404771476984, 0.9988589286804199
194, 24, 0.39636898040771484, 0.43898043036460876, -0.006934779230505228, 0.9996083378791809
194, 25, 0.4697737693786621, 0.47658616304397583, 0.14387968182563782, 0.4540584981441498
194, 26, 0.4035947322845459, 0.5358775854110718, 0.10698340833187103, 0.7318576574325562
194, 27, 0.4731143116950989, 0.5013588666915894, 0.2980019450187683, 0.3546351492404938
194, 28, 0.40866905450820923, 0.610768735408783, 0.23125381767749786, 0.5935593247413635
194, 29, 0.4706629812717438, 0.5003167986869812, 0.3130152225494385, 0.18880507349967957
194, 30, 0.4104243814945221, 0.613999605178833, 0.2421216517686844, 0.2650158405303955
194, 31, 0.4878414273262024, 0.5371495485305786, 0.2894863188266754, 0.45213907957077026
194, 32, 0.4142494797706604, 0.6659184694290161, 0.1960095763206482, 0.6273458003997803
195, 0, 0.41113272309303284, 0.4093186557292938, -0.3498864471912384, 0.9984380602836609
195, 1, 0.41395267844200134, 0.39475420117378235, -0.36039263010025024, 0.9903748631477356
195, 2, 0.4164968430995941, 0.39006343483924866, -0.360382080078125, 0.9928663969039917
195, 3, 0.4194256365299225, 0.38157159090042114, -0.3603372573852539, 0.986127495765686
195, 4, 0.4037199914455414, 0.40284058451652527, -0.35866132378578186, 0.9946509003639221
195, 5, 0.39955464005470276, 0.40373483300209045, -0.3587503135204315, 0.9960336089134216
195, 6, 0.39557135105133057, 0.4036398231983185, -0.3588859438896179, 0.9940647482872009
195, 7, 0.4216673970222473, 0.3532869219779968, -0.3384990692138672, 0.9903931021690369
195, 8, 0.3875409662723541, 0.3714161217212677, -0.3306833505630493, 0.9969313144683838
195, 9, 0.416849285364151, 0.39644160866737366, -0.3331001102924347, 0.9978378415107727
195, 10, 0.4052351415157318, 0.4072668254375458, -0.3309462070465088, 0.9987315535545349
195, 11, 0.4486295282840729, 0.3346981406211853, -0.26479169726371765, 0.9994078874588013
195, 12, 0.3662353456020355, 0.37882694602012634, -0.26768139004707336, 0.9999305009841919
195, 13, 0.4590412974357605, 0.4423152804374695, -0.24256229400634766, 0.8977230787277222
195, 14, 0.36847826838493347, 0.5103188157081604, -0.26877158880233765, 0.9906584024429321
195, 15, 0.4439733624458313, 0.5506389737129211, -0.23363909125328064, 0.8916541337966919
195, 16, 0.38407227396965027, 0.6432821750640869, -0.27130019664764404, 0.9668245911598206
195, 17, 0.44695529341697693, 0.5762807130813599, -0.2500784397125244, 0.7528740763664246
195, 18, 0.38631701469421387, 0.6710861325263977, -0.2932984232902527, 0.8871026635169983
195, 19, 0.4353080689907074, 0.5765938758850098, -0.2520037889480591, 0.7852592468261719
195, 20, 0.4008257985115051, 0.6679131984710693, -0.29898715019226074, 0.8955976963043213
195, 21, 0.4325646460056305, 0.5675668120384216, -0.23401467502117157, 0.7452455759048462
195, 22, 0.40351566672325134, 0.6531485319137573, -0.2747621536254883, 0.8916054368019104
195, 23, 0.43621259927749634, 0.4168768525123596, 0.005711962003260851, 0.9989211559295654
195, 24, 0.39449480175971985, 0.439865380525589, -0.005804032552987337, 0.9998356103897095
195, 25, 0.4700610041618347, 0.4730924069881439, 0.1181165799498558, 0.5004234910011292
195, 26, 0.39286112785339355, 0.5388837456703186, 0.027411967515945435, 0.853201150894165
195, 27, 0.4750104546546936, 0.49138137698173523, 0.2940768897533417, 0.31890183687210083
195, 28, 0.4040232300758362, 0.6160048246383667, 0.13950012624263763, 0.7773976922035217
195, 29, 0.47280606627464294, 0.49119651317596436, 0.3110937774181366, 0.15759356319904327
195, 30, 0.4070657193660736, 0.6199904680252075, 0.14916162192821503, 0.4106502830982208
195, 31, 0.48828691244125366, 0.525195837020874, 0.2863881289958954, 0.42542731761932373
195, 32, 0.40824803709983826, 0.6713597774505615, 0.0963902547955513, 0.8158040642738342
196, 0, 0.4053043723106384, 0.39476075768470764, -0.2742140591144562, 0.8859842419624329
196, 1, 0.4082375168800354, 0.38459810614585876, -0.2861027121543884, 0.8902450203895569
196, 2, 0.4103817343711853, 0.38214462995529175, -0.28612205386161804, 0.9069067239761353
196, 3, 0.4125090539455414, 0.37973812222480774, -0.2861972451210022, 0.9091435074806213
196, 4, 0.401233047246933, 0.38830122351646423, -0.2831283211708069, 0.8248153328895569
196, 5, 0.3991413116455078, 0.3884671926498413, -0.28318482637405396, 0.8103042840957642
196, 6, 0.3970440626144409, 0.3886691629886627, -0.2832397520542145, 0.7838712334632874
196, 7, 0.4169088900089264, 0.3611888587474823, -0.27791735529899597, 0.9496880769729614
196, 8, 0.3925066888332367, 0.37525495886802673, -0.26421311497688293, 0.8626810908317566
196, 9, 0.40926796197891235, 0.38833263516426086, -0.2637065351009369, 0.9231078624725342
196, 10, 0.4033542275428772, 0.39239752292633057, -0.25997424125671387, 0.8554189801216125
196, 11, 0.4353550970554352, 0.33198878169059753, -0.22040291130542755, 0.9990667700767517
196, 12, 0.37398505210876465, 0.3674224317073822, -0.21355143189430237, 0.9881808757781982
196, 13, 0.4615047574043274, 0.35778114199638367, -0.17059269547462463, 0.9354466199874878
196, 14, 0.3591691255569458, 0.4194781482219696, -0.18229319155216217, 0.8876003623008728
196, 15, 0.4688853323459625, 0.42641356587409973, -0.15456660091876984, 0.970633864402771
196, 16, 0.3571460545063019, 0.47801512479782104, -0.1834242045879364, 0.896253764629364
196, 17, 0.4764745831489563, 0.4353407025337219, -0.16403813660144806, 0.9091706275939941
196, 18, 0.34956616163253784, 0.48970845341682434, -0.19717679917812347, 0.8044872879981995
196, 19, 0.46889734268188477, 0.43854233622550964, -0.17469830811023712, 0.9268635511398315
196, 20, 0.3571353554725647, 0.48752039670944214, -0.20772390067577362, 0.8375507593154907
196, 21, 0.4642295837402344, 0.43785715103149414, -0.15762624144554138, 0.8963193297386169
196, 22, 0.36218351125717163, 0.48274725675582886, -0.1879226118326187, 0.7835450172424316
196, 23, 0.4269794821739197, 0.3832853436470032, -0.0015123483026400208, 0.9879393577575684
196, 24, 0.39412108063697815, 0.3972795605659485, 0.0015757856890559196, 0.9639818668365479
196, 25, 0.4259297251701355, 0.3810027539730072, 0.15608151257038116, 0.047791652381420135
196, 26, 0.3884021043777466, 0.3982137441635132, 0.16517911851406097, 0.03705291077494621
196, 27, 0.4208982586860657, 0.38054221868515015, 0.33284321427345276, 0.02649092860519886
196, 28, 0.3961958587169647, 0.3865356743335724, 0.3410499095916748, 0.019419385120272636
196, 29, 0.41848039627075195, 0.3770425021648407, 0.3513638377189636, 0.0304335355758667
196, 30, 0.3979632258415222, 0.3795706331729889, 0.35966581106185913, 0.012939526699483395
196, 31, 0.4244159758090973, 0.3982143700122833, 0.3340381383895874, 0.03992636129260063
196, 32, 0.4010547995567322, 0.40267375111579895, 0.3426554501056671, 0.031762853264808655
197, 0, 0.410922110080719, 0.41863468289375305, -0.350547730922699, 0.9809218049049377
197, 1, 0.41270726919174194, 0.40829604864120483, -0.3639319837093353, 0.9498540163040161
197, 2, 0.41794800758361816, 0.3986697196960449, -0.36391276121139526, 0.9546943306922913
197, 3, 0.42088741064071655, 0.3946981728076935, -0.36396297812461853, 0.9502823352813721
197, 4, 0.40442878007888794, 0.4126257598400116, -0.36255332827568054, 0.9519879221916199
197, 5, 0.4009879231452942, 0.41240280866622925, -0.362615704536438, 0.9444891810417175
197, 6, 0.3974168300628662, 0.41151174902915955, -0.3627045750617981, 0.933853805065155
197, 7, 0.42509928345680237, 0.3678774833679199, -0.3442442715167999, 0.9797677397727966
197, 8, 0.3917449712753296, 0.391753226518631, -0.3370615243911743, 0.9645547270774841
197, 9, 0.4146858751773834, 0.41095563769340515, -0.33362430334091187, 0.9830119013786316
197, 10, 0.40619373321533203, 0.41628989577293396, -0.3317752778530121, 0.9753917455673218
197, 11, 0.44770535826683044, 0.3298746943473816, -0.26490476727485657, 0.9990992546081543
197, 12, 0.36886680126190186, 0.3849969506263733, -0.27127373218536377, 0.9992623925209045
197, 13, 0.4715648591518402, 0.36912739276885986, -0.19235366582870483, 0.8929853439331055
197, 14, 0.36604824662208557, 0.4698876142501831, -0.2528552711009979, 0.9676764607429504
197, 15, 0.4801340103149414, 0.4718073010444641, -0.14482350647449493, 0.7656000256538391
197, 16, 0.37916526198387146, 0.5519933700561523, -0.24795250594615936, 0.9336780309677124
197, 17, 0.487529456615448, 0.48865535855293274, -0.14836485683918, 0.5328958034515381
197, 18, 0.3755062222480774, 0.573543906211853, -0.2625510096549988, 0.8340751528739929
197, 19, 0.4795960783958435, 0.4929423928260803, -0.15670263767242432, 0.5769134163856506
197, 20, 0.3841596841812134, 0.569446325302124, -0.27174657583236694, 0.8401213884353638
197, 21, 0.47471922636032104, 0.4890863299369812, -0.14597731828689575, 0.5484760403633118
197, 22, 0.38800668716430664, 0.5606311559677124, -0.2519892752170563, 0.8084545731544495
197, 23, 0.44000759720802307, 0.4040013253688812, 0.007614624686539173, 0.9985083937644958
197, 24, 0.40039771795272827, 0.43420952558517456, -0.007635036017745733, 0.9984349608421326
197, 25, 0.4651986062526703, 0.44965341687202454, 0.15855762362480164, 0.4544726014137268
197, 26, 0.4204581677913666, 0.5041969418525696, 0.14172247052192688, 0.47577306628227234
197, 27, 0.4700952172279358, 0.4303445518016815, 0.3557372987270355, 0.0798276886343956
197, 28, 0.43356189131736755, 0.5113916993141174, 0.32865339517593384, 0.11082243919372559
197, 29, 0.4681646227836609, 0.4253685474395752, 0.37676766514778137, 0.051898397505283356
197, 30, 0.4354073107242584, 0.5043997764587402, 0.34869036078453064, 0.03905383124947548
197, 31, 0.48368796706199646, 0.45021989941596985, 0.36306706070899963, 0.15128622949123383
197, 32, 0.44387760758399963, 0.548325777053833, 0.3256177306175232, 0.1788497418165207
198, 0, 0.4140457510948181, 0.42090243101119995, -0.3322775065898895, 0.9954828023910522
198, 1, 0.4160451292991638, 0.41184595227241516, -0.34609904885292053, 0.9774537682533264
198, 2, 0.41879740357398987, 0.4076433777809143, -0.3460817039012909, 0.984355628490448
198, 3, 0.42380601167678833, 0.4011707007884979, -0.3460835814476013, 0.9762114882469177
198, 4, 0.4076077342033386, 0.41599032282829285, -0.34386447072029114, 0.981171727180481
198, 5, 0.4041684567928314, 0.41540640592575073, -0.34394481778144836, 0.98553466796875
198, 6, 0.4006059765815735, 0.414353609085083, -0.3440467119216919, 0.9799822568893433
198, 7, 0.42767101526260376, 0.3722534477710724, -0.33435529470443726, 0.9888107776641846
198, 8, 0.39096716046333313, 0.3930560350418091, -0.3244144916534424, 0.9902530908584595
198, 9, 0.4179766774177551, 0.41388756036758423, -0.318299800157547, 0.9936675429344177
198, 10, 0.4087129533290863, 0.41919949650764465, -0.31553998589515686, 0.9948552846908569
198, 11, 0.4509626030921936, 0.3376467227935791, -0.2638484835624695, 0.9995369911193848
198, 12, 0.3684890866279602, 0.38441765308380127, -0.2670353353023529, 0.9997904896736145
198, 13, 0.4714943766593933, 0.4321998059749603, -0.23172512650489807, 0.9430564641952515
198, 14, 0.37450823187828064, 0.4937250316143036, -0.25701290369033813, 0.9851754307746887
198, 15, 0.46553701162338257, 0.5391989350318909, -0.22835902869701385, 0.945200502872467
198, 16, 0.40371984243392944, 0.59840989112854, -0.26044517755508423, 0.9751918315887451
198, 17, 0.4710332751274109, 0.5603454113006592, -0.24884137511253357, 0.8538034558296204
198, 18, 0.4031098484992981, 0.6254085898399353, -0.2846362292766571, 0.9246923923492432
198, 19, 0.459364652633667, 0.5610406398773193, -0.2511969804763794, 0.8753646612167358
198, 20, 0.414680153131485, 0.6178985834121704, -0.28748026490211487, 0.9266133308410645
198, 21, 0.4555336534976959, 0.5544723868370056, -0.22945114970207214, 0.8365427255630493
198, 22, 0.4170381426811218, 0.6068015694618225, -0.262764036655426, 0.9063419699668884
198, 23, 0.4419556260108948, 0.4105079770088196, 0.00786131713539362, 0.9991313815116882
198, 24, 0.39996713399887085, 0.4348427653312683, -0.007897377014160156, 0.9994344115257263
198, 25, 0.47171515226364136, 0.4703572988510132, 0.15798881649971008, 0.4488232135772705
198, 26, 0.40879207849502563, 0.5229339599609375, 0.13576051592826843, 0.7232985496520996
198, 27, 0.4737129807472229, 0.49425819516181946, 0.3458406925201416, 0.3265746831893921
198, 28, 0.4096914231777191, 0.5842641592025757, 0.3094390034675598, 0.5470523834228516
198, 29, 0.47139978408813477, 0.49055102467536926, 0.3646956980228424, 0.1607844978570938
198, 30, 0.41062912344932556, 0.5829458236694336, 0.32594189047813416, 0.20991331338882446
198, 31, 0.4847152829170227, 0.536175012588501, 0.33844277262687683, 0.45139747858047485
198, 32, 0.41591233015060425, 0.6403007507324219, 0.28424766659736633, 0.5748791694641113
199, 0, 0.41418296098709106, 0.42056387662887573, -0.35489755868911743, 0.9964340925216675
199, 1, 0.416853129863739, 0.41098687052726746, -0.36662933230400085, 0.9926345944404602
199, 2, 0.4195471704006195, 0.4072108268737793, -0.36662164330482483, 0.9927796721458435
199, 3, 0.4221140742301941, 0.4024761915206909, -0.36663663387298584, 0.992333173751831
199, 4, 0.4084029197692871, 0.41431477665901184, -0.36396223306655884, 0.9922521710395813
199, 5, 0.4056491255760193, 0.41339680552482605, -0.36403316259384155, 0.9907069206237793
199, 6, 0.402121365070343, 0.41226035356521606, -0.3641606867313385, 0.991198718547821
199, 7, 0.42583972215652466, 0.3711722791194916, -0.34257760643959045, 0.9965211153030396
199, 8, 0.3911093771457672, 0.3878316581249237, -0.33131662011146545, 0.9943704009056091
199, 9, 0.41842013597488403, 0.41430774331092834, -0.3364831507205963, 0.9979707598686218
199, 10, 0.4096459448337555, 0.41895171999931335, -0.3333587348461151, 0.9982097148895264
199, 11, 0.45263606309890747, 0.3396345376968384, -0.26969411969184875, 0.9998162388801575
199, 12, 0.367522656917572, 0.3772420585155487, -0.2563594877719879, 0.9997839331626892
199, 13, 0.46998509764671326, 0.44776612520217896, -0.23892036080360413, 0.9486300945281982
199, 14, 0.37240877747535706, 0.48990142345428467, -0.23895832896232605, 0.9458184838294983
199, 15, 0.46041736006736755, 0.5579643249511719, -0.24045035243034363, 0.9315680265426636
199, 16, 0.3940209150314331, 0.5898151993751526, -0.24783828854560852, 0.9050230383872986
199, 17, 0.4642464220523834, 0.5825043320655823, -0.26083409786224365, 0.8228580951690674
199, 18, 0.3930397927761078, 0.6141631603240967, -0.26816433668136597, 0.7588551640510559
199, 19, 0.4517950415611267, 0.5823254585266113, -0.26580190658569336, 0.8393512964248657
199, 20, 0.40187519788742065, 0.6087824702262878, -0.275326669216156, 0.7783865332603455
199, 21, 0.4485326409339905, 0.5733624696731567, -0.24218349158763885, 0.7836187481880188
199, 22, 0.40477293729782104, 0.5985425710678101, -0.25150448083877563, 0.745018482208252
199, 23, 0.44852161407470703, 0.4147658944129944, 0.005598512943834066, 0.9997720122337341
199, 24, 0.4046522080898285, 0.436696320772171, -0.00558513356372714, 0.9998103976249695
199, 25, 0.4733225703239441, 0.4972095787525177, 0.10393005609512329, 0.5184997916221619
199, 26, 0.4173945486545563, 0.538943886756897, 0.07589679956436157, 0.7275273203849792
199, 27, 0.4709596037864685, 0.517636775970459, 0.32308876514434814, 0.19163347780704498
199, 28, 0.412106454372406, 0.5936127305030823, 0.24488763511180878, 0.6020358800888062
199, 29, 0.4678463935852051, 0.5125705003738403, 0.3450808823108673, 0.10192834585905075
199, 30, 0.4121472239494324, 0.592266321182251, 0.26182717084884644, 0.23593604564666748
199, 31, 0.47834426164627075, 0.5608606934547424, 0.31924697756767273, 0.3305680751800537
199, 32, 0.4145132005214691, 0.6425293684005737, 0.21373744308948517, 0.6670068502426147
200, 0, 0.41446828842163086, 0.4234250783920288, -0.6662834882736206, 0.999344527721405
200, 1, 0.41764014959335327, 0.4140262305736542, -0.6721466183662415, 0.9981784820556641
200, 2, 0.42029204964637756, 0.41071611642837524, -0.6721581220626831, 0.9987917542457581
200, 3, 0.42300134897232056, 0.40652984380722046, -0.6721380352973938, 0.9975854158401489
200, 4, 0.4084571897983551, 0.41630953550338745, -0.6698950529098511, 0.9988401532173157
200, 5, 0.40522661805152893, 0.41479042172431946, -0.6699903011322021, 0.9990742206573486
200, 6, 0.40157490968704224, 0.4130319058895111, -0.6701659560203552, 0.9986752867698669
200, 7, 0.4247639775276184, 0.37434035539627075, -0.6042917966842651, 0.998340368270874
200, 8, 0.3911975026130676, 0.39580538868904114, -0.5963461399078369, 0.9995456337928772
200, 9, 0.41885310411453247, 0.41768819093704224, -0.6312441229820251, 0.9987058639526367
200, 10, 0.40873709321022034, 0.4217609763145447, -0.6287429332733154, 0.9993877410888672
200, 11, 0.459339439868927, 0.3573820888996124, -0.5009841322898865, 0.999901533126831
200, 12, 0.3695240616798401, 0.3991701006889343, -0.4870632290840149, 0.9998505115509033
200, 13, 0.47224974632263184, 0.4979511797428131, -0.5232221484184265, 0.9692751169204712
200, 14, 0.3651791214942932, 0.5504858493804932, -0.5243584513664246, 0.9866558313369751
200, 15, 0.44427499175071716, 0.6184045076370239, -0.5843315124511719, 0.9740604758262634
200, 16, 0.3836248517036438, 0.690517008304596, -0.5845329165458679, 0.9797435998916626
200, 17, 0.43990379571914673, 0.65238356590271, -0.6387869119644165, 0.9117607474327087
200, 18, 0.370878130197525, 0.7275568842887878, -0.6386900544166565, 0.9339588284492493
200, 19, 0.4265589118003845, 0.635432243347168, -0.6397566199302673, 0.9061494469642639
200, 20, 0.3872263729572296, 0.72123783826828, -0.6506912112236023, 0.9335864782333374
200, 21, 0.4265473484992981, 0.6277211904525757, -0.5891668200492859, 0.8337600231170654
200, 22, 0.3930966556072235, 0.7055907249450684, -0.5952544808387756, 0.8938007950782776
200, 23, 0.45408111810684204, 0.433033287525177, -0.0004369019588921219, 0.9998291730880737
200, 24, 0.40722981095314026, 0.4537893831729889, 0.00045472904457710683, 0.9995899796485901
200, 25, 0.4696318209171295, 0.5113567113876343, 0.2736148238182068, 0.3834662139415741
200, 26, 0.4270814061164856, 0.5325208902359009, 0.24584078788757324, 0.37402036786079407
200, 27, 0.46609511971473694, 0.5368976593017578, 0.6292378306388855, 0.3382943868637085
200, 28, 0.4510801434516907, 0.532060980796814, 0.5817244052886963, 0.24491216242313385
200, 29, 0.46235284209251404, 0.5335358381271362, 0.6617797017097473, 0.12437596917152405
200, 30, 0.4537425637245178, 0.5182950496673584, 0.6133829951286316, 0.0771498754620552
200, 31, 0.47287026047706604, 0.5843275785446167, 0.5963453054428101, 0.5698157548904419
200, 32, 0.4680844843387604, 0.5818471312522888, 0.5417272448539734, 0.43423664569854736
201, 0, 0.4139767587184906, 0.4224681556224823, -0.6190540790557861, 0.9988545179367065
201, 1, 0.41632622480392456, 0.41268184781074524, -0.6223366260528564, 0.997607946395874
201, 2, 0.4193432331085205, 0.40911129117012024, -0.6223530173301697, 0.9980344176292419
201, 3, 0.4220203757286072, 0.4047568738460541, -0.6223491430282593, 0.9967643022537231
201, 4, 0.40793490409851074, 0.41472506523132324, -0.6197181940078735, 0.9986153841018677
201, 5, 0.4040183126926422, 0.4133871793746948, -0.6198219656944275, 0.9987561702728271
201, 6, 0.39973554015159607, 0.41163283586502075, -0.6200200915336609, 0.9985495209693909
201, 7, 0.42401403188705444, 0.37531283497810364, -0.5557787418365479, 0.9972871541976929
201, 8, 0.39067962765693665, 0.39480212330818176, -0.5459268689155579, 0.9995419979095459
201, 9, 0.4185872972011566, 0.41827183961868286, -0.5858688354492188, 0.9976919889450073
201, 10, 0.4083128571510315, 0.42211711406707764, -0.5828179717063904, 0.9991438388824463
201, 11, 0.4576314389705658, 0.3637083172798157, -0.4612705111503601, 0.9998286962509155
201, 12, 0.370561420917511, 0.4176490306854248, -0.4467225670814514, 0.9998612403869629
201, 13, 0.4717702865600586, 0.5021317005157471, -0.48782068490982056, 0.96164870262146
201, 14, 0.36638200283050537, 0.5591586828231812, -0.4778863787651062, 0.9823883175849915
201, 15, 0.44440802931785583, 0.6273773312568665, -0.5432543158531189, 0.9724920988082886
201, 16, 0.38563939929008484, 0.6909776926040649, -0.5335080027580261, 0.9875708818435669
201, 17, 0.44189780950546265, 0.6517297029495239, -0.5936967134475708, 0.9061158895492554
201, 18, 0.3766254484653473, 0.7220563292503357, -0.5806626081466675, 0.9525070786476135
201, 19, 0.426382452249527, 0.6470046043395996, -0.5924566984176636, 0.9023177623748779
201, 20, 0.3889554440975189, 0.7221435308456421, -0.5914908647537231, 0.954912006855011
201, 21, 0.4267520010471344, 0.6382265090942383, -0.5467923283576965, 0.8222367167472839
201, 22, 0.3962111175060272, 0.7039655447006226, -0.5424233078956604, 0.9229412078857422
201, 23, 0.45528215169906616, 0.4473186433315277, -0.001888743950985372, 0.9998206496238708
201, 24, 0.40913477540016174, 0.46278783679008484, 0.0018736922647804022, 0.9995514750480652
201, 25, 0.464754581451416, 0.5326344966888428, 0.2292451560497284, 0.3210751712322235
201, 26, 0.4307404160499573, 0.5322442054748535, 0.21617639064788818, 0.24632306396961212
201, 27, 0.44856172800064087, 0.5856086015701294, 0.5376882553100586, 0.3784375786781311
201, 28, 0.4516325891017914, 0.5590423941612244, 0.5310776233673096, 0.2289271354675293
201, 29, 0.4453376829624176, 0.5852417945861816, 0.5653861165046692, 0.15874311327934265
201, 30, 0.455400288105011, 0.5527536869049072, 0.5603524446487427, 0.07786156982183456
201, 31, 0.4459758698940277, 0.6396123170852661, 0.4987870156764984, 0.5539226531982422
201, 32, 0.463325560092926, 0.6087024211883545, 0.48929181694984436, 0.3906562924385071
202, 0, 0.41225385665893555, 0.4229249656200409, -0.685158371925354, 0.9968515038490295
202, 1, 0.41621288657188416, 0.4140564501285553, -0.6913793087005615, 0.9937360286712646
202, 2, 0.4192196726799011, 0.4108397960662842, -0.6913755536079407, 0.9952871799468994
202, 3, 0.4220016896724701, 0.40589284896850586, -0.6913713812828064, 0.9925668239593506
202, 4, 0.40666109323501587, 0.41588079929351807, -0.68895024061203, 0.9949097037315369
202, 5, 0.4030962884426117, 0.4142579734325409, -0.689058244228363, 0.9953428506851196
202, 6, 0.39995959401130676, 0.4122611880302429, -0.6892245411872864, 0.9941282272338867
202, 7, 0.42580994963645935, 0.3744990825653076, -0.6190664172172546, 0.993698239326477
202, 8, 0.38960033655166626, 0.3906922936439514, -0.6095874905586243, 0.9973623156547546
202, 9, 0.4170803129673004, 0.41722941398620605, -0.6477072238922119, 0.9930446743965149
202, 10, 0.4057563841342926, 0.4204184114933014, -0.6449147462844849, 0.9960518479347229
202, 11, 0.4596952795982361, 0.3613396883010864, -0.5093151926994324, 0.9997761845588684
202, 12, 0.3672325909137726, 0.3939511179924011, -0.49113163352012634, 0.9994839429855347
202, 13, 0.4719981551170349, 0.511680006980896, -0.5318048596382141, 0.9774073362350464
202, 14, 0.3624536395072937, 0.5508071780204773, -0.5168024897575378, 0.9819014668464661
202, 15, 0.4418688714504242, 0.6324612498283386, -0.5888329148292542, 0.9773500561714172
202, 16, 0.3844134509563446, 0.6897677779197693, -0.5747696757316589, 0.9712511897087097
202, 17, 0.4385837912559509, 0.6605290770530701, -0.6440595388412476, 0.9201151728630066
202, 18, 0.3749608099460602, 0.7260329127311707, -0.6280657052993774, 0.9068163633346558
202, 19, 0.423794686794281, 0.6494045257568359, -0.6442572474479675, 0.9175282716751099
202, 20, 0.3874487578868866, 0.7232451438903809, -0.6405317187309265, 0.9080278277397156
202, 21, 0.42383718490600586, 0.6403757333755493, -0.5931282043457031, 0.8520119190216064
202, 22, 0.39297911524772644, 0.7086203694343567, -0.5851646065711975, 0.8655529022216797
202, 23, 0.45244622230529785, 0.4478338956832886, -0.0032955172937363386, 0.9993301630020142
202, 24, 0.4036312699317932, 0.46275511384010315, 0.003368070814758539, 0.9987585544586182
202, 25, 0.46513110399246216, 0.5390226244926453, 0.2505452334880829, 0.2831995487213135
202, 26, 0.42290300130844116, 0.5587601661682129, 0.2308674305677414, 0.27124232053756714
202, 27, 0.4550209045410156, 0.5913957357406616, 0.5878040194511414, 0.24358908832073212
202, 28, 0.43806663155555725, 0.5989286303520203, 0.5748292207717896, 0.24887698888778687
202, 29, 0.4509371817111969, 0.5896919369697571, 0.6177892088890076, 0.09389161318540573
202, 30, 0.4408649802207947, 0.5932594537734985, 0.607103168964386, 0.09165075421333313
202, 31, 0.4579845368862152, 0.6491119861602783, 0.544689953327179, 0.47372540831565857
202, 32, 0.44697946310043335, 0.6563462615013123, 0.531717836856842, 0.4690609276294708
203, 0, 0.41284018754959106, 0.42167535424232483, -0.6958773136138916, 0.9958775043487549
203, 1, 0.41695600748062134, 0.4125766456127167, -0.7002384066581726, 0.9933100938796997
203, 2, 0.41988492012023926, 0.40791749954223633, -0.7002497911453247, 0.9943071007728577
203, 3, 0.42268484830856323, 0.40362226963043213, -0.700281023979187, 0.991007387638092
203, 4, 0.407043993473053, 0.41498863697052, -0.6982161998748779, 0.9947797060012817
203, 5, 0.4037073254585266, 0.4134543240070343, -0.6983204483985901, 0.9947968125343323
203, 6, 0.4001033902168274, 0.4111115038394928, -0.6984861493110657, 0.9934543371200562
203, 7, 0.4265323281288147, 0.3721458911895752, -0.6213362812995911, 0.993536651134491
203, 8, 0.3900797963142395, 0.39056554436683655, -0.6131171584129333, 0.9975523352622986
203, 9, 0.4176202714443207, 0.4148866832256317, -0.6565526127815247, 0.9949656128883362
203, 10, 0.4061385989189148, 0.41909492015838623, -0.6541071534156799, 0.9975013136863708
203, 11, 0.46095937490463257, 0.35876601934432983, -0.5094298124313354, 0.9997618794441223
203, 12, 0.3664287030696869, 0.39194256067276, -0.49279603362083435, 0.9996234178543091
203, 13, 0.4712701737880707, 0.5089350342750549, -0.5460007786750793, 0.9688149094581604
203, 14, 0.3613334000110626, 0.5478293299674988, -0.5247752666473389, 0.9842711091041565
203, 15, 0.4421915113925934, 0.6303243041038513, -0.6075094938278198, 0.9694082140922546
203, 16, 0.3841724395751953, 0.6890986561775208, -0.5869931578636169, 0.9710015654563904
203, 17, 0.43921080231666565, 0.6551967263221741, -0.6619374752044678, 0.9047048687934875
203, 18, 0.3744359016418457, 0.7245515584945679, -0.638893723487854, 0.9118092656135559
203, 19, 0.42377009987831116, 0.647984504699707, -0.6623399257659912, 0.9005346298217773
203, 20, 0.3869953751564026, 0.7225828170776367, -0.6510694622993469, 0.9139458537101746
203, 21, 0.42360052466392517, 0.6383910179138184, -0.6117807626724243, 0.8189724683761597
203, 22, 0.39270028471946716, 0.7083491086959839, -0.5968390703201294, 0.8703881502151489
203, 23, 0.4533514976501465, 0.44376465678215027, -0.0007804383058100939, 0.9993322491645813
203, 24, 0.4024602770805359, 0.4603431820869446, 0.0008951470954343677, 0.9986672401428223
203, 25, 0.47218799591064453, 0.540436863899231, 0.16457873582839966, 0.32942044734954834
203, 26, 0.4225613474845886, 0.5586867928504944, 0.14700599014759064, 0.24612781405448914
203, 27, 0.4557608962059021, 0.5923640727996826, 0.48396921157836914, 0.15340140461921692
203, 28, 0.43843570351600647, 0.601450502872467, 0.4725753664970398, 0.1629515141248703
203, 29, 0.4496679902076721, 0.589463472366333, 0.5120872259140015, 0.07102595269680023
203, 30, 0.4411827027797699, 0.5993393063545227, 0.5028175711631775, 0.05632166936993599
203, 31, 0.458254873752594, 0.6516327857971191, 0.4355829358100891, 0.36726710200309753
203, 32, 0.4467582106590271, 0.6503229141235352, 0.4243153929710388, 0.36272501945495605
204, 0, 0.41155117750167847, 0.425051212310791, -0.5969803929328918, 0.9982859492301941
204, 1, 0.4161031246185303, 0.4175482988357544, -0.6001519560813904, 0.9979780316352844
204, 2, 0.41986140608787537, 0.4144875109195709, -0.6001778841018677, 0.9981696605682373
204, 3, 0.42295175790786743, 0.41084301471710205, -0.6002259850502014, 0.9967709183692932
204, 4, 0.4054937958717346, 0.4187408983707428, -0.5972275733947754, 0.998015284538269
204, 5, 0.40243738889694214, 0.41704612970352173, -0.5973342657089233, 0.9978739023208618
204, 6, 0.39914241433143616, 0.41510623693466187, -0.5974953174591064, 0.9971092343330383
204, 7, 0.42691269516944885, 0.3803656995296478, -0.527953565120697, 0.9974128603935242
204, 8, 0.3914104700088501, 0.39515236020088196, -0.5157175660133362, 0.9985998272895813
204, 9, 0.41713660955429077, 0.4192221462726593, -0.5611959099769592, 0.9993358254432678
204, 10, 0.40627020597457886, 0.42222875356674194, -0.5575199127197266, 0.9995489716529846
204, 11, 0.46106433868408203, 0.37113451957702637, -0.42555031180381775, 0.9998212456703186
204, 12, 0.3713289499282837, 0.4026153087615967, -0.41174155473709106, 0.9997629523277283
204, 13, 0.4693169593811035, 0.5145148038864136, -0.4667312502861023, 0.9705175161361694
204, 14, 0.36453700065612793, 0.5542811751365662, -0.4467279314994812, 0.9802771210670471
204, 15, 0.44578656554222107, 0.6273889541625977, -0.5266167521476746, 0.9858463406562805
204, 16, 0.3838948905467987, 0.6898143887519836, -0.5087676048278809, 0.9768994450569153
204, 17, 0.4464443325996399, 0.649686336517334, -0.5718203783035278, 0.9627621173858643
204, 18, 0.37587231397628784, 0.723267138004303, -0.5518088340759277, 0.9338832497596741
204, 19, 0.43154627084732056, 0.6440507173538208, -0.5768654942512512, 0.9623397588729858
204, 20, 0.388100266456604, 0.7225825190544128, -0.5649612545967102, 0.940081000328064
204, 21, 0.43038755655288696, 0.6348395347595215, -0.5311700105667114, 0.9274064898490906
204, 22, 0.3930128514766693, 0.7092345952987671, -0.5176370739936829, 0.9136056303977966
204, 23, 0.45568007230758667, 0.4438202381134033, 0.0035935579799115658, 0.9997733235359192
204, 24, 0.405169814825058, 0.45966637134552, -0.003491288749501109, 0.9995513558387756
204, 25, 0.47533148527145386, 0.5141786336898804, -0.11269743740558624, 0.5309782028198242
204, 26, 0.41277533769607544, 0.5463582873344421, -0.15951861441135406, 0.5375387072563171
204, 27, 0.45124927163124084, 0.5969418883323669, 0.10164139419794083, 0.2629486322402954
204, 28, 0.43701210618019104, 0.6024174690246582, 0.06905017048120499, 0.21004869043827057
204, 29, 0.4452405869960785, 0.602137565612793, 0.11984443664550781, 0.16235239803791046
204, 30, 0.4421568810939789, 0.6068106889724731, 0.09024664014577866, 0.10965011268854141
204, 31, 0.4481477737426758, 0.6433875560760498, 0.039563048630952835, 0.5093892812728882
204, 32, 0.43950262665748596, 0.6337395906448364, 0.012006370350718498, 0.4213235676288605
205, 0, 0.4130042493343353, 0.42020881175994873, -0.39421355724334717, 0.9973587393760681
205, 1, 0.41653674840927124, 0.4091399013996124, -0.40490251779556274, 0.996322512626648
205, 2, 0.4196945130825043, 0.40540918707847595, -0.4048868715763092, 0.9963451027870178
205, 3, 0.42242783308029175, 0.39974942803382874, -0.40493911504745483, 0.9965272545814514
205, 4, 0.4071570038795471, 0.4124407172203064, -0.4027048945426941, 0.9959437251091003
205, 5, 0.4038105010986328, 0.41143620014190674, -0.4027556777000427, 0.994416356086731
205, 6, 0.4008621275424957, 0.4085223376750946, -0.40283650159835815, 0.994413435459137
205, 7, 0.4256442189216614, 0.3729008436203003, -0.3754051625728607, 0.9984005093574524
205, 8, 0.3921158015727997, 0.39609435200691223, -0.3667380213737488, 0.9959115982055664
205, 9, 0.4176088273525238, 0.41492217779159546, -0.3739834427833557, 0.9979645013809204
205, 10, 0.4084743559360504, 0.4190981090068817, -0.3716016709804535, 0.998394787311554
205, 11, 0.453425794839859, 0.36393094062805176, -0.3024328947067261, 0.9997424483299255
205, 12, 0.3702046871185303, 0.3863391578197479, -0.284084677696228, 0.9997772574424744
205, 13, 0.4712197184562683, 0.4691998362541199, -0.275515079498291, 0.9460270404815674
205, 14, 0.3733447194099426, 0.48390305042266846, -0.2557651102542877, 0.918411910533905
205, 15, 0.45927000045776367, 0.5744613409042358, -0.2794484794139862, 0.9006111025810242
205, 16, 0.38844960927963257, 0.5703327059745789, -0.27263346314430237, 0.8367481827735901
205, 17, 0.46240487694740295, 0.5987005829811096, -0.3057205379009247, 0.6940543055534363
205, 18, 0.38607949018478394, 0.5908635854721069, -0.29504868388175964, 0.6725844740867615
205, 19, 0.4483765959739685, 0.5964531898498535, -0.3104807138442993, 0.6940336227416992
205, 20, 0.394265741109848, 0.5855964422225952, -0.30549731850624084, 0.6990653276443481
205, 21, 0.44578853249549866, 0.5868117809295654, -0.2817740738391876, 0.6432550549507141
205, 22, 0.3975202441215515, 0.5770817995071411, -0.27776196599006653, 0.6264010667800903
205, 23, 0.44552868604660034, 0.4223198890686035, 0.004867421928793192, 0.999207079410553
205, 24, 0.40308743715286255, 0.43995678424835205, -0.0048849089071154594, 0.9998152852058411
205, 25, 0.47163811326026917, 0.48960477113723755, 0.17060796916484833, 0.23570425808429718
205, 26, 0.41089320182800293, 0.528896152973175, 0.12354644387960434, 0.7355079054832458
205, 27, 0.47247347235679626, 0.48524293303489685, 0.3963039517402649, 0.05576052889227867
205, 28, 0.4179207682609558, 0.5916345119476318, 0.2684648334980011, 0.36961713433265686
205, 29, 0.4706820547580719, 0.4796595573425293, 0.419381320476532, 0.03562500700354576
205, 30, 0.419994056224823, 0.5959388017654419, 0.2826075851917267, 0.1369129866361618
205, 31, 0.4806949198246002, 0.5162272453308105, 0.39825156331062317, 0.13764846324920654
205, 32, 0.42390576004981995, 0.6364154815673828, 0.23641879856586456, 0.4668033719062805
206, 0, 0.40963107347488403, 0.4162222146987915, -0.3409591615200043, 0.9955269694328308
206, 1, 0.41425076127052307, 0.4072292447090149, -0.35317230224609375, 0.9939279556274414
206, 2, 0.4167618155479431, 0.4052029848098755, -0.3531643748283386, 0.9942498207092285
206, 3, 0.4200116991996765, 0.399246484041214, -0.3532249927520752, 0.9953057169914246
206, 4, 0.4051620364189148, 0.40870577096939087, -0.34940770268440247, 0.9919633865356445
206, 5, 0.40154749155044556, 0.405226469039917, -0.34944555163383484, 0.9877285957336426
206, 6, 0.3980054259300232, 0.415347158908844, -0.34951913356781006, 0.9886159300804138
206, 7, 0.4255005717277527, 0.38579612970352173, -0.3372747004032135, 0.9979896545410156
206, 8, 0.3924948573112488, 0.3969672620296478, -0.32146647572517395, 0.9907674193382263
206, 9, 0.41524726152420044, 0.41275787353515625, -0.326355904340744, 0.9968211650848389
206, 10, 0.40671902894973755, 0.41485264897346497, -0.32191604375839233, 0.9972742199897766
206, 11, 0.4523335099220276, 0.3726259469985962, -0.2809561789035797, 0.999669075012207
206, 12, 0.3731576204299927, 0.3858376443386078, -0.2500684857368469, 0.9996815919876099
206, 13, 0.4687146544456482, 0.47880953550338745, -0.26386675238609314, 0.9736377596855164
206, 14, 0.37189024686813354, 0.47024694085121155, -0.22892598807811737, 0.887942373752594
206, 15, 0.45748934149742126, 0.5799302458763123, -0.27065256237983704, 0.962235689163208
206, 16, 0.38011619448661804, 0.5361812710762024, -0.2557331323623657, 0.8542348146438599
206, 17, 0.4609522223472595, 0.6045005321502686, -0.2962755858898163, 0.8659372925758362
206, 18, 0.3767862617969513, 0.5520500540733337, -0.2760399580001831, 0.7264564633369446
206, 19, 0.44659003615379333, 0.6013809442520142, -0.30110642313957214, 0.8616577386856079
206, 20, 0.3824305832386017, 0.5462387204170227, -0.2860882580280304, 0.7511062026023865
206, 21, 0.4439964294433594, 0.5913993120193481, -0.27285608649253845, 0.8183243870735168
206, 22, 0.38621464371681213, 0.5401409864425659, -0.2608901560306549, 0.6997095942497253
206, 23, 0.4471663534641266, 0.4257239103317261, 0.0017811618745326996, 0.9993771910667419
206, 24, 0.4077058434486389, 0.4405767321586609, -0.0017570953350514174, 0.9998654127120972
206, 25, 0.47042736411094666, 0.49246588349342346, 0.15034356713294983, 0.5702739357948303
206, 26, 0.4183596074581146, 0.5271217226982117, 0.11328165233135223, 0.9101606011390686
206, 27, 0.47817760705947876, 0.4751115143299103, 0.3504035174846649, 0.12009774893522263
206, 28, 0.4259028434753418, 0.5825353264808655, 0.2406652867794037, 0.4749070405960083
206, 29, 0.4782715439796448, 0.46714460849761963, 0.37094056606292725, 0.0657595619559288
206, 30, 0.4282264709472656, 0.5856671333312988, 0.25375139713287354, 0.17768213152885437
206, 31, 0.48454007506370544, 0.5025416612625122, 0.35837283730506897, 0.21201308071613312
206, 32, 0.4305194914340973, 0.6248419284820557, 0.21906109154224396, 0.5089420676231384
207, 0, 0.40860238671302795, 0.4196421802043915, -0.309053510427475, 0.9957330822944641
207, 1, 0.41209086775779724, 0.40705493092536926, -0.3195173740386963, 0.9934567809104919
207, 2, 0.41468992829322815, 0.4044496715068817, -0.31949228048324585, 0.9930840730667114
207, 3, 0.4172944128513336, 0.4019031226634979, -0.31956225633621216, 0.9937460422515869
207, 4, 0.3997867703437805, 0.40656930208206177, -0.31763845682144165, 0.9896854162216187
207, 5, 0.40128928422927856, 0.4106876850128174, -0.31766048073768616, 0.9851943850517273
207, 6, 0.3985961675643921, 0.4106783866882324, -0.31769973039627075, 0.9840734601020813
207, 7, 0.42144259810447693, 0.3810083270072937, -0.2963390648365021, 0.9972061514854431
207, 8, 0.3927561342716217, 0.39483460783958435, -0.28710082173347473, 0.9923116564750671
207, 9, 0.41176658868789673, 0.4095640480518341, -0.2924306094646454, 0.9955326318740845
207, 10, 0.40531760454177856, 0.4165134131908417, -0.2899319529533386, 0.9895977973937988
207, 11, 0.44011086225509644, 0.3532060980796814, -0.21972939372062683, 0.9996557235717773
207, 12, 0.3764737844467163, 0.3766241669654846, -0.22107890248298645, 0.9968859553337097
207, 13, 0.47334545850753784, 0.35902464389801025, -0.17641422152519226, 0.9915499687194824
207, 14, 0.3561243712902069, 0.42190006375312805, -0.19922663271427155, 0.9897420406341553
207, 15, 0.47808152437210083, 0.43055260181427, -0.16812649369239807, 0.9754083156585693
207, 16, 0.3525635302066803, 0.4884883463382721, -0.20674927532672882, 0.9824227094650269
207, 17, 0.48462533950805664, 0.44224992394447327, -0.1759743094444275, 0.8844740986824036
207, 18, 0.34642234444618225, 0.504199743270874, -0.21758301556110382, 0.9316053986549377
207, 19, 0.4762011170387268, 0.44439035654067993, -0.1827826052904129, 0.9044478535652161
207, 20, 0.3527165949344635, 0.5034381151199341, -0.22872450947761536, 0.9420051574707031
207, 21, 0.4724721908569336, 0.4430086314678192, -0.16965441405773163, 0.8889978528022766
207, 22, 0.3580295443534851, 0.499112069606781, -0.21112152934074402, 0.9312107563018799
207, 23, 0.43477368354797363, 0.41276413202285767, 9.341460827272385e-05, 0.9950600266456604
207, 24, 0.4015735983848572, 0.42562365531921387, -6.41529550193809e-05, 0.9836070537567139
207, 25, 0.44230228662490845, 0.4740299582481384, 0.14142853021621704, 0.6683200597763062
207, 26, 0.4086786210536957, 0.4908556342124939, 0.14014950394630432, 0.52882981300354
207, 27, 0.4426450729370117, 0.5197864770889282, 0.2922639548778534, 0.3715570569038391
207, 28, 0.421171098947525, 0.5369625091552734, 0.2919580638408661, 0.2812332808971405
207, 29, 0.4423007369041443, 0.5231716632843018, 0.30675530433654785, 0.1893080174922943
207, 30, 0.424966037273407, 0.5385370254516602, 0.3066650629043579, 0.1393035501241684
207, 31, 0.444701611995697, 0.5525894165039062, 0.27510881423950195, 0.5174733996391296
207, 32, 0.42463669180870056, 0.5728137493133545, 0.27135777473449707, 0.4454486072063446
208, 0, 0.40207424759864807, 0.3876585364341736, -0.2161165177822113, 0.9964298605918884
208, 1, 0.4031127095222473, 0.37854495644569397, -0.22719287872314453, 0.9971277117729187
208, 2, 0.4043538570404053, 0.37732112407684326, -0.2272108793258667, 0.997058629989624
208, 3, 0.405586302280426, 0.3761499524116516, -0.22731558978557587, 0.9981560111045837
208, 4, 0.3991866707801819, 0.37862640619277954, -0.22363540530204773, 0.9925230145454407
208, 5, 0.39807984232902527, 0.37762460112571716, -0.22365684807300568, 0.9833261370658875
208, 6, 0.3969497084617615, 0.37666046619415283, -0.2237052023410797, 0.9852926135063171
208, 7, 0.4091576635837555, 0.3624236285686493, -0.22900323569774628, 0.9991037249565125
208, 8, 0.3952006697654724, 0.3639634847640991, -0.21288910508155823, 0.9940394163131714
208, 9, 0.40551528334617615, 0.38405901193618774, -0.21060559153556824, 0.9983025789260864
208, 10, 0.4021957516670227, 0.38451334834098816, -0.206086203455925, 0.9967969059944153
208, 11, 0.42607244849205017, 0.35426342487335205, -0.19429518282413483, 0.9999080896377563
208, 12, 0.3861556649208069, 0.36007627844810486, -0.16666218638420105, 0.9926856756210327
208, 13, 0.4558255672454834, 0.4125218987464905, -0.19096124172210693, 0.9939017295837402
208, 14, 0.3731323182582855, 0.4237881600856781, -0.1471654325723648, 0.8699318170547485
208, 15, 0.466621458530426, 0.4905241131782532, -0.21233396232128143, 0.9960867166519165
208, 16, 0.3536788821220398, 0.4891872704029083, -0.15929432213306427, 0.9594902396202087
208, 17, 0.4740574359893799, 0.5035482048988342, -0.23172995448112488, 0.9792224764823914
208, 18, 0.34945785999298096, 0.5029333829879761, -0.17298538982868195, 0.8698832988739014
208, 19, 0.4658316969871521, 0.5058936476707458, -0.2420845925807953, 0.9842245578765869
208, 20, 0.352675199508667, 0.5066429376602173, -0.1864752322435379, 0.9079492688179016
208, 21, 0.4627465605735779, 0.5036287307739258, -0.21721787750720978, 0.9753504395484924
208, 22, 0.3565007448196411, 0.5039172172546387, -0.16608594357967377, 0.8959383368492126
208, 23, 0.4250250458717346, 0.41659629344940186, -0.008639036677777767, 0.9977127313613892
208, 24, 0.40779823064804077, 0.4171484112739563, 0.008683698251843452, 0.9934173822402954
208, 25, 0.4255480170249939, 0.4260144531726837, 0.11864056438207626, 0.18967027962207794
208, 26, 0.4118953347206116, 0.43246591091156006, 0.13906806707382202, 0.11953422427177429
208, 27, 0.4334055781364441, 0.44491684436798096, 0.26507148146629333, 0.12029408663511276
208, 28, 0.4249955117702484, 0.4455263912677765, 0.27972543239593506, 0.06841994822025299
208, 29, 0.4366876482963562, 0.44492650032043457, 0.28011375665664673, 0.11048129945993423
208, 30, 0.42916339635849, 0.4444746971130371, 0.2946007251739502, 0.03916343301534653
208, 31, 0.4312326908111572, 0.46260330080986023, 0.26851165294647217, 0.13641959428787231
208, 32, 0.42305174469947815, 0.4643993079662323, 0.2802119553089142, 0.08625612407922745
209, 0, 0.4028751254081726, 0.3891713321208954, -0.2669605016708374, 0.9865109920501709
209, 1, 0.40500015020370483, 0.3792400062084198, -0.2764798104763031, 0.9874815344810486
209, 2, 0.4067234992980957, 0.3777106702327728, -0.276508629322052, 0.9874575734138489
209, 3, 0.40844327211380005, 0.3762408494949341, -0.2766185700893402, 0.9922785758972168
209, 4, 0.3996898829936981, 0.3805325925350189, -0.2731880843639374, 0.970684826374054
209, 5, 0.3980935513973236, 0.3800289034843445, -0.2732103765010834, 0.940497875213623
209, 6, 0.39648428559303284, 0.37956729531288147, -0.2732507288455963, 0.9456668496131897
209, 7, 0.412505567073822, 0.36222368478775024, -0.2658906877040863, 0.9952612519264221
209, 8, 0.39372146129608154, 0.3678770363330841, -0.2503798305988312, 0.9697069525718689
209, 9, 0.40652742981910706, 0.38601621985435486, -0.2565034031867981, 0.9916085600852966
209, 10, 0.4018304944038391, 0.38766801357269287, -0.2521316111087799, 0.9807466864585876
209, 11, 0.4304440915584564, 0.3510919213294983, -0.21964681148529053, 0.9997950196266174
209, 12, 0.38054296374320984, 0.3678808808326721, -0.19433896243572235, 0.9866597652435303
209, 13, 0.46176427602767944, 0.3955904543399811, -0.2197849005460739, 0.990964412689209
209, 14, 0.3672601580619812, 0.42855149507522583, -0.1738855093717575, 0.8985201120376587
209, 15, 0.47186049818992615, 0.4643537402153015, -0.24764105677604675, 0.9914056062698364
209, 16, 0.35541704297065735, 0.49699243903160095, -0.18789973855018616, 0.948168933391571
209, 17, 0.4792603850364685, 0.47577446699142456, -0.2683030068874359, 0.9614518880844116
209, 18, 0.3460967242717743, 0.5118941068649292, -0.2030615508556366, 0.8590705990791321
209, 19, 0.4701969027519226, 0.4780929684638977, -0.2798108756542206, 0.9705586433410645
209, 20, 0.35129016637802124, 0.5110740661621094, -0.21684303879737854, 0.8931906223297119
209, 21, 0.46700984239578247, 0.4769698679447174, -0.25287237763404846, 0.9571460485458374
209, 22, 0.3557811975479126, 0.5060336589813232, -0.1946098506450653, 0.8829124569892883
209, 23, 0.4284777045249939, 0.4156739413738251, -0.008998648263514042, 0.9926149845123291
209, 24, 0.40383297204971313, 0.42165231704711914, 0.009041177108883858, 0.9796979427337646
209, 25, 0.42830342054367065, 0.42975547909736633, 0.12923376262187958, 0.20228880643844604
209, 26, 0.40760865807533264, 0.43870365619659424, 0.15061891078948975, 0.07866992056369781
209, 27, 0.43225401639938354, 0.44450998306274414, 0.2921324074268341, 0.08814191818237305
209, 28, 0.4198114275932312, 0.44765040278434753, 0.31079715490341187, 0.038942575454711914
209, 29, 0.43405646085739136, 0.44447293877601624, 0.30851370096206665, 0.07776500284671783
209, 30, 0.4235536456108093, 0.445483535528183, 0.32738983631134033, 0.022479228675365448
209, 31, 0.4288899898529053, 0.4629000425338745, 0.2895776331424713, 0.12659651041030884
209, 32, 0.4188781678676605, 0.46653875708580017, 0.3085545003414154, 0.07346387952566147
210, 0, 0.4115176796913147, 0.4133748412132263, -0.32194799184799194, 0.9564422965049744
210, 1, 0.4151858389377594, 0.401610791683197, -0.3331221640110016, 0.9505810737609863
210, 2, 0.4178847670555115, 0.3996028006076813, -0.333151251077652, 0.9462115168571472
210, 3, 0.42057889699935913, 0.39768141508102417, -0.33327800035476685, 0.96574467420578
210, 4, 0.4067426323890686, 0.40323349833488464, -0.3314617872238159, 0.9058001637458801
210, 5, 0.40389132499694824, 0.4025878608226776, -0.3314848244190216, 0.84685879945755
210, 6, 0.40104538202285767, 0.4019562602043152, -0.33155375719070435, 0.8908482789993286
210, 7, 0.4248603880405426, 0.37678951025009155, -0.3149772584438324, 0.9832479953765869
210, 8, 0.3948270380496979, 0.3841918408870697, -0.3070167601108551, 0.934598445892334
210, 9, 0.41420865058898926, 0.4049953818321228, -0.30653831362724304, 0.9740148186683655
210, 10, 0.40784984827041626, 0.4084826707839966, -0.30439549684524536, 0.9702374339103699
210, 11, 0.44651859998703003, 0.3557429909706116, -0.2588675022125244, 0.9995757937431335
210, 12, 0.3725544810295105, 0.36758652329444885, -0.2434043437242508, 0.9983178377151489
210, 13, 0.469142347574234, 0.43591588735580444, -0.2484578788280487, 0.9660937190055847
210, 14, 0.35432958602905273, 0.43023693561553955, -0.21820226311683655, 0.918311357498169
210, 15, 0.4688034951686859, 0.5291207432746887, -0.27033892273902893, 0.9232643246650696
210, 16, 0.35314539074897766, 0.4968239665031433, -0.2353592813014984, 0.9394373297691345
210, 17, 0.4749155044555664, 0.5495812296867371, -0.2954752743244171, 0.7430254220962524
210, 18, 0.3446539044380188, 0.5180258750915527, -0.25643250346183777, 0.874830424785614
210, 19, 0.4638053774833679, 0.55058753490448, -0.30493682622909546, 0.7509234547615051
210, 20, 0.3533124029636383, 0.5098761320114136, -0.2698752284049988, 0.8967270255088806
210, 21, 0.45986562967300415, 0.544141411781311, -0.27577683329582214, 0.7053941488265991
210, 22, 0.357359379529953, 0.5061101913452148, -0.24236810207366943, 0.8637437224388123
210, 23, 0.44041991233825684, 0.41499900817871094, -0.0029117523226886988, 0.999407172203064
210, 24, 0.4036884307861328, 0.42434069514274597, 0.0029724487103521824, 0.9991426467895508
210, 25, 0.4553820490837097, 0.46379411220550537, 0.1391897052526474, 0.27396446466445923
210, 26, 0.4152759611606598, 0.4731375277042389, 0.15788938105106354, 0.24710820615291595
210, 27, 0.45925411581993103, 0.45551249384880066, 0.3284112215042114, 0.07790826261043549
210, 28, 0.42986607551574707, 0.48444032669067383, 0.3310677707195282, 0.08173646032810211
210, 29, 0.4581555426120758, 0.44942256808280945, 0.34776371717453003, 0.0794542208313942
210, 30, 0.4332752823829651, 0.4808545708656311, 0.3493672013282776, 0.04440642520785332
210, 31, 0.46658700704574585, 0.47913825511932373, 0.32689622044563293, 0.1495380848646164
210, 32, 0.4328273832798004, 0.5141323804855347, 0.3232550621032715, 0.15465669333934784
211, 0, 0.4119683802127838, 0.41241422295570374, -0.32365843653678894, 0.9650305509567261
211, 1, 0.417356014251709, 0.40268072485923767, -0.33485326170921326, 0.9444955587387085
211, 2, 0.4201766550540924, 0.40040284395217896, -0.3348728120326996, 0.9512732625007629
211, 3, 0.4229919910430908, 0.39820998907089233, -0.33498716354370117, 0.9597107172012329
211, 4, 0.4059460163116455, 0.404662549495697, -0.3340539336204529, 0.9110023379325867
211, 5, 0.4052581191062927, 0.4046862721443176, -0.33407503366470337, 0.875948429107666
211, 6, 0.40218600630760193, 0.40427446365356445, -0.33413591980934143, 0.8893133401870728
211, 7, 0.42690667510032654, 0.37652587890625, -0.3140925467014313, 0.9844670295715332
211, 8, 0.3951534330844879, 0.3863009512424469, -0.30999112129211426, 0.9465494751930237
211, 9, 0.41653332114219666, 0.4051317870616913, -0.3069969415664673, 0.9736939668655396
211, 10, 0.40730905532836914, 0.4080688953399658, -0.3059888184070587, 0.9741110801696777
211, 11, 0.44807130098342896, 0.3547325134277344, -0.25436776876449585, 0.9996484518051147
211, 12, 0.37552234530448914, 0.37276631593704224, -0.24311260879039764, 0.9991656541824341
211, 13, 0.47046560049057007, 0.43482276797294617, -0.23588760197162628, 0.9641918540000916
211, 14, 0.35427960753440857, 0.4313723146915436, -0.21532905101776123, 0.9502721428871155
211, 15, 0.47001510858535767, 0.5303729176521301, -0.25044119358062744, 0.9172662496566772
211, 16, 0.35409578680992126, 0.49948471784591675, -0.23112626373767853, 0.9565156698226929
211, 17, 0.47627371549606323, 0.551243007183075, -0.2730165421962738, 0.7208142280578613
211, 18, 0.34741413593292236, 0.5209181308746338, -0.2512035071849823, 0.8991527557373047
211, 19, 0.46510177850723267, 0.5528759956359863, -0.28179800510406494, 0.7294597625732422
211, 20, 0.35323217511177063, 0.5195874571800232, -0.2634791135787964, 0.9148834943771362
211, 21, 0.4609726071357727, 0.5460646748542786, -0.25503775477409363, 0.6856650114059448
211, 22, 0.35843437910079956, 0.5078259110450745, -0.23740193247795105, 0.8875839114189148
211, 23, 0.44111329317092896, 0.4151547849178314, 0.001362181268632412, 0.9993289709091187
211, 24, 0.40352827310562134, 0.4267144203186035, -0.0013259408297017217, 0.9991959929466248
211, 25, 0.46180301904678345, 0.46454501152038574, 0.14777791500091553, 0.40560558438301086
211, 26, 0.4160783290863037, 0.4789299964904785, 0.1566888839006424, 0.4065555930137634
211, 27, 0.4701915681362152, 0.4565490186214447, 0.32930517196655273, 0.18677328526973724
211, 28, 0.4320296347141266, 0.49705031514167786, 0.32422882318496704, 0.14666885137557983
211, 29, 0.469799280166626, 0.4509732127189636, 0.34773507714271545, 0.17520053684711456
211, 30, 0.4354127049446106, 0.4946315884590149, 0.3418984115123749, 0.08060276508331299
211, 31, 0.4794018864631653, 0.47973519563674927, 0.3238811790943146, 0.3285125494003296
211, 32, 0.4357585310935974, 0.5292955636978149, 0.31340956687927246, 0.2687462270259857
212, 0, 0.4163312315940857, 0.4252487123012543, -0.5004253387451172, 0.9993557333946228
212, 1, 0.41918522119522095, 0.41543930768966675, -0.5082627534866333, 0.9968760013580322
212, 2, 0.42230910062789917, 0.411848247051239, -0.5082921385765076, 0.9977375268936157
212, 3, 0.4249454438686371, 0.4079287648200989, -0.5082998871803284, 0.9962978959083557
212, 4, 0.41019272804260254, 0.4175390601158142, -0.507033109664917, 0.9982478618621826
212, 5, 0.4067934453487396, 0.4160977303981781, -0.5071092247962952, 0.998375654220581
212, 6, 0.4032438397407532, 0.4143016040325165, -0.5072519183158875, 0.9977790713310242
212, 7, 0.4310165345668793, 0.3886575400829315, -0.4638981223106384, 0.9981562495231628
212, 8, 0.39375701546669006, 0.40202248096466064, -0.4595528542995453, 0.9992733597755432
212, 9, 0.420571893453598, 0.41965755820274353, -0.4747212827205658, 0.9990994930267334
212, 10, 0.41196709871292114, 0.4222602844238281, -0.4733940064907074, 0.9995830655097961
212, 11, 0.4580950140953064, 0.37266743183135986, -0.38397401571273804, 0.9998600482940674
212, 12, 0.36950749158859253, 0.3977162539958954, -0.37516844272613525, 0.999852180480957
212, 13, 0.469877153635025, 0.4879112243652344, -0.39124900102615356, 0.9534429907798767
212, 14, 0.3752795457839966, 0.5276974439620972, -0.3897712826728821, 0.9719642996788025
212, 15, 0.45148593187332153, 0.615476667881012, -0.44027844071388245, 0.945167064666748
212, 16, 0.38807421922683716, 0.6674526929855347, -0.4254522919654846, 0.9773530960083008
212, 17, 0.454827219247818, 0.6396662592887878, -0.48358064889907837, 0.8475257158279419
212, 18, 0.3811522126197815, 0.6962910890579224, -0.46602410078048706, 0.9342154264450073
212, 19, 0.43875637650489807, 0.6382005214691162, -0.4881961941719055, 0.8347978591918945
212, 20, 0.3941883444786072, 0.6927543878555298, -0.4767970144748688, 0.9299968481063843
212, 21, 0.4368050992488861, 0.6295304894447327, -0.4452911913394928, 0.747158944606781
212, 22, 0.3994686007499695, 0.6815761923789978, -0.43322092294692993, 0.8877968788146973
212, 23, 0.4474128782749176, 0.4338373839855194, 0.0025565384421497583, 0.9995238780975342
212, 24, 0.40013211965560913, 0.44722193479537964, -0.002571444259956479, 0.999516487121582
212, 25, 0.47033119201660156, 0.4991455376148224, 0.20803913474082947, 0.3097381889820099
212, 26, 0.40304309129714966, 0.5265142917633057, 0.20409318804740906, 0.5794626474380493
212, 27, 0.4684956669807434, 0.4982913136482239, 0.4811168313026428, 0.13323825597763062
212, 28, 0.4065428674221039, 0.57077956199646, 0.4525051712989807, 0.2857453525066376
212, 29, 0.4646373391151428, 0.4919562339782715, 0.5076190829277039, 0.04785269871354103
212, 30, 0.4086618423461914, 0.5690082907676697, 0.47691506147384644, 0.08362186700105667
212, 31, 0.4752237796783447, 0.5396367311477661, 0.4706628918647766, 0.21691849827766418
212, 32, 0.40613943338394165, 0.6239483952522278, 0.4302731156349182, 0.40726324915885925
213, 0, 0.4170946180820465, 0.4233419597148895, -0.3686557412147522, 0.991489052772522
213, 1, 0.4203275740146637, 0.4132205545902252, -0.3794742822647095, 0.9913806319236755
213, 2, 0.42342787981033325, 0.4093266427516937, -0.3795025944709778, 0.9926832318305969
213, 3, 0.42622414231300354, 0.4050448536872864, -0.3795813024044037, 0.9940668344497681
213, 4, 0.4112808108329773, 0.41563066840171814, -0.378548800945282, 0.9861046671867371
213, 5, 0.4076433777809143, 0.4140370786190033, -0.3785991668701172, 0.9788256287574768
213, 6, 0.40501266717910767, 0.4123455882072449, -0.37867501378059387, 0.9774025082588196
213, 7, 0.4334624707698822, 0.38509538769721985, -0.35003766417503357, 0.998323380947113
213, 8, 0.3946628272533417, 0.39454028010368347, -0.34712743759155273, 0.9888224601745605
213, 9, 0.4214649796485901, 0.4151938557624817, -0.3482934832572937, 0.9958782196044922
213, 10, 0.4122905731201172, 0.41825252771377563, -0.3476412296295166, 0.9949192404747009
213, 11, 0.45943108201026917, 0.36733946204185486, -0.28374871611595154, 0.9998680353164673
213, 12, 0.3717272877693176, 0.3737025856971741, -0.2643641233444214, 0.9989664554595947
213, 13, 0.47273439168930054, 0.4710903465747833, -0.2672501802444458, 0.9705466032028198
213, 14, 0.3583681285381317, 0.43631938099861145, -0.24087651073932648, 0.7510731220245361
213, 15, 0.45385879278182983, 0.5823808312416077, -0.29297181963920593, 0.957809329032898
213, 16, 0.372450053691864, 0.5204983353614807, -0.2757318317890167, 0.7075225114822388
213, 17, 0.4568566679954529, 0.6093350052833557, -0.32270005345344543, 0.8538745045661926
213, 18, 0.3675393760204315, 0.5341125130653381, -0.30005520582199097, 0.5881894826889038
213, 19, 0.4418429732322693, 0.6053462028503418, -0.3273620903491974, 0.856691300868988
213, 20, 0.3737635314464569, 0.5295278429985046, -0.3096965253353119, 0.6248499155044556
213, 21, 0.438750684261322, 0.5942949056625366, -0.29596689343452454, 0.8010668754577637
213, 22, 0.37827062606811523, 0.5243697762489319, -0.281313419342041, 0.5531993508338928
213, 23, 0.4506627023220062, 0.43029817938804626, 0.002393124159425497, 0.999734103679657
213, 24, 0.4064190983772278, 0.44050899147987366, -0.0023153030779212713, 0.9997360110282898
213, 25, 0.4745796322822571, 0.4810396730899811, 0.18029022216796875, 0.541356086730957
213, 26, 0.41062766313552856, 0.508942186832428, 0.17424772679805756, 0.8285714983940125
213, 27, 0.4892963469028473, 0.46497341990470886, 0.3823404908180237, 0.15424951910972595
213, 28, 0.4163183271884918, 0.5534968972206116, 0.34965312480926514, 0.3666348159313202
213, 29, 0.489601194858551, 0.4583381116390228, 0.4027028977870941, 0.09666220843791962
213, 30, 0.42002812027931213, 0.5526155233383179, 0.36754587292671204, 0.11591333150863647
213, 31, 0.4991939663887024, 0.4940464496612549, 0.3772435188293457, 0.33512094616889954
213, 32, 0.4152604043483734, 0.6030986309051514, 0.32691559195518494, 0.49766805768013
214, 0, 0.41731300950050354, 0.4214606285095215, -0.39203253388404846, 0.990199863910675
214, 1, 0.42025765776634216, 0.40915918350219727, -0.40174540877342224, 0.9819709658622742
214, 2, 0.423410028219223, 0.4049544334411621, -0.40177983045578003, 0.9867584109306335
214, 3, 0.4261893630027771, 0.40087029337882996, -0.4018426835536957, 0.9863935112953186
214, 4, 0.41097569465637207, 0.41283851861953735, -0.4006970524787903, 0.978101909160614
214, 5, 0.407182514667511, 0.4116104245185852, -0.40075674653053284, 0.9743194580078125
214, 6, 0.4045425355434418, 0.4102720618247986, -0.4008561074733734, 0.9717314839363098
214, 7, 0.43197280168533325, 0.3849787712097168, -0.3718762993812561, 0.9945918917655945
214, 8, 0.39491668343544006, 0.3964318037033081, -0.3681972026824951, 0.9834657907485962
214, 9, 0.42180147767066956, 0.4133819043636322, -0.3718562424182892, 0.9909114241600037
214, 10, 0.41313451528549194, 0.4175804853439331, -0.3709065318107605, 0.990665078163147
214, 11, 0.4591156840324402, 0.3661903738975525, -0.3078705966472626, 0.9997691512107849
214, 12, 0.37291499972343445, 0.37831446528434753, -0.29301661252975464, 0.999032735824585
214, 13, 0.47200989723205566, 0.472944974899292, -0.2979316711425781, 0.9687661528587341
214, 14, 0.36084192991256714, 0.45496729016304016, -0.27647048234939575, 0.867538332939148
214, 15, 0.4516910910606384, 0.5895464420318604, -0.3278869092464447, 0.9573010802268982
214, 16, 0.37493789196014404, 0.5675469040870667, -0.302343487739563, 0.8618723750114441
214, 17, 0.4544500410556793, 0.6162818670272827, -0.3617275357246399, 0.8581060767173767
214, 18, 0.3687315881252289, 0.5860208868980408, -0.33195680379867554, 0.7654844522476196
214, 19, 0.4388371407985687, 0.6131460666656494, -0.36693161725997925, 0.8583555817604065
214, 20, 0.3770705461502075, 0.5825680494308472, -0.3431476652622223, 0.7833166718482971
214, 21, 0.43651318550109863, 0.602674126625061, -0.331950843334198, 0.8003258109092712
214, 22, 0.38200506567955017, 0.5755763053894043, -0.3091631829738617, 0.7123009562492371
214, 23, 0.45101937651634216, 0.432187557220459, 5.228711597737856e-05, 0.9996813535690308
214, 24, 0.40648311376571655, 0.4424128532409668, 7.856216655000026e-08, 0.9996470212936401
214, 25, 0.4740447998046875, 0.4916667640209198, 0.17843005061149597, 0.48183971643447876
214, 26, 0.4103770852088928, 0.5131458044052124, 0.18107549846172333, 0.7261181473731995
214, 27, 0.49110108613967896, 0.4801843464374542, 0.3971143662929535, 0.10980916023254395
214, 28, 0.41676703095436096, 0.5532135963439941, 0.37468498945236206, 0.24743999540805817
214, 29, 0.4914184510707855, 0.4729577302932739, 0.4190727174282074, 0.060231126844882965
214, 30, 0.4202438294887543, 0.5505795478820801, 0.39444413781166077, 0.07080630213022232
214, 31, 0.5012121200561523, 0.5130384564399719, 0.3918837010860443, 0.22923597693443298
214, 32, 0.4156564772129059, 0.6028264164924622, 0.3544318377971649, 0.3703484833240509
215, 0, 0.41590747237205505, 0.4236330986022949, -0.4802636206150055, 0.9995946288108826
215, 1, 0.41926097869873047, 0.4128625988960266, -0.4877293109893799, 0.9985713958740234
215, 2, 0.42253929376602173, 0.4085341691970825, -0.48775386810302734, 0.998925507068634
215, 3, 0.4253230690956116, 0.4041040539741516, -0.4877658486366272, 0.9984128475189209
215, 4, 0.41028934717178345, 0.4161566495895386, -0.48648491501808167, 0.9991511106491089
215, 5, 0.40690046548843384, 0.4148167371749878, -0.4865688383579254, 0.9992608428001404
215, 6, 0.403273344039917, 0.4130712151527405, -0.4867021143436432, 0.9990390539169312
215, 7, 0.42938321828842163, 0.3744359016418457, -0.4464082717895508, 0.9989510774612427
215, 8, 0.39258822798728943, 0.39631354808807373, -0.4422864317893982, 0.9996283054351807
215, 9, 0.4201505780220032, 0.41594260931015015, -0.45647770166397095, 0.9994837045669556
215, 10, 0.4113510251045227, 0.41952112317085266, -0.4551994204521179, 0.9997555613517761
215, 11, 0.45861339569091797, 0.3692091107368469, -0.37390074133872986, 0.9998607635498047
215, 12, 0.3686143755912781, 0.39331939816474915, -0.36859777569770813, 0.999931812286377
215, 13, 0.4701949954032898, 0.49126774072647095, -0.3866298198699951, 0.9138157963752747
215, 14, 0.37429383397102356, 0.5244201421737671, -0.38639694452285767, 0.9378411173820496
215, 15, 0.4500679075717926, 0.6111201047897339, -0.4330779016017914, 0.8566994071006775
215, 16, 0.3841246962547302, 0.654213547706604, -0.4217049181461334, 0.9245374798774719
215, 17, 0.45248931646347046, 0.6315555572509766, -0.47332921624183655, 0.6988595128059387
215, 18, 0.3767722547054291, 0.6784432530403137, -0.46109405159950256, 0.8501355648040771
215, 19, 0.43683522939682007, 0.6291133761405945, -0.47734516859054565, 0.6888206005096436
215, 20, 0.389228492975235, 0.675193190574646, -0.47074514627456665, 0.8500341773033142
215, 21, 0.4345685541629791, 0.6218909621238708, -0.4379149377346039, 0.5903911590576172
215, 22, 0.39477360248565674, 0.6655170321464539, -0.42919450998306274, 0.7857134342193604
215, 23, 0.4469607472419739, 0.4338330924510956, 0.003277528565376997, 0.999639630317688
215, 24, 0.40052899718284607, 0.4483727216720581, -0.003290864173322916, 0.9997785687446594
215, 25, 0.46019187569618225, 0.48174527287483215, 0.20718052983283997, 0.15232673287391663
215, 26, 0.40510624647140503, 0.5174481272697449, 0.18925385177135468, 0.5347618460655212
215, 27, 0.4514257311820984, 0.44906261563301086, 0.4665108323097229, 0.03500582277774811
215, 28, 0.4075835347175598, 0.5467196106910706, 0.42975401878356934, 0.13802996277809143
215, 29, 0.44812560081481934, 0.4383358359336853, 0.49249082803726196, 0.014870863407850266
215, 30, 0.40849804878234863, 0.5412166118621826, 0.4536743760108948, 0.03725019097328186
215, 31, 0.4533716142177582, 0.478717178106308, 0.46992677450180054, 0.09443006664514542
215, 32, 0.41204437613487244, 0.5972890853881836, 0.4185580313205719, 0.26703959703445435
216, 0, 0.4141117036342621, 0.41968995332717896, -0.3881576359272003, 0.9916395545005798
216, 1, 0.4177533984184265, 0.41184306144714355, -0.403079092502594, 0.9949341416358948
216, 2, 0.421068012714386, 0.40871238708496094, -0.4030681252479553, 0.9949877262115479
216, 3, 0.42402106523513794, 0.40527814626693726, -0.40317946672439575, 0.9960034489631653
216, 4, 0.4083738327026367, 0.4132224917411804, -0.3995879888534546, 0.991897702217102
216, 5, 0.40437382459640503, 0.4098557233810425, -0.39963966608047485, 0.9881145358085632
216, 6, 0.40064868330955505, 0.40781736373901367, -0.3996942341327667, 0.9893856048583984
216, 7, 0.4281114637851715, 0.37579187750816345, -0.38308849930763245, 0.9989756345748901
216, 8, 0.39303678274154663, 0.38886764645576477, -0.36848554015159607, 0.9973881840705872
216, 9, 0.41869592666625977, 0.41368839144706726, -0.37055981159210205, 0.9977249503135681
216, 10, 0.4097662568092346, 0.41613951325416565, -0.3665122985839844, 0.9976660013198853
216, 11, 0.4585549831390381, 0.36564013361930847, -0.3116321265697479, 0.9999319314956665
216, 12, 0.37424176931381226, 0.36841756105422974, -0.27016890048980713, 0.9997933506965637
216, 13, 0.4780876040458679, 0.45448824763298035, -0.28201615810394287, 0.8990153670310974
216, 14, 0.3596101701259613, 0.42480897903442383, -0.16383694112300873, 0.4720851182937622
216, 15, 0.4629177153110504, 0.5518691539764404, -0.30251458287239075, 0.7725831270217896
216, 16, 0.36889201402664185, 0.4852003753185272, -0.10852974653244019, 0.3407096862792969
216, 17, 0.46586284041404724, 0.5771405696868896, -0.32722729444503784, 0.5200479030609131
216, 18, 0.36415761709213257, 0.49765467643737793, -0.11220549046993256, 0.2732224464416504
216, 19, 0.45279866456985474, 0.5735134482383728, -0.3349776566028595, 0.5354759097099304
216, 20, 0.36829081177711487, 0.49556633830070496, -0.1250799298286438, 0.3177836537361145
216, 21, 0.44916605949401855, 0.5632285475730896, -0.30628931522369385, 0.4752068519592285
216, 22, 0.3732156455516815, 0.4903481900691986, -0.11204506456851959, 0.2934194803237915
216, 23, 0.4500953257083893, 0.4190961718559265, -0.0014247348299250007, 0.9992302656173706
216, 24, 0.40763503313064575, 0.4293805956840515, 0.00164861511439085, 0.9996933937072754
216, 25, 0.4607084393501282, 0.4592386782169342, 0.1904553323984146, 0.13912639021873474
216, 26, 0.4133935570716858, 0.4916107654571533, 0.1704237014055252, 0.5075527429580688
216, 27, 0.4556049406528473, 0.45904091000556946, 0.400075763463974, 0.04774248227477074
216, 28, 0.4165143370628357, 0.542544424533844, 0.34710803627967834, 0.20703713595867157
216, 29, 0.4542132019996643, 0.4548749625682831, 0.421761691570282, 0.06404595077037811
216, 30, 0.4191097617149353, 0.5446827411651611, 0.364848792552948, 0.11573990434408188
216, 31, 0.4589199423789978, 0.4908082187175751, 0.39547255635261536, 0.1379477083683014
216, 32, 0.4170324206352234, 0.5884313583374023, 0.32030490040779114, 0.32936692237854004
217, 0, 0.41490811109542847, 0.42103397846221924, -0.3409941792488098, 0.9842536449432373
217, 1, 0.4184628427028656, 0.4091038703918457, -0.35859137773513794, 0.9904963970184326
217, 2, 0.4218328595161438, 0.40587949752807617, -0.3586008846759796, 0.9900563955307007
217, 3, 0.42477792501449585, 0.4027363359928131, -0.35872170329093933, 0.992872953414917
217, 4, 0.40914589166641235, 0.4117757976055145, -0.35589471459388733, 0.9852579236030579
217, 5, 0.40550780296325684, 0.4107521176338196, -0.3559510409832001, 0.9790472388267517
217, 6, 0.40336427092552185, 0.4096611738204956, -0.3560171127319336, 0.9831230044364929
217, 7, 0.4281713366508484, 0.37371036410331726, -0.3479045033454895, 0.9986334443092346
217, 8, 0.3947841227054596, 0.3922703266143799, -0.3362498879432678, 0.9958974123001099
217, 9, 0.4190748333930969, 0.41179895401000977, -0.32615378499031067, 0.9971991777420044
217, 10, 0.4102620482444763, 0.414842426776886, -0.3229934871196747, 0.9970695972442627
217, 11, 0.4559059739112854, 0.3545835018157959, -0.2839174270629883, 0.9998884201049805
217, 12, 0.3729005753993988, 0.3716168999671936, -0.24908104538917542, 0.9997004270553589
217, 13, 0.4800204336643219, 0.43623414635658264, -0.2443602979183197, 0.9488654136657715
217, 14, 0.35831892490386963, 0.42750999331474304, -0.1667853146791458, 0.6186811327934265
217, 15, 0.46963435411453247, 0.5318847298622131, -0.26095956563949585, 0.8084992170333862
217, 16, 0.3708648979663849, 0.489547461271286, -0.14784355461597443, 0.5194900631904602
217, 17, 0.4732747972011566, 0.5550470948219299, -0.2845436632633209, 0.5450921058654785
217, 18, 0.3671419024467468, 0.501778244972229, -0.15763813257217407, 0.4237908720970154
217, 19, 0.46194225549697876, 0.5525261163711548, -0.29311472177505493, 0.5697115659713745
217, 20, 0.37071722745895386, 0.4962139427661896, -0.1704065203666687, 0.4719964563846588
217, 21, 0.4579628109931946, 0.5440369844436646, -0.2648751735687256, 0.5091060400009155
217, 22, 0.37521082162857056, 0.49102529883384705, -0.15236428380012512, 0.430493026971817
217, 23, 0.4457053542137146, 0.4195534586906433, 0.0024450616911053658, 0.9991496801376343
217, 24, 0.4035516679286957, 0.4331648647785187, -0.0022069562692195177, 0.999601423740387
217, 25, 0.45757395029067993, 0.4738798439502716, 0.17699359357357025, 0.21940170228481293
217, 26, 0.40934330224990845, 0.5004910230636597, 0.17211756110191345, 0.5530233383178711
217, 27, 0.4415068030357361, 0.4713243842124939, 0.379342257976532, 0.03309912234544754
217, 28, 0.4148293137550354, 0.5466407537460327, 0.3454393148422241, 0.18573543429374695
217, 29, 0.438559353351593, 0.4647286832332611, 0.4009466767311096, 0.04029783234000206
217, 30, 0.4165298044681549, 0.546747624874115, 0.3634781241416931, 0.09661894291639328
217, 31, 0.4422224462032318, 0.5021336078643799, 0.3834594488143921, 0.1072676032781601
217, 32, 0.42117395997047424, 0.590938150882721, 0.328840970993042, 0.3087179958820343
218, 0, 0.4130871891975403, 0.4168613851070404, -0.3342825472354889, 0.9780555963516235
218, 1, 0.4162679612636566, 0.4087477922439575, -0.3494420647621155, 0.9734626412391663
218, 2, 0.41940489411354065, 0.4032273590564728, -0.3494336009025574, 0.9709510207176208
218, 3, 0.42188510298728943, 0.4006831645965576, -0.3495236933231354, 0.9752786755561829
218, 4, 0.4072399139404297, 0.4102652668952942, -0.34772175550460815, 0.9713735580444336
218, 5, 0.40344125032424927, 0.40709036588668823, -0.34776759147644043, 0.9652880430221558
218, 6, 0.40139633417129517, 0.41494402289390564, -0.347831666469574, 0.967674732208252
218, 7, 0.42920517921447754, 0.38278311491012573, -0.3329855501651764, 0.9918031096458435
218, 8, 0.39482882618904114, 0.3936389982700348, -0.3244352340698242, 0.9838160872459412
218, 9, 0.4174066185951233, 0.40908464789390564, -0.3181801736354828, 0.9910668730735779
218, 10, 0.40865224599838257, 0.4111921191215515, -0.31592506170272827, 0.9902316927909851
218, 11, 0.4527270793914795, 0.34977954626083374, -0.2572628855705261, 0.9995250701904297
218, 12, 0.3721473217010498, 0.3769484758377075, -0.2527606189250946, 0.999553382396698
218, 13, 0.478026807308197, 0.3867079019546509, -0.18584464490413666, 0.9534220695495605
218, 14, 0.358898788690567, 0.43533769249916077, -0.21177169680595398, 0.8871768712997437
218, 15, 0.4776659607887268, 0.4878402352333069, -0.16147202253341675, 0.8554781079292297
218, 16, 0.37081101536750793, 0.5111685395240784, -0.22223587334156036, 0.8655980229377747
218, 17, 0.4837144911289215, 0.5051014423370361, -0.17157264053821564, 0.6273509860038757
218, 18, 0.365495890378952, 0.5266256332397461, -0.23726585507392883, 0.7604669332504272
218, 19, 0.4762089252471924, 0.505568265914917, -0.18220578134059906, 0.667884886264801
218, 20, 0.3715208172798157, 0.522314727306366, -0.25041016936302185, 0.78493732213974
218, 21, 0.4711748957633972, 0.5005180239677429, -0.16453325748443604, 0.6387969851493835
218, 22, 0.37645894289016724, 0.5158321261405945, -0.22757670283317566, 0.7388303279876709
218, 23, 0.4412631392478943, 0.41721653938293457, 0.005980764515697956, 0.9992344379425049
218, 24, 0.40002551674842834, 0.4288438558578491, -0.00590893067419529, 0.9993201494216919
218, 25, 0.4585837423801422, 0.48376965522766113, 0.1550178825855255, 0.40032681822776794
218, 26, 0.4049074053764343, 0.5036558508872986, 0.15304850041866302, 0.5486562252044678
218, 27, 0.4358749985694885, 0.5035946369171143, 0.3422994911670685, 0.07140998542308807
218, 28, 0.413080632686615, 0.5586928725242615, 0.3203628659248352, 0.2611035108566284
218, 29, 0.4310212731361389, 0.4988528788089752, 0.3620241582393646, 0.05878903344273567
218, 30, 0.4155704081058502, 0.5604678988456726, 0.33726435899734497, 0.10861941426992416
218, 31, 0.4363093376159668, 0.5400147438049316, 0.34222689270973206, 0.18204636871814728
218, 32, 0.4184645116329193, 0.6035027503967285, 0.30203700065612793, 0.39129409193992615
219, 0, 0.41407355666160583, 0.41459548473358154, -0.3190917372703552, 0.966548502445221
219, 1, 0.4173237681388855, 0.40565142035484314, -0.33563295006752014, 0.9471381902694702
219, 2, 0.4205859303474426, 0.40246519446372986, -0.3356224000453949, 0.9448958039283752
219, 3, 0.42347002029418945, 0.39933574199676514, -0.33571580052375793, 0.9475805163383484
219, 4, 0.4082452654838562, 0.4083619713783264, -0.33500123023986816, 0.9449623227119446
219, 5, 0.4048992991447449, 0.4075559377670288, -0.33505141735076904, 0.9412376284599304
219, 6, 0.4025452733039856, 0.40662866830825806, -0.335120290517807, 0.9412840604782104
219, 7, 0.4299798607826233, 0.38002097606658936, -0.32422876358032227, 0.9830778241157532
219, 8, 0.39619311690330505, 0.3903868496417999, -0.3203672468662262, 0.9761580228805542
219, 9, 0.41858434677124023, 0.4071417450904846, -0.30434393882751465, 0.9845014214515686
219, 10, 0.40982240438461304, 0.4103811979293823, -0.3034764230251312, 0.9799091219902039
219, 11, 0.45199069380760193, 0.34156572818756104, -0.2431783676147461, 0.9996088147163391
219, 12, 0.372456818819046, 0.36950981616973877, -0.2534571588039398, 0.9996935129165649
219, 13, 0.47874394059181213, 0.3663290739059448, -0.14828869700431824, 0.9364956021308899
219, 14, 0.3589003384113312, 0.42555174231529236, -0.19549083709716797, 0.8989240527153015
219, 15, 0.4804772734642029, 0.4367031157016754, -0.1060938686132431, 0.7707268595695496
219, 16, 0.36492666602134705, 0.5000110864639282, -0.178131565451622, 0.8134044408798218
219, 17, 0.4846632480621338, 0.4704643189907074, -0.10800416767597198, 0.5069587826728821
219, 18, 0.3595569133758545, 0.5175312757492065, -0.18738363683223724, 0.6868838667869568
219, 19, 0.48073405027389526, 0.452745258808136, -0.11936197429895401, 0.5562436580657959
219, 20, 0.3654857873916626, 0.5142062306404114, -0.2005666196346283, 0.711759626865387
219, 21, 0.4772312641143799, 0.4511732757091522, -0.10858168452978134, 0.5289655923843384
219, 22, 0.3705204427242279, 0.5071437954902649, -0.18233557045459747, 0.6614996194839478
219, 23, 0.44095879793167114, 0.4127351939678192, 0.006156210787594318, 0.9994169473648071
219, 24, 0.40002894401550293, 0.4257909655570984, -0.006055708508938551, 0.9993457198143005
219, 25, 0.45840930938720703, 0.4741034507751465, 0.16591031849384308, 0.3822111487388611
219, 26, 0.40550288558006287, 0.4911171495914459, 0.16384606063365936, 0.34250175952911377
219, 27, 0.4420126974582672, 0.4814639091491699, 0.3653970956802368, 0.05728933587670326
219, 28, 0.4163973331451416, 0.5322427749633789, 0.34452417492866516, 0.1288061887025833
219, 29, 0.4380493760108948, 0.47590112686157227, 0.38686153292655945, 0.04851621761918068
219, 30, 0.4189275801181793, 0.5308560132980347, 0.36312609910964966, 0.05902255326509476
219, 31, 0.4436449408531189, 0.512454628944397, 0.371127188205719, 0.10278599709272385
219, 32, 0.4234389662742615, 0.5743771195411682, 0.3308538496494293, 0.18166996538639069
220, 0, 0.4157361388206482, 0.415287047624588, -0.3786374032497406, 0.9941757917404175
220, 1, 0.41903939843177795, 0.4039442837238312, -0.3909305930137634, 0.9947677850723267
220, 2, 0.4222162663936615, 0.40132561326026917, -0.39092522859573364, 0.9947726130485535
220, 3, 0.42434364557266235, 0.3954499661922455, -0.3910055458545685, 0.99528568983078
220, 4, 0.4093071520328522, 0.40630805492401123, -0.3885532021522522, 0.9935532808303833
220, 5, 0.40546971559524536, 0.4058358371257782, -0.38861337304115295, 0.9919701218605042
220, 6, 0.40121811628341675, 0.4024263918399811, -0.3886696398258209, 0.99224454164505
220, 7, 0.43148699402809143, 0.37490734457969666, -0.36285272240638733, 0.9987686276435852
220, 8, 0.394191175699234, 0.3871302306652069, -0.3530580401420593, 0.997421145439148
220, 9, 0.41953355073928833, 0.4068603813648224, -0.35870999097824097, 0.9976117610931396
220, 10, 0.4107317328453064, 0.409241646528244, -0.3560311198234558, 0.998023509979248
220, 11, 0.45744115114212036, 0.3598710000514984, -0.28918537497520447, 0.9998475313186646
220, 12, 0.3739672601222992, 0.3806774914264679, -0.26679903268814087, 0.9998550415039062
220, 13, 0.4768836498260498, 0.44933879375457764, -0.259769469499588, 0.9293202757835388
220, 14, 0.36043286323547363, 0.43893304467201233, -0.24080252647399902, 0.7943882346153259
220, 15, 0.46722421050071716, 0.5386902689933777, -0.2811431288719177, 0.7901998162269592
220, 16, 0.3822373151779175, 0.5114426612854004, -0.28618890047073364, 0.6968069076538086
220, 17, 0.471000611782074, 0.5595779418945312, -0.307914674282074, 0.5493611693382263
220, 18, 0.38003045320510864, 0.5250279903411865, -0.3102518916130066, 0.5974732637405396
220, 19, 0.45975905656814575, 0.5562021732330322, -0.31478047370910645, 0.570206344127655
220, 20, 0.3863450288772583, 0.5169664621353149, -0.3196016252040863, 0.6228072047233582
220, 21, 0.4559032917022705, 0.5482779741287231, -0.28488481044769287, 0.5056832432746887
220, 22, 0.3898029625415802, 0.5112236738204956, -0.2916770875453949, 0.5504042506217957
220, 23, 0.44528526067733765, 0.4270520806312561, 0.0048326049000024796, 0.9996507167816162
220, 24, 0.40354499220848083, 0.44149571657180786, -0.004706060979515314, 0.9999021291732788
220, 25, 0.4587365984916687, 0.47173628211021423, 0.1866140514612198, 0.424326092004776
220, 26, 0.40853768587112427, 0.5137774348258972, 0.16297417879104614, 0.8399720191955566
220, 27, 0.45567283034324646, 0.4783102571964264, 0.39060530066490173, 0.12264063954353333
220, 28, 0.4107781946659088, 0.5701220631599426, 0.32902318239212036, 0.532978355884552
220, 29, 0.45346277952194214, 0.475769966840744, 0.4111418128013611, 0.09983134269714355
220, 30, 0.4128541946411133, 0.5725101232528687, 0.3453197479248047, 0.23165112733840942
220, 31, 0.46245908737182617, 0.5092850923538208, 0.38642191886901855, 0.3372083604335785
220, 32, 0.41478100419044495, 0.6183865666389465, 0.3026384711265564, 0.6802546381950378
221, 0, 0.41224685311317444, 0.40017426013946533, -0.353828102350235, 0.955474317073822
221, 1, 0.416301965713501, 0.3907693326473236, -0.36447083950042725, 0.9491661787033081
221, 2, 0.4186420440673828, 0.38908499479293823, -0.36446717381477356, 0.9414120316505432
221, 3, 0.42099303007125854, 0.3874523937702179, -0.36455702781677246, 0.9562857151031494
221, 4, 0.40916991233825684, 0.39268356561660767, -0.36350709199905396, 0.935581624507904
221, 5, 0.4069456160068512, 0.39235928654670715, -0.36354073882102966, 0.9111315011978149
221, 6, 0.4047418236732483, 0.3920708894729614, -0.3635912239551544, 0.922221839427948
221, 7, 0.42598956823349, 0.3716425597667694, -0.3412201702594757, 0.9737858176231384
221, 8, 0.40112900733947754, 0.378513365983963, -0.3355804979801178, 0.946223795413971
221, 9, 0.4161767065525055, 0.3955012559890747, -0.33650749921798706, 0.9749838709831238
221, 10, 0.4096236228942871, 0.39767035841941833, -0.3350893557071686, 0.9623067378997803
221, 11, 0.4451808035373688, 0.35250234603881836, -0.2678382992744446, 0.99907386302948
221, 12, 0.38158512115478516, 0.3716283142566681, -0.26576492190361023, 0.9973124265670776
221, 13, 0.474860280752182, 0.3829312324523926, -0.21190473437309265, 0.9776715636253357
221, 14, 0.36314672231674194, 0.43333685398101807, -0.24463863670825958, 0.9857965111732483
221, 15, 0.4750938415527344, 0.4574996829032898, -0.19356845319271088, 0.9536694288253784
221, 16, 0.3569595515727997, 0.4966953992843628, -0.2562739849090576, 0.983928918838501
221, 17, 0.48407989740371704, 0.46018165349960327, -0.20565804839134216, 0.8559746146202087
221, 18, 0.3481733798980713, 0.5093201398849487, -0.2755703032016754, 0.9556570053100586
221, 19, 0.47475582361221313, 0.4707891643047333, -0.21723051369190216, 0.8812745809555054
221, 20, 0.35581377148628235, 0.5092899203300476, -0.2870795428752899, 0.9609696865081787
221, 21, 0.47075405716896057, 0.46958622336387634, -0.1974875032901764, 0.8718405365943909
221, 22, 0.36111295223236084, 0.5055509805679321, -0.2618929147720337, 0.9531266689300537
221, 23, 0.43195825815200806, 0.39932093024253845, 0.0007769748917780817, 0.9992921352386475
221, 24, 0.3980230689048767, 0.40729203820228577, -0.0008050828473642468, 0.9983686804771423
221, 25, 0.4439118802547455, 0.4461313486099243, 0.16285210847854614, 0.3158750832080841
221, 26, 0.4064808785915375, 0.451034277677536, 0.17540380358695984, 0.1069236621260643
221, 27, 0.44304877519607544, 0.4421754479408264, 0.3636034429073334, 0.04151251167058945
221, 28, 0.41880565881729126, 0.4481799304485321, 0.3720260262489319, 0.02270383946597576
221, 29, 0.4405820369720459, 0.43707966804504395, 0.38477814197540283, 0.03038153052330017
221, 30, 0.4209659695625305, 0.44177132844924927, 0.3931408226490021, 0.010521859861910343
221, 31, 0.4497320055961609, 0.46177229285240173, 0.3689221143722534, 0.0870923325419426
221, 32, 0.42417311668395996, 0.4700045585632324, 0.37725356221199036, 0.06138094142079353
222, 0, 0.40921705961227417, 0.38448476791381836, -0.28060755133628845, 0.9905526638031006
222, 1, 0.4119093418121338, 0.3758329749107361, -0.29364877939224243, 0.9920359253883362
222, 2, 0.41353392601013184, 0.37443238496780396, -0.2936544716358185, 0.9891536831855774
222, 3, 0.4151521325111389, 0.37307989597320557, -0.29375073313713074, 0.9937997460365295
222, 4, 0.40728849172592163, 0.3768503963947296, -0.29040348529815674, 0.9857302904129028
222, 5, 0.40601491928100586, 0.3762820065021515, -0.2904268205165863, 0.9717530608177185
222, 6, 0.40472307801246643, 0.375749409198761, -0.2904880940914154, 0.9812195897102356
222, 7, 0.41950497031211853, 0.3592052161693573, -0.2923122048377991, 0.9940488338470459
222, 8, 0.40295082330703735, 0.3635089099407196, -0.2775406539440155, 0.9853105545043945
222, 9, 0.4124446511268616, 0.38080185651779175, -0.2726675271987915, 0.9951110482215881
222, 10, 0.4084703326225281, 0.38199764490127563, -0.2685328722000122, 0.9930357336997986
222, 11, 0.43333905935287476, 0.34625476598739624, -0.2407582700252533, 0.9995943903923035
222, 12, 0.38905131816864014, 0.363022118806839, -0.22494736313819885, 0.9967650175094604
222, 13, 0.458404541015625, 0.4035605192184448, -0.213820219039917, 0.9516794681549072
222, 14, 0.3718273639678955, 0.43117791414260864, -0.2028910219669342, 0.9167103171348572
222, 15, 0.4664561152458191, 0.47377002239227295, -0.2098846733570099, 0.9438061118125916
222, 16, 0.3636613190174103, 0.4879411458969116, -0.20327749848365784, 0.9369761943817139
222, 17, 0.47345027327537537, 0.48619523644447327, -0.2254534661769867, 0.8263536095619202
222, 18, 0.3565930128097534, 0.4971180260181427, -0.21698491275310516, 0.8178113102912903
222, 19, 0.46593207120895386, 0.48991280794143677, -0.2360679656267166, 0.8601191639900208
222, 20, 0.36164364218711853, 0.4976918399333954, -0.23000411689281464, 0.8568117618560791
222, 21, 0.46256914734840393, 0.4877850115299225, -0.21395225822925568, 0.8293942809104919
222, 22, 0.36607226729393005, 0.4952305555343628, -0.20923177897930145, 0.8516301512718201
222, 23, 0.4266497492790222, 0.40234512090682983, 0.0015565487556159496, 0.9977814555168152
222, 24, 0.4059399962425232, 0.4111216962337494, -0.0015341135440394282, 0.9949951171875
222, 25, 0.4362902045249939, 0.4331279397010803, 0.13615261018276215, 0.09592892229557037
222, 26, 0.41527682542800903, 0.4515432119369507, 0.1327410191297531, 0.08552591502666473
222, 27, 0.43651947379112244, 0.46368205547332764, 0.2898084819316864, 0.058182355016469955
222, 28, 0.4265693128108978, 0.4652928113937378, 0.2934170663356781, 0.031099632382392883
222, 29, 0.43582478165626526, 0.46780523657798767, 0.30524975061416626, 0.04351687431335449
222, 30, 0.42877617478370667, 0.4655129015445709, 0.3104892671108246, 0.014556488022208214
222, 31, 0.44052785634994507, 0.4774809181690216, 0.2839142680168152, 0.07594192773103714
222, 32, 0.4303589463233948, 0.4780369699001312, 0.2899673581123352, 0.04643880948424339
223, 0, 0.4143306612968445, 0.4014069736003876, -0.3308475911617279, 0.9309206604957581
223, 1, 0.41821375489234924, 0.3877282440662384, -0.3411088287830353, 0.9176321625709534
223, 2, 0.421487957239151, 0.38631582260131836, -0.3411122262477875, 0.910705029964447
223, 3, 0.4242127537727356, 0.3847303092479706, -0.3412129580974579, 0.9299168586730957
223, 4, 0.4112924039363861, 0.39078474044799805, -0.3399651348590851, 0.8941428661346436
223, 5, 0.40864792466163635, 0.39002692699432373, -0.3400036096572876, 0.8608645796775818
223, 6, 0.4060176908969879, 0.38929620385169983, -0.34007078409194946, 0.8785291910171509
223, 7, 0.4304351210594177, 0.3701941967010498, -0.3164547383785248, 0.9613598585128784
223, 8, 0.40172067284584045, 0.3743780255317688, -0.3111845850944519, 0.9133530259132385
223, 9, 0.41833868622779846, 0.39461496472358704, -0.31366291642189026, 0.9595158696174622
223, 10, 0.4105209410190582, 0.3986378014087677, -0.3123025596141815, 0.9504743218421936
223, 11, 0.4498770236968994, 0.358035147190094, -0.24703726172447205, 0.998737633228302
223, 12, 0.38058048486709595, 0.3692713975906372, -0.2436944544315338, 0.9976755976676941
223, 13, 0.47338157892227173, 0.4153515696525574, -0.20186348259449005, 0.92838454246521
223, 14, 0.36398541927337646, 0.4378059506416321, -0.21285255253314972, 0.89527827501297
223, 15, 0.47334933280944824, 0.4784556031227112, -0.19298619031906128, 0.7593603134155273
223, 16, 0.3565083146095276, 0.4987482726573944, -0.22037573158740997, 0.8339075446128845
223, 17, 0.4782487750053406, 0.49341872334480286, -0.20452137291431427, 0.4878031313419342
223, 18, 0.34919995069503784, 0.5113368630409241, -0.23485013842582703, 0.7081586122512817
223, 19, 0.47115200757980347, 0.49219873547554016, -0.21512918174266815, 0.5303970575332642
223, 20, 0.35530683398246765, 0.5106232166290283, -0.2466644048690796, 0.7346107959747314
223, 21, 0.467345654964447, 0.48836594820022583, -0.19646058976650238, 0.5095623135566711
223, 22, 0.3607572317123413, 0.5065553784370422, -0.22561044991016388, 0.6905450820922852
223, 23, 0.4363284707069397, 0.42027851939201355, 0.006126288324594498, 0.9968985319137573
223, 24, 0.40026798844337463, 0.4269557595252991, -0.0061086989007890224, 0.995974600315094
223, 25, 0.45238929986953735, 0.48492786288261414, 0.13054302334785461, 0.20882348716259003
223, 26, 0.4073866009712219, 0.4954566955566406, 0.12889781594276428, 0.24121592938899994
223, 27, 0.45322221517562866, 0.5109695196151733, 0.3066743314266205, 0.048979487270116806
223, 28, 0.41798681020736694, 0.5323684215545654, 0.2952691316604614, 0.1093953549861908
223, 29, 0.4509609341621399, 0.5104833245277405, 0.3245272636413574, 0.0496443472802639
223, 30, 0.42017263174057007, 0.5326498746871948, 0.3123454451560974, 0.049950115382671356
223, 31, 0.4608774185180664, 0.5424217581748962, 0.2958286702632904, 0.09945326298475266
223, 32, 0.4219614863395691, 0.5675194263458252, 0.27734991908073425, 0.17110274732112885
224, 0, 0.4126313328742981, 0.38189834356307983, -0.24091549217700958, 0.9541836380958557
224, 1, 0.4161827564239502, 0.3722892701625824, -0.24990420043468475, 0.9484668374061584
224, 2, 0.41701778769493103, 0.3675459921360016, -0.24991557002067566, 0.9420745968818665
224, 3, 0.4209689497947693, 0.3690045177936554, -0.25000253319740295, 0.9618114829063416
224, 4, 0.4101782441139221, 0.3735639452934265, -0.24912090599536896, 0.9082253575325012
224, 5, 0.4081372618675232, 0.3731769919395447, -0.24914154410362244, 0.8603983521461487
224, 6, 0.40609487891197205, 0.3728160858154297, -0.24919649958610535, 0.8766353726387024
224, 7, 0.4251856207847595, 0.3551453649997711, -0.23534360527992249, 0.9676852822303772
224, 8, 0.40211257338523865, 0.3612343668937683, -0.23152227699756622, 0.8835387229919434
224, 9, 0.4160248637199402, 0.3788047432899475, -0.22885040938854218, 0.9697219729423523
224, 10, 0.4098297953605652, 0.38043129444122314, -0.227861687541008, 0.9543703198432922
224, 11, 0.4404631555080414, 0.3404557406902313, -0.18122757971286774, 0.9994383454322815
224, 12, 0.3823608458042145, 0.3663386106491089, -0.18293851613998413, 0.9935357570648193
224, 13, 0.4756770730018616, 0.36802610754966736, -0.14949309825897217, 0.9660791158676147
224, 14, 0.3647218346595764, 0.4252924919128418, -0.16661982238292694, 0.9119493365287781
224, 15, 0.47740763425827026, 0.44517982006073, -0.14368541538715363, 0.9490137696266174
224, 16, 0.3581266403198242, 0.48508864641189575, -0.17271599173545837, 0.9124853014945984
224, 17, 0.48536914587020874, 0.4487772583961487, -0.15136638283729553, 0.8394173383712769
224, 18, 0.3512508273124695, 0.49738192558288574, -0.18235638737678528, 0.7924515008926392
224, 19, 0.47841089963912964, 0.4595981240272522, -0.1620398908853531, 0.883600115776062
224, 20, 0.3564615547657013, 0.4975009560585022, -0.19395066797733307, 0.836707353591919
224, 21, 0.4742836356163025, 0.4582304358482361, -0.14686207473278046, 0.8665234446525574
224, 22, 0.36158275604248047, 0.4940055310726166, -0.17740607261657715, 0.8206560015678406
224, 23, 0.432638943195343, 0.4056873619556427, 0.005421523470431566, 0.9982841610908508
224, 24, 0.4058493971824646, 0.41792839765548706, -0.00538924615830183, 0.9931468367576599
224, 25, 0.4486386179924011, 0.4577220380306244, 0.1031620055437088, 0.1674683392047882
224, 26, 0.4189067482948303, 0.4715316891670227, 0.08979211002588272, 0.13112802803516388
224, 27, 0.44260430335998535, 0.5034517049789429, 0.2133762389421463, 0.0576789528131485
224, 28, 0.43002909421920776, 0.5037318468093872, 0.21449556946754456, 0.037057843059301376
224, 29, 0.4401772916316986, 0.5069329142570496, 0.2246558964252472, 0.05780408903956413
224, 30, 0.43189582228660583, 0.5051558017730713, 0.2273828536272049, 0.02464902400970459
224, 31, 0.4481939375400543, 0.5255518555641174, 0.20544207096099854, 0.08985690027475357
224, 32, 0.4363738000392914, 0.5247548222541809, 0.20733705163002014, 0.060203325003385544
225, 0, 0.413429319858551, 0.3808002173900604, -0.19425265491008759, 0.9471078515052795
225, 1, 0.41593438386917114, 0.37281396985054016, -0.20532318949699402, 0.9548524618148804
225, 2, 0.41758090257644653, 0.3713681101799011, -0.2053389996290207, 0.9495261907577515
225, 3, 0.4192364811897278, 0.3699806332588196, -0.20543703436851501, 0.9678922295570374
225, 4, 0.4109114706516266, 0.3742021918296814, -0.20463481545448303, 0.9030078649520874
225, 5, 0.40932488441467285, 0.37379854917526245, -0.20464308559894562, 0.8464357852935791
225, 6, 0.4077304005622864, 0.37342172861099243, -0.20468564331531525, 0.8680289387702942
225, 7, 0.42232948541641235, 0.356478214263916, -0.20337946712970734, 0.9802660346031189
225, 8, 0.4038164019584656, 0.3623535633087158, -0.19995784759521484, 0.8979003429412842
225, 9, 0.41609057784080505, 0.37685200572013855, -0.18678051233291626, 0.978236973285675
225, 10, 0.4115249514579773, 0.3783501386642456, -0.18589216470718384, 0.9597584009170532
225, 11, 0.43527570366859436, 0.340346097946167, -0.16229121387004852, 0.9997348189353943
225, 12, 0.38796308636665344, 0.3600109815597534, -0.15817891061306, 0.991195797920227
225, 13, 0.4716929793357849, 0.36684149503707886, -0.1391705870628357, 0.9689323902130127
225, 14, 0.37091583013534546, 0.4186728894710541, -0.1394553929567337, 0.8321109414100647
225, 15, 0.4752909541130066, 0.4441472291946411, -0.14045237004756927, 0.9471463561058044
225, 16, 0.36335670948028564, 0.4767821729183197, -0.14592862129211426, 0.8386805057525635
225, 17, 0.48273569345474243, 0.44960886240005493, -0.15030717849731445, 0.8346077799797058
225, 18, 0.3569336533546448, 0.4888105094432831, -0.15491294860839844, 0.6822208762168884
225, 19, 0.47672945261001587, 0.4577898681163788, -0.1607578843832016, 0.878218948841095
225, 20, 0.3604532778263092, 0.48861080408096313, -0.16690821945667267, 0.7490131258964539
225, 21, 0.47312355041503906, 0.4565967619419098, -0.14400134980678558, 0.8622152209281921
225, 22, 0.3651968240737915, 0.4853629767894745, -0.15092237293720245, 0.7390050888061523
225, 23, 0.4297270178794861, 0.4048880338668823, 0.0022170040756464005, 0.9993197917938232
225, 24, 0.40896502137184143, 0.41392654180526733, -0.002143278019502759, 0.9965205192565918
225, 25, 0.43943220376968384, 0.454293429851532, 0.08293559402227402, 0.262578547000885
225, 26, 0.4185117781162262, 0.46293869614601135, 0.08977802842855453, 0.1319407820701599
225, 27, 0.4411131739616394, 0.5091102719306946, 0.18170107901096344, 0.14190728962421417
225, 28, 0.43136462569236755, 0.49730509519577026, 0.19511957466602325, 0.06370817124843597
225, 29, 0.4410356879234314, 0.5154752135276794, 0.1918054074048996, 0.1317596733570099
225, 30, 0.4339389204978943, 0.5001049637794495, 0.20585569739341736, 0.03684448450803757
225, 31, 0.44440603256225586, 0.5270875692367554, 0.17288194596767426, 0.1515474021434784
225, 32, 0.4356263279914856, 0.5136431455612183, 0.18698735535144806, 0.07964488863945007
226, 0, 0.4155544340610504, 0.37577399611473083, -0.2645544111728668, 0.9177910089492798
226, 1, 0.41771191358566284, 0.36763274669647217, -0.274573415517807, 0.9105204939842224
226, 2, 0.4192715287208557, 0.3658982217311859, -0.2746107578277588, 0.9148730039596558
226, 3, 0.4208151698112488, 0.36422351002693176, -0.2747064530849457, 0.9421020150184631
226, 4, 0.4120457172393799, 0.3700237274169922, -0.27413129806518555, 0.8165223598480225
226, 5, 0.4103410840034485, 0.36998236179351807, -0.2741784155368805, 0.7410678267478943
226, 6, 0.40862101316452026, 0.36996567249298096, -0.274228036403656, 0.7096772789955139
226, 7, 0.4229981005191803, 0.35085102915763855, -0.26411938667297363, 0.9584253430366516
226, 8, 0.40353259444236755, 0.36013364791870117, -0.26208603382110596, 0.7792529463768005
226, 9, 0.41750583052635193, 0.3723011910915375, -0.25346776843070984, 0.9528549313545227
226, 10, 0.4130374789237976, 0.3747621774673462, -0.2530520260334015, 0.8632896542549133
226, 11, 0.43485409021377563, 0.3323347866535187, -0.2159920185804367, 0.999043881893158
226, 12, 0.3847203254699707, 0.35668882727622986, -0.20960435271263123, 0.9631839394569397
226, 13, 0.4635692238807678, 0.3669162392616272, -0.19088903069496155, 0.9196100831031799
226, 14, 0.3670671880245209, 0.4049968421459198, -0.18731699883937836, 0.7918762564659119
226, 15, 0.47455358505249023, 0.42842763662338257, -0.200466588139534, 0.9359291195869446
226, 16, 0.3574065864086151, 0.47258859872817993, -0.19367371499538422, 0.6957808136940002
226, 17, 0.4822259545326233, 0.4362031817436218, -0.21603909134864807, 0.7963871359825134
226, 18, 0.3547062873840332, 0.4805006980895996, -0.20930778980255127, 0.5406230688095093
226, 19, 0.47458648681640625, 0.43916383385658264, -0.2275429219007492, 0.8323290348052979
226, 20, 0.3618796169757843, 0.4806066155433655, -0.22259226441383362, 0.6013104915618896
226, 21, 0.47095268964767456, 0.43940848112106323, -0.20516295731067657, 0.7761781811714172
226, 22, 0.36622297763824463, 0.47674572467803955, -0.19999384880065918, 0.544766902923584
226, 23, 0.42849063873291016, 0.38558149337768555, -0.003676625667139888, 0.9860512018203735
226, 24, 0.4027164578437805, 0.3966939151287079, 0.0037566740065813065, 0.9689918756484985
226, 25, 0.42785125970840454, 0.38770627975463867, 0.15013271570205688, 0.0346197709441185
226, 26, 0.40325719118118286, 0.4035380184650421, 0.16022884845733643, 0.023791376501321793
226, 27, 0.421963632106781, 0.39201387763023376, 0.33203551173210144, 0.02816106379032135
226, 28, 0.4058963358402252, 0.39750850200653076, 0.34488967061042786, 0.01727522537112236
226, 29, 0.41910919547080994, 0.38974571228027344, 0.3507578670978546, 0.02397538162767887
226, 30, 0.4071100354194641, 0.39229610562324524, 0.3641602396965027, 0.010561206378042698
226, 31, 0.42452287673950195, 0.4065747559070587, 0.3310496211051941, 0.032491739839315414
226, 32, 0.4085002541542053, 0.40892940759658813, 0.3459656238555908, 0.02621922641992569
227, 0, 0.4148731231689453, 0.37526100873947144, -0.2887028157711029, 0.8916893601417542
227, 1, 0.41734105348587036, 0.3666289150714874, -0.2982913553714752, 0.866730272769928
227, 2, 0.4190295338630676, 0.36468425393104553, -0.2983250916004181, 0.8877291083335876
227, 3, 0.42071041464805603, 0.362792432308197, -0.29840463399887085, 0.9075840711593628
227, 4, 0.41117963194847107, 0.3697796165943146, -0.2987043857574463, 0.7563652396202087
227, 5, 0.40933138132095337, 0.3699710965156555, -0.29875296354293823, 0.7091456651687622
227, 6, 0.4074815809726715, 0.3701971173286438, -0.29879868030548096, 0.6127037405967712
227, 7, 0.4230143129825592, 0.3490793704986572, -0.28176140785217285, 0.9260181784629822
227, 8, 0.4021163880825043, 0.3606741726398468, -0.2831815779209137, 0.6606456637382507
227, 9, 0.4169929623603821, 0.37172186374664307, -0.2748947739601135, 0.9075616002082825
227, 10, 0.4121125340461731, 0.37487033009529114, -0.27551916241645813, 0.7445298433303833
227, 11, 0.43614858388900757, 0.3288528323173523, -0.22558751702308655, 0.9990425705909729
227, 12, 0.38140198588371277, 0.3594018816947937, -0.22663812339305878, 0.9620919823646545
227, 13, 0.46486130356788635, 0.36193013191223145, -0.19169843196868896, 0.9186774492263794
227, 14, 0.3617730736732483, 0.40578126907348633, -0.20374393463134766, 0.8816522359848022
227, 15, 0.4773629605770111, 0.4221494793891907, -0.19927047193050385, 0.9506649971008301
227, 16, 0.3557712435722351, 0.47193825244903564, -0.20838502049446106, 0.8126883506774902
227, 17, 0.48570770025253296, 0.42877933382987976, -0.2137644737958908, 0.8588888049125671
227, 18, 0.3488999009132385, 0.48051926493644714, -0.22553011775016785, 0.6966001987457275
227, 19, 0.4779909551143646, 0.4320736229419708, -0.2264316976070404, 0.8874070048332214
227, 20, 0.35663747787475586, 0.4801557660102844, -0.23819997906684875, 0.7366586923599243
227, 21, 0.47394388914108276, 0.4329056739807129, -0.20422260463237762, 0.8521379828453064
227, 22, 0.36116713285446167, 0.4762994647026062, -0.2144061028957367, 0.6864436268806458
227, 23, 0.42798352241516113, 0.38052797317504883, 7.755101978546008e-05, 0.9921731948852539
227, 24, 0.39813148975372314, 0.3950176537036896, 8.304914445034228e-07, 0.9800133109092712
227, 25, 0.42665982246398926, 0.37421590089797974, 0.17310692369937897, 0.04732548072934151
227, 26, 0.3932892978191376, 0.39447924494743347, 0.17769940197467804, 0.03748200833797455
227, 27, 0.4209715723991394, 0.3674057722091675, 0.37081801891326904, 0.028121139854192734
227, 28, 0.39186787605285645, 0.3764367699623108, 0.37622398138046265, 0.025692129507660866
227, 29, 0.417762815952301, 0.3647339344024658, 0.39168015122413635, 0.025315336883068085
227, 30, 0.3925746977329254, 0.3713202476501465, 0.3973226249217987, 0.014040280133485794
227, 31, 0.4243090748786926, 0.378881573677063, 0.3745085299015045, 0.04500914737582207
227, 32, 0.3943454921245575, 0.38186246156692505, 0.3807204067707062, 0.04705863818526268
228, 0, 0.4116232395172119, 0.3631063997745514, -0.2979525029659271, 0.9952427744865417
228, 1, 0.41324180364608765, 0.35761380195617676, -0.314175546169281, 0.9946303367614746
228, 2, 0.4142923951148987, 0.35654640197753906, -0.3141767978668213, 0.9925432205200195
228, 3, 0.4153694212436676, 0.35551631450653076, -0.31423690915107727, 0.9954304695129395
228, 4, 0.40964001417160034, 0.3591327369213104, -0.31492164731025696, 0.9917746186256409
228, 5, 0.4084711968898773, 0.3591347932815552, -0.3149537146091461, 0.9855979084968567
228, 6, 0.40729761123657227, 0.3592001497745514, -0.3149452805519104, 0.9872661828994751
228, 7, 0.4164809286594391, 0.347379207611084, -0.31266266107559204, 0.9935389161109924
228, 8, 0.40411120653152466, 0.353478342294693, -0.3147125542163849, 0.9843127131462097
228, 9, 0.4128054976463318, 0.36097463965415955, -0.28720206022262573, 0.9967959523200989
228, 10, 0.4095682203769684, 0.3625352084636688, -0.28806260228157043, 0.9947249293327332
228, 11, 0.42450156807899475, 0.3332494795322418, -0.2586463689804077, 0.9985693693161011
228, 12, 0.38788989186286926, 0.3569120764732361, -0.2602211833000183, 0.9914584755897522
228, 13, 0.44816771149635315, 0.3632623553276062, -0.21294626593589783, 0.9926403164863586
228, 14, 0.36773207783699036, 0.40160688757896423, -0.23340758681297302, 0.9974466562271118
228, 15, 0.46341705322265625, 0.40204542875289917, -0.22638364136219025, 0.9719932675361633
228, 16, 0.36660099029541016, 0.4518042206764221, -0.25003111362457275, 0.98178631067276
228, 17, 0.47006601095199585, 0.40522342920303345, -0.25103381276130676, 0.9347939491271973
228, 18, 0.36181819438934326, 0.46173325181007385, -0.277802973985672, 0.9387009143829346
228, 19, 0.4656822085380554, 0.4057762026786804, -0.264667272567749, 0.9462833404541016
228, 20, 0.3668505847454071, 0.4605805575847626, -0.2902373969554901, 0.953288197517395
228, 21, 0.46316593885421753, 0.4073188900947571, -0.23329022526741028, 0.9422736167907715
228, 22, 0.36953383684158325, 0.4574923515319824, -0.25701579451560974, 0.9615181088447571
228, 23, 0.42117032408714294, 0.3827701508998871, -0.0011971954954788089, 0.9960229396820068
228, 24, 0.40254610776901245, 0.3941134214401245, 0.0012489426881074905, 0.9945535659790039
228, 25, 0.41977638006210327, 0.3854471743106842, 0.19853611290454865, 0.05992147698998451
228, 26, 0.4008080065250397, 0.3964042365550995, 0.20728151500225067, 0.058368831872940063
228, 27, 0.4193142056465149, 0.38424259424209595, 0.4325133264064789, 0.04148230701684952
228, 28, 0.39732620120048523, 0.39102837443351746, 0.44295769929885864, 0.019372686743736267
228, 29, 0.4182893633842468, 0.38073015213012695, 0.457807719707489, 0.035945478826761246
228, 30, 0.39758574962615967, 0.38657569885253906, 0.4683443009853363, 0.012757758609950542
228, 31, 0.42313680052757263, 0.3945976793766022, 0.45146045088768005, 0.06644731014966965
228, 32, 0.398395299911499, 0.39841583371162415, 0.46350687742233276, 0.037588074803352356
229, 0, 0.4197264611721039, 0.39169344305992126, -0.26753225922584534, 0.9979935884475708
229, 1, 0.4222540259361267, 0.37702476978302, -0.27661487460136414, 0.9971697926521301
229, 2, 0.4236598014831543, 0.3750835359096527, -0.27656522393226624, 0.9962520003318787
229, 3, 0.42606884241104126, 0.3718939423561096, -0.2766052782535553, 0.9966195821762085
229, 4, 0.41837793588638306, 0.3817685842514038, -0.2783607840538025, 0.9963077306747437
229, 5, 0.4156849980354309, 0.38173210620880127, -0.2784135639667511, 0.9951531887054443
229, 6, 0.41301244497299194, 0.38171082735061646, -0.2784891128540039, 0.994644284248352
229, 7, 0.43242496252059937, 0.35720521211624146, -0.25175318121910095, 0.9978958368301392
229, 8, 0.4055298864841461, 0.3694489896297455, -0.2605016827583313, 0.9960423707962036
229, 9, 0.42246347665786743, 0.38562440872192383, -0.25099942088127136, 0.998711109161377
229, 10, 0.4148862957954407, 0.3912370502948761, -0.253689706325531, 0.9980812072753906
229, 11, 0.44288215041160583, 0.3393121063709259, -0.18167561292648315, 0.9994403719902039
229, 12, 0.3797319233417511, 0.3759097158908844, -0.20013436675071716, 0.9987791180610657
229, 13, 0.4737195372581482, 0.36970412731170654, -0.11825762689113617, 0.9228834509849548
229, 14, 0.35605987906455994, 0.4312726855278015, -0.1774033159017563, 0.9782680869102478
229, 15, 0.4831036925315857, 0.43970802426338196, -0.09417025744915009, 0.8977426886558533
229, 16, 0.3602028489112854, 0.4975736439228058, -0.17598922550678253, 0.9223171472549438
229, 17, 0.49113112688064575, 0.455605149269104, -0.0926414206624031, 0.7480760812759399
229, 18, 0.353966623544693, 0.5227097272872925, -0.18087546527385712, 0.8136207461357117
229, 19, 0.4854899048805237, 0.4584640860557556, -0.10344526916742325, 0.7897093892097473
229, 20, 0.3595745265483856, 0.5205344557762146, -0.19350914657115936, 0.8365360498428345
229, 21, 0.4804595410823822, 0.45534375309944153, -0.09628595411777496, 0.7775110006332397
229, 22, 0.362423300743103, 0.5155471563339233, -0.18033279478549957, 0.8260732889175415
229, 23, 0.43578776717185974, 0.402717262506485, 0.014240349642932415, 0.9972929358482361
229, 24, 0.4033817648887634, 0.42619702219963074, -0.014307677745819092, 0.9962553977966309
229, 25, 0.46161016821861267, 0.44916170835494995, 0.041178613901138306, 0.23198388516902924
229, 26, 0.42029261589050293, 0.4935053586959839, 0.003969008568674326, 0.46158790588378906
229, 27, 0.4534377455711365, 0.5081273317337036, 0.15208806097507477, 0.10241575539112091
229, 28, 0.434400737285614, 0.5468436479568481, 0.11915352195501328, 0.23500895500183105
229, 29, 0.4485088288784027, 0.5144475698471069, 0.16282381117343903, 0.11738108098506927
229, 30, 0.4346469044685364, 0.5507801175117493, 0.13059395551681519, 0.144893079996109
229, 31, 0.4644331932067871, 0.5394730567932129, 0.13886912167072296, 0.17960834503173828
229, 32, 0.44745177030563354, 0.5787988901138306, 0.10261769592761993, 0.28372922539711
230, 0, 0.41678276658058167, 0.3848035931587219, -0.3123669922351837, 0.9914860129356384
230, 1, 0.41830864548683167, 0.373870849609375, -0.3213310241699219, 0.9891591668128967
230, 2, 0.4199264943599701, 0.3713280260562897, -0.32133835554122925, 0.9898401498794556
230, 3, 0.42155542969703674, 0.3687855303287506, -0.3214024305343628, 0.9901419281959534
230, 4, 0.412348210811615, 0.3795228600502014, -0.322045236825943, 0.9834016561508179
230, 5, 0.41037312150001526, 0.3806144595146179, -0.32210230827331543, 0.9784865379333496
230, 6, 0.4083896577358246, 0.3817359209060669, -0.32213613390922546, 0.9645035862922668
230, 7, 0.4223747253417969, 0.35601335763931274, -0.29857924580574036, 0.9917491674423218
230, 8, 0.40217524766921997, 0.3760780692100525, -0.30168652534484863, 0.9700381755828857
230, 9, 0.41857975721359253, 0.38122880458831787, -0.29617226123809814, 0.988059937953949
230, 10, 0.41330939531326294, 0.3867799639701843, -0.2973051369190216, 0.9759243130683899
230, 11, 0.43210411071777344, 0.338253378868103, -0.24007701873779297, 0.999180018901825
230, 12, 0.37893393635749817, 0.37934163212776184, -0.2442232370376587, 0.9825945496559143
230, 13, 0.46228694915771484, 0.3646683692932129, -0.21015000343322754, 0.9631202816963196
230, 14, 0.35999536514282227, 0.4345742166042328, -0.22444872558116913, 0.9903964996337891
230, 15, 0.4832440912723541, 0.42576420307159424, -0.21795959770679474, 0.9755160808563232
230, 16, 0.36113810539245605, 0.49563950300216675, -0.22876963019371033, 0.9588147401809692
230, 17, 0.4930630624294281, 0.4333436191082001, -0.2340473234653473, 0.8833954930305481
230, 18, 0.35505402088165283, 0.5105589628219604, -0.24703243374824524, 0.8535508513450623
230, 19, 0.4855708181858063, 0.4399150311946869, -0.24638059735298157, 0.8983105421066284
230, 20, 0.3623153567314148, 0.5077700018882751, -0.2587888538837433, 0.8767850995063782
230, 21, 0.48147910833358765, 0.4403684437274933, -0.22304078936576843, 0.8663076758384705
230, 22, 0.36594152450561523, 0.5028291940689087, -0.23436613380908966, 0.8458759784698486
230, 23, 0.4270687997341156, 0.3803183138370514, 0.0015929995570331812, 0.9971537590026855
230, 24, 0.3997850716114044, 0.40479597449302673, -0.0015701118391007185, 0.9918830394744873
230, 25, 0.4295980930328369, 0.38302892446517944, 0.17676107585430145, 0.03737105056643486
230, 26, 0.3953019380569458, 0.4151736795902252, 0.17767690122127533, 0.1115763932466507
230, 27, 0.42954421043395996, 0.37694868445396423, 0.3713291585445404, 0.05396071821451187
230, 28, 0.3904113471508026, 0.4025912284851074, 0.36858877539634705, 0.10467562079429626
230, 29, 0.4273586869239807, 0.374814510345459, 0.3914906978607178, 0.04848156124353409
230, 30, 0.3902076184749603, 0.3973994851112366, 0.3886098265647888, 0.04352765157818794
230, 31, 0.4361809194087982, 0.38980424404144287, 0.37147119641304016, 0.054624855518341064
230, 32, 0.3924594521522522, 0.4123055338859558, 0.3672955334186554, 0.09267295897006989
231, 0, 0.42564454674720764, 0.38158857822418213, -0.33527326583862305, 0.34402579069137573
231, 1, 0.426999032497406, 0.37129008769989014, -0.3417145311832428, 0.3877878487110138
231, 2, 0.42849594354629517, 0.36881768703460693, -0.3417052626609802, 0.4244416654109955
231, 3, 0.430014431476593, 0.36638930439949036, -0.34178096055984497, 0.4243924021720886
231, 4, 0.42169323563575745, 0.37667909264564514, -0.34335896372795105, 0.24727153778076172
231, 5, 0.419922411441803, 0.37766724824905396, -0.34339940547943115, 0.22464227676391602
231, 6, 0.4181905686855316, 0.3786719739437103, -0.3434599041938782, 0.14753372967243195
231, 7, 0.43084102869033813, 0.3536072373390198, -0.3100917637348175, 0.5486111640930176
231, 8, 0.4129071831703186, 0.3722742199897766, -0.3171025812625885, 0.19414418935775757
231, 9, 0.4277419447898865, 0.3779996335506439, -0.3161608576774597, 0.2783511281013489
231, 10, 0.42307716608047485, 0.3831590414047241, -0.3184070289134979, 0.12372560799121857
231, 11, 0.44262760877609253, 0.3378034830093384, -0.23820272088050842, 0.9773179292678833
231, 12, 0.3947352468967438, 0.3830523192882538, -0.25533169507980347, 0.6716980934143066
231, 13, 0.4633243978023529, 0.37230685353279114, -0.1866467297077179, 0.5833725333213806
231, 14, 0.38261640071868896, 0.43075770139694214, -0.24313569068908691, 0.9612314105033875
231, 15, 0.47062259912490845, 0.42268362641334534, -0.16461563110351562, 0.5503200888633728
231, 16, 0.3846948742866516, 0.4711633324623108, -0.25210726261138916, 0.869911253452301
231, 17, 0.4762464463710785, 0.431692898273468, -0.17426787316799164, 0.2993358075618744
231, 18, 0.3806803226470947, 0.48062196373939514, -0.2713184654712677, 0.7104507088661194
231, 19, 0.4700702130794525, 0.43470636010169983, -0.18226242065429688, 0.33541983366012573
231, 20, 0.38529565930366516, 0.4775346517562866, -0.27909591794013977, 0.7434661984443665
231, 21, 0.4673135280609131, 0.43252885341644287, -0.1675354391336441, 0.35240262746810913
231, 22, 0.38793501257896423, 0.4738008677959442, -0.2566159963607788, 0.6608158349990845
231, 23, 0.4394392967224121, 0.3778947591781616, 0.005741410423070192, 0.9964763522148132
231, 24, 0.41325289011001587, 0.40283265709877014, -0.005789708811789751, 0.9552925229072571
231, 25, 0.4615251421928406, 0.3929000496864319, 0.15255671739578247, 0.07328422367572784
231, 26, 0.416707843542099, 0.42587709426879883, 0.15798690915107727, 0.03023286908864975
231, 27, 0.46426764130592346, 0.41146114468574524, 0.329640656709671, 0.08132317662239075
231, 28, 0.4242938458919525, 0.423559308052063, 0.3373406231403351, 0.017195040360093117
231, 29, 0.4609432816505432, 0.4127638638019562, 0.34770095348358154, 0.07701891660690308
231, 30, 0.42528408765792847, 0.41881829500198364, 0.35577353835105896, 0.014047727920114994
231, 31, 0.4767001271247864, 0.42731472849845886, 0.3189225494861603, 0.15902355313301086
231, 32, 0.4318637251853943, 0.4377093017101288, 0.32992327213287354, 0.05042251944541931
232, 0, 0.43483033776283264, 0.4718257486820221, -0.16437077522277832, 0.9998053908348083
232, 1, 0.44032493233680725, 0.46619588136672974, -0.17501798272132874, 0.9997807145118713
232, 2, 0.4455435276031494, 0.464852899312973, -0.1750197857618332, 0.9997801184654236
232, 3, 0.44817447662353516, 0.46396297216415405, -0.17501668632030487, 0.9998006224632263
232, 4, 0.43012896180152893, 0.4651404023170471, -0.17510773241519928, 0.9998183846473694
232, 5, 0.42753201723098755, 0.46405819058418274, -0.1751435250043869, 0.9998242259025574
232, 6, 0.42459601163864136, 0.4623892605304718, -0.17516069114208221, 0.9998565912246704
232, 7, 0.4541202187538147, 0.4504762291908264, -0.17575865983963013, 0.9994365572929382
232, 8, 0.4194679856300354, 0.44139277935028076, -0.17678986489772797, 0.9997522234916687
232, 9, 0.4399159550666809, 0.4665265679359436, -0.1594235897064209, 0.9997897744178772
232, 10, 0.43060240149497986, 0.4617963135242462, -0.15965302288532257, 0.9997758269309998
232, 11, 0.47757601737976074, 0.42935484647750854, -0.13052791357040405, 0.9969480633735657
232, 12, 0.4037310481071472, 0.39231112599372864, -0.13865722715854645, 0.9985191226005554
232, 13, 0.4909016191959381, 0.4913460612297058, -0.10993252694606781, 0.9770997166633606
232, 14, 0.37547585368156433, 0.44243207573890686, -0.10970465838909149, 0.9498887062072754
232, 15, 0.5043603777885437, 0.568216860294342, -0.14889800548553467, 0.9912434816360474
232, 16, 0.37878844141960144, 0.5202375054359436, -0.12547381222248077, 0.9805199503898621
232, 17, 0.5141743421554565, 0.5905759334564209, -0.17198094725608826, 0.9874839186668396
232, 18, 0.3677004873752594, 0.5386449694633484, -0.14961622655391693, 0.9703749418258667
232, 19, 0.5027198195457458, 0.5882487297058105, -0.1774565428495407, 0.9873614311218262
232, 20, 0.3802845776081085, 0.5442878007888794, -0.156704381108284, 0.9714816212654114
232, 21, 0.4978705048561096, 0.5791572332382202, -0.15290874242782593, 0.9758926033973694
232, 22, 0.38592785596847534, 0.5380074977874756, -0.12999169528484344, 0.9613706469535828
232, 23, 0.4684968590736389, 0.3407374620437622, 0.004358532838523388, 0.9972612857818604
232, 24, 0.434234619140625, 0.33147162199020386, -0.0043878317810595036, 0.9965898990631104
232, 25, 0.4742981791496277, 0.4445720314979553, 0.07425978779792786, 0.1226278617978096
232, 26, 0.42382532358169556, 0.44307801127433777, 0.06249484419822693, 0.18204531073570251
232, 27, 0.46502527594566345, 0.458698570728302, 0.21966645121574402, 0.18565477430820465
232, 28, 0.4349426329135895, 0.44786685705184937, 0.21202822029590607, 0.09132955223321915
232, 29, 0.4626355767250061, 0.4564070701599121, 0.23454168438911438, 0.10531380772590637
232, 30, 0.43621373176574707, 0.445745050907135, 0.2273152768611908, 0.07084036618471146
232, 31, 0.46284398436546326, 0.48616325855255127, 0.21333079040050507, 0.29312586784362793
232, 32, 0.4383046627044678, 0.46616747975349426, 0.20858800411224365, 0.15113162994384766
233, 0, 0.43781739473342896, 0.47081905603408813, -0.6506291627883911, 0.9998856782913208
233, 1, 0.4424251914024353, 0.46048805117607117, -0.659100353717804, 0.9999017715454102
233, 2, 0.44562894105911255, 0.45896658301353455, -0.6590749025344849, 0.9999129772186279
233, 3, 0.4488615095615387, 0.45779949426651, -0.6590995788574219, 0.9998948574066162
233, 4, 0.4319098889827728, 0.4603064954280853, -0.6590231657028198, 0.999903678894043
233, 5, 0.4279441237449646, 0.4586027264595032, -0.6590772867202759, 0.9999009370803833
233, 6, 0.4241129755973816, 0.45711299777030945, -0.6590288877487183, 0.9998708963394165
233, 7, 0.4563388228416443, 0.44124138355255127, -0.5901896953582764, 0.9996600151062012
233, 8, 0.4170924127101898, 0.4318687319755554, -0.5882956981658936, 0.9996953010559082
233, 9, 0.4439311921596527, 0.46393874287605286, -0.6129955053329468, 0.9997585415840149
233, 10, 0.4326534867286682, 0.4647684693336487, -0.6124955415725708, 0.9996323585510254
233, 11, 0.4952602982521057, 0.4210939109325409, -0.42630475759506226, 0.9898808002471924
233, 12, 0.3932577669620514, 0.3937627077102661, -0.4233643412590027, 0.9710307121276855
233, 13, 0.5126875042915344, 0.560187578201294, -0.3744198977947235, 0.9820961952209473
233, 14, 0.37369397282600403, 0.5122551321983337, -0.3775928020477295, 0.9655374884605408
233, 15, 0.5137158036231995, 0.6915808916091919, -0.4703320562839508, 0.9948544502258301
233, 16, 0.38577163219451904, 0.686893105506897, -0.4685402512550354, 0.9880311489105225
233, 17, 0.5217579007148743, 0.7231841087341309, -0.5292778611183167, 0.9927811026573181
233, 18, 0.37516647577285767, 0.7159465551376343, -0.5329383611679077, 0.9837756752967834
233, 19, 0.5086821913719177, 0.7259037494659424, -0.5543610453605652, 0.9924528002738953
233, 20, 0.3868582546710968, 0.7204916477203369, -0.5568966269493103, 0.9806113243103027
233, 21, 0.5036031007766724, 0.7112930417060852, -0.4854632318019867, 0.9883880019187927
233, 22, 0.3948129117488861, 0.7083923816680908, -0.48376187682151794, 0.9786080718040466
233, 23, 0.4865860044956207, 0.33789896965026855, 0.0007445350056514144, 0.9937977194786072
233, 24, 0.4284617006778717, 0.32810086011886597, -0.0005620931042358279, 0.9908142685890198
233, 25, 0.4878200590610504, 0.5571401119232178, 0.01245203334838152, 0.379631370306015
233, 26, 0.40476852655410767, 0.5233244895935059, 0.006308800540864468, 0.767035722732544
233, 27, 0.45583614706993103, 0.672193706035614, 0.2334708422422409, 0.5421311855316162
233, 28, 0.3992854952812195, 0.6903843879699707, 0.22573554515838623, 0.6831185221672058
233, 29, 0.44862422347068787, 0.6794289350509644, 0.2527822256088257, 0.39459091424942017
233, 30, 0.4032345414161682, 0.7020807266235352, 0.24657467007637024, 0.5561643242835999
233, 31, 0.4542444348335266, 0.740952730178833, 0.14059031009674072, 0.7880657315254211
233, 32, 0.39292290806770325, 0.7354065179824829, 0.14221897721290588, 0.8315573930740356
234, 0, 0.43816107511520386, 0.4689197838306427, -0.6913963556289673, 0.9998748302459717
234, 1, 0.4424929618835449, 0.4602164924144745, -0.7003490924835205, 0.9999022483825684
234, 2, 0.44564610719680786, 0.4584943652153015, -0.7003162503242493, 0.9998962879180908
234, 3, 0.448808491230011, 0.45706239342689514, -0.70035719871521, 0.9998984336853027
234, 4, 0.43234768509864807, 0.46027225255966187, -0.7005136013031006, 0.9998979568481445
234, 5, 0.4285375475883484, 0.45850229263305664, -0.700585126876831, 0.9998806715011597
234, 6, 0.42485150694847107, 0.45688265562057495, -0.700547456741333, 0.9998745918273926
234, 7, 0.4560747742652893, 0.4401881694793701, -0.6294049024581909, 0.9995902180671692
234, 8, 0.41811925172805786, 0.4315984845161438, -0.6292310953140259, 0.999677300453186
234, 9, 0.44447630643844604, 0.45965850353240967, -0.6530823111534119, 0.9998180270195007
234, 10, 0.43363291025161743, 0.45995187759399414, -0.6529932022094727, 0.9997320771217346
234, 11, 0.49665385484695435, 0.4186990559101105, -0.4649370312690735, 0.991384744644165
234, 12, 0.3913232684135437, 0.39254289865493774, -0.4654439091682434, 0.9826506972312927
234, 13, 0.5114742517471313, 0.5601269602775574, -0.4278789460659027, 0.9849385023117065
234, 14, 0.37650761008262634, 0.5189914703369141, -0.436804860830307, 0.9814978837966919
234, 15, 0.5128229260444641, 0.6985679864883423, -0.5321769118309021, 0.995079755783081
234, 16, 0.3864622116088867, 0.6874163150787354, -0.5333762764930725, 0.9907167553901672
234, 17, 0.5201666355133057, 0.7315831780433655, -0.595588743686676, 0.9930851459503174
234, 18, 0.37537840008735657, 0.7169131636619568, -0.6021730303764343, 0.9858184456825256
234, 19, 0.5059609413146973, 0.7303330898284912, -0.6215893626213074, 0.9930083751678467
234, 20, 0.3878747522830963, 0.7228574752807617, -0.6252458691596985, 0.9834250807762146
234, 21, 0.5002610683441162, 0.7155482769012451, -0.5484155416488647, 0.9885615706443787
234, 22, 0.3965979218482971, 0.7108092308044434, -0.5485946536064148, 0.9811935424804688
234, 23, 0.4869912266731262, 0.3390326201915741, 0.0013082571094855666, 0.9951134324073792
234, 24, 0.42779818177223206, 0.3289097249507904, -0.0011765167582780123, 0.99140465259552
234, 25, 0.49053454399108887, 0.5397369265556335, 0.022462502121925354, 0.2945501506328583
234, 26, 0.40485256910324097, 0.525249183177948, 0.019723419100046158, 0.7240893840789795
234, 27, 0.4521558880805969, 0.6520381569862366, 0.2681189179420471, 0.4078543186187744
234, 28, 0.3958091139793396, 0.6810382008552551, 0.26311254501342773, 0.5338407754898071
234, 29, 0.4434979557991028, 0.656345784664154, 0.2895519733428955, 0.24429893493652344
234, 30, 0.40524664521217346, 0.6858764886856079, 0.28621408343315125, 0.39188292622566223
234, 31, 0.45228666067123413, 0.7232686281204224, 0.17424307763576508, 0.7042251229286194
234, 32, 0.3916394114494324, 0.737159788608551, 0.18135787546634674, 0.7327059507369995
235, 0, 0.43817171454429626, 0.466910183429718, -0.633182942867279, 0.9998685121536255
235, 1, 0.44301900267601013, 0.4576040506362915, -0.6458322405815125, 0.9998879432678223
235, 2, 0.4463496804237366, 0.45633405447006226, -0.6458297967910767, 0.9999043941497803
235, 3, 0.449634850025177, 0.4554235637187958, -0.6458301544189453, 0.9999022483825684
235, 4, 0.43235284090042114, 0.45700371265411377, -0.6454641222953796, 0.9998745918273926
235, 5, 0.42851871252059937, 0.45531517267227173, -0.6455169916152954, 0.9998732805252075
235, 6, 0.4247966706752777, 0.4537583589553833, -0.645487904548645, 0.9998419284820557
235, 7, 0.4569484293460846, 0.4396793842315674, -0.5920523405075073, 0.9996813535690308
235, 8, 0.41786032915115356, 0.4308520555496216, -0.5890646576881409, 0.9995282888412476
235, 9, 0.44453296065330505, 0.4588269889354706, -0.6007154583930969, 0.9997888207435608
235, 10, 0.4331873059272766, 0.45912042260169983, -0.5999590158462524, 0.9996349811553955
235, 11, 0.4948248267173767, 0.4194695055484772, -0.44016557931900024, 0.9896790981292725
235, 12, 0.39475488662719727, 0.3914341926574707, -0.4329532980918884, 0.9573671817779541
235, 13, 0.5139367580413818, 0.5510045289993286, -0.3952437937259674, 0.9885108470916748
235, 14, 0.3717633783817291, 0.5036796927452087, -0.3954605162143707, 0.9405241012573242
235, 15, 0.512822687625885, 0.6871399879455566, -0.4807397425174713, 0.995782732963562
235, 16, 0.38577598333358765, 0.6795041561126709, -0.4763057827949524, 0.9747742414474487
235, 17, 0.5199021100997925, 0.7195138931274414, -0.5391289591789246, 0.9943453073501587
235, 18, 0.3780531883239746, 0.7113741636276245, -0.5396947264671326, 0.9680616855621338
235, 19, 0.5081954598426819, 0.7231433391571045, -0.5614374279975891, 0.9942759871482849
235, 20, 0.3910547196865082, 0.7141486406326294, -0.5634421110153198, 0.9629235863685608
235, 21, 0.5031977891921997, 0.7085756063461304, -0.49491673707962036, 0.9909300208091736
235, 22, 0.39722898602485657, 0.7026171684265137, -0.49156445264816284, 0.9599003195762634
235, 23, 0.4883793890476227, 0.3432140350341797, -0.002398794051259756, 0.9960451722145081
235, 24, 0.43068352341651917, 0.33589968085289, 0.002491372637450695, 0.9907901287078857
235, 25, 0.4793248772621155, 0.56065434217453, -0.0005230058450251818, 0.4553196132183075
235, 26, 0.404816210269928, 0.5221396684646606, 0.0009147016098722816, 0.7648333311080933
235, 27, 0.4606130123138428, 0.677208662033081, 0.20339873433113098, 0.6590626835823059
235, 28, 0.39660337567329407, 0.6901847124099731, 0.20209690928459167, 0.759892463684082
235, 29, 0.4545661509037018, 0.6858682036399841, 0.22098562121391296, 0.4372599422931671
235, 30, 0.402576744556427, 0.7045803070068359, 0.22123229503631592, 0.6408706307411194
235, 31, 0.46201497316360474, 0.7431552410125732, 0.10557522624731064, 0.8269320726394653
235, 32, 0.38698428869247437, 0.7415837645530701, 0.11310261487960815, 0.8678483366966248
236, 0, 0.4383765161037445, 0.4666711986064911, -0.6326983571052551, 0.9998449087142944
236, 1, 0.4429597854614258, 0.4578881859779358, -0.6457619071006775, 0.9998633861541748
236, 2, 0.4461190104484558, 0.4566139578819275, -0.6457529067993164, 0.9998853206634521
236, 3, 0.4493371844291687, 0.4557269215583801, -0.6457417011260986, 0.9998892545700073
236, 4, 0.4328468441963196, 0.4570957124233246, -0.6453641057014465, 0.9998550415039062
236, 5, 0.42913681268692017, 0.45526793599128723, -0.6454134583473206, 0.9998557567596436
236, 6, 0.4255151152610779, 0.45363202691078186, -0.6453771591186523, 0.9998194575309753
236, 7, 0.4562709331512451, 0.4401686489582062, -0.5937243103981018, 0.9996497631072998
236, 8, 0.4184802174568176, 0.4308118522167206, -0.5905195474624634, 0.99946528673172
236, 9, 0.4444008767604828, 0.458660751581192, -0.6009026765823364, 0.9997492432594299
236, 10, 0.4333546757698059, 0.4604034423828125, -0.6000792980194092, 0.9995569586753845
236, 11, 0.4941405653953552, 0.41915571689605713, -0.4421922564506531, 0.9875023365020752
236, 12, 0.3946027159690857, 0.39242023229599, -0.43298807740211487, 0.9503406882286072
236, 13, 0.5121780037879944, 0.5512710809707642, -0.397968053817749, 0.9882977604866028
236, 14, 0.3729439377784729, 0.5046074986457825, -0.39423051476478577, 0.9251571297645569
236, 15, 0.512529194355011, 0.6863647103309631, -0.48021262884140015, 0.9949777722358704
236, 16, 0.38560083508491516, 0.6800422668457031, -0.4724045395851135, 0.9639528393745422
236, 17, 0.5193650722503662, 0.7194759845733643, -0.5378560423851013, 0.9936841130256653
236, 18, 0.37825143337249756, 0.7103673815727234, -0.5347714424133301, 0.9573937058448792
236, 19, 0.5084536075592041, 0.7235734462738037, -0.5595256686210632, 0.9937453269958496
236, 20, 0.39150333404541016, 0.713407039642334, -0.5583853125572205, 0.9512471556663513
236, 21, 0.5037079453468323, 0.7089518308639526, -0.4940164089202881, 0.9900363683700562
236, 22, 0.397457480430603, 0.7025371789932251, -0.48754629492759705, 0.9466621279716492
236, 23, 0.48834457993507385, 0.3421494960784912, -0.0028763723094016314, 0.9959632158279419
236, 24, 0.4307742714881897, 0.3351638913154602, 0.002945180283859372, 0.9905279874801636
236, 25, 0.47985729575157166, 0.5601385831832886, -0.0049721659161150455, 0.46346303820610046
236, 26, 0.4027274250984192, 0.5194517374038696, -0.003842645790427923, 0.7781072854995728
236, 27, 0.4622116982936859, 0.6786253452301025, 0.1936989724636078, 0.7071521282196045
236, 28, 0.39627188444137573, 0.6909591555595398, 0.19329209625720978, 0.8113667964935303
236, 29, 0.45605525374412537, 0.6871658563613892, 0.21053917706012726, 0.475273996591568
236, 30, 0.4021793007850647, 0.7056245803833008, 0.21181359887123108, 0.6872320175170898
236, 31, 0.4637206196784973, 0.7456696629524231, 0.09202582389116287, 0.850496768951416
236, 32, 0.37946680188179016, 0.7432904839515686, 0.10103628784418106, 0.8921595811843872
237, 0, 0.4383142590522766, 0.4665939211845398, -0.6354698538780212, 0.999824583530426
237, 1, 0.4430352747440338, 0.4574694335460663, -0.6482733488082886, 0.9998470544815063
237, 2, 0.44631820917129517, 0.45612719655036926, -0.6482563018798828, 0.9998666048049927
237, 3, 0.44964584708213806, 0.4552154242992401, -0.6482493281364441, 0.9998713731765747
237, 4, 0.4325907826423645, 0.4570987820625305, -0.647987425327301, 0.9998407363891602
237, 5, 0.4288106858730316, 0.4554806053638458, -0.6480382680892944, 0.9998366832733154
237, 6, 0.4251387119293213, 0.4540367126464844, -0.6480004191398621, 0.9998012185096741
237, 7, 0.4567830562591553, 0.43917325139045715, -0.5948493480682373, 0.9995730519294739
237, 8, 0.4182050824165344, 0.43141818046569824, -0.5922892093658447, 0.9993995428085327
237, 9, 0.4445982873439789, 0.4583614468574524, -0.6031286120414734, 0.9997069239616394
237, 10, 0.43326300382614136, 0.4603203535079956, -0.6024976968765259, 0.9994988441467285
237, 11, 0.4959326684474945, 0.41844287514686584, -0.44292527437210083, 0.9871217608451843
237, 12, 0.39434805512428284, 0.39355361461639404, -0.43405571579933167, 0.9502661824226379
237, 13, 0.5145063996315002, 0.551399290561676, -0.3990957736968994, 0.991588294506073
237, 14, 0.3731587529182434, 0.5012423992156982, -0.3957829177379608, 0.9304254651069641
237, 15, 0.5127952694892883, 0.6885360479354858, -0.48023170232772827, 0.9959689378738403
237, 16, 0.385658323764801, 0.678741455078125, -0.4748916029930115, 0.9649864435195923
237, 17, 0.5195847749710083, 0.7207175493240356, -0.5370293259620667, 0.9945958256721497
237, 18, 0.3760654032230377, 0.7087900638580322, -0.5370715856552124, 0.9561079144477844
237, 19, 0.5063204169273376, 0.7233196496963501, -0.5597386956214905, 0.9946587681770325
237, 20, 0.38778799772262573, 0.7146744728088379, -0.5599768757820129, 0.9511227607727051
237, 21, 0.5019761323928833, 0.7082517147064209, -0.4942258298397064, 0.9912441968917847
237, 22, 0.3968077301979065, 0.7030321359634399, -0.4897007346153259, 0.9462990760803223
237, 23, 0.4882568418979645, 0.34346917271614075, -0.0013343192404136062, 0.9942892789840698
237, 24, 0.4298275113105774, 0.3355976343154907, 0.0013953445013612509, 0.9872555732727051
237, 25, 0.47659891843795776, 0.5563547611236572, -0.00221201847307384, 0.40418651700019836
237, 26, 0.40012311935424805, 0.5182539224624634, -0.004706000909209251, 0.7530644536018372
237, 27, 0.45065540075302124, 0.6673088669776917, 0.2007960081100464, 0.6105389595031738
237, 28, 0.39412540197372437, 0.6843306422233582, 0.19527605175971985, 0.7540441155433655
237, 29, 0.4431043565273285, 0.6738706827163696, 0.21806874871253967, 0.3837513029575348
237, 30, 0.4000198245048523, 0.6996715068817139, 0.2141021490097046, 0.6237991452217102
237, 31, 0.4513700604438782, 0.7358340620994568, 0.10307133197784424, 0.7951680421829224
237, 32, 0.3796670734882355, 0.7440766096115112, 0.10622856765985489, 0.8602381348609924
238, 0, 0.4433385729789734, 0.45718735456466675, -0.7184677124023438, 0.9999387264251709
238, 1, 0.44772273302078247, 0.4517294466495514, -0.7261961102485657, 0.9999587535858154
238, 2, 0.45129814743995667, 0.45082008838653564, -0.7261465191841125, 0.9999549388885498
238, 3, 0.4549500346183777, 0.44983530044555664, -0.7262027859687805, 0.9999532699584961
238, 4, 0.43756380677223206, 0.4500086009502411, -0.726183295249939, 0.9999579191207886
238, 5, 0.4337797164916992, 0.4480125904083252, -0.7262442708015442, 0.999948263168335
238, 6, 0.4299064576625824, 0.4462103843688965, -0.7261732220649719, 0.9999459981918335
238, 7, 0.463223934173584, 0.4360906481742859, -0.6481975317001343, 0.9998360872268677
238, 8, 0.4210129380226135, 0.42558225989341736, -0.6476161479949951, 0.999886155128479
238, 9, 0.44962602853775024, 0.45083266496658325, -0.6778730154037476, 0.9999134540557861
238, 10, 0.43835917115211487, 0.44932281970977783, -0.6777418255805969, 0.9998794794082642
238, 11, 0.5022150278091431, 0.41250136494636536, -0.47079330682754517, 0.9957296252250671
238, 12, 0.39662250876426697, 0.3926941454410553, -0.47192877531051636, 0.9909433722496033
238, 13, 0.5179989337921143, 0.556315541267395, -0.4293076992034912, 0.9932072758674622
238, 14, 0.38191670179367065, 0.5429381132125854, -0.43088847398757935, 0.9810000658035278
238, 15, 0.5155823826789856, 0.6927500367164612, -0.5149829387664795, 0.9973559379577637
238, 16, 0.38512760400772095, 0.6833583116531372, -0.5106385946273804, 0.9916083216667175
238, 17, 0.5189123749732971, 0.723753035068512, -0.5715397000312805, 0.995222270488739
238, 18, 0.3724709153175354, 0.7118930220603943, -0.5720279216766357, 0.9852584600448608
238, 19, 0.5054156184196472, 0.7250407934188843, -0.5961872339248657, 0.9950070381164551
238, 20, 0.38661062717437744, 0.7168117761611938, -0.5924445986747742, 0.9834240078926086
238, 21, 0.5010731220245361, 0.7113298773765564, -0.5294840335845947, 0.9915123581886292
238, 22, 0.396428644657135, 0.7044477462768555, -0.5238314867019653, 0.9797465801239014
238, 23, 0.4899976849555969, 0.3373063802719116, 0.0038565329741686583, 0.9978601336479187
238, 24, 0.42512455582618713, 0.33083638548851013, -0.003745582653209567, 0.9964612126350403
238, 25, 0.48760026693344116, 0.5461287498474121, 0.005781224928796291, 0.4658045470714569
238, 26, 0.4107414186000824, 0.5365650057792664, -0.006629199720919132, 0.8194431662559509
238, 27, 0.4505726397037506, 0.6547801494598389, 0.22664780914783478, 0.6525927186012268
238, 28, 0.3975740373134613, 0.6785745024681091, 0.21603794395923615, 0.7032240629196167
238, 29, 0.44014254212379456, 0.6598873138427734, 0.24508097767829895, 0.4436059594154358
238, 30, 0.40568819642066956, 0.6797091960906982, 0.2363167703151703, 0.5251497030258179
238, 31, 0.45175856351852417, 0.7280058860778809, 0.12943650782108307, 0.8487764000892639
238, 32, 0.39164334535598755, 0.7329049110412598, 0.13021400570869446, 0.8528866767883301
239, 0, 0.4431934952735901, 0.46829813718795776, -0.5439711809158325, 0.9999724626541138
239, 1, 0.44908589124679565, 0.4538172483444214, -0.5472885370254517, 0.9999810457229614
239, 2, 0.4531312584877014, 0.4501708149909973, -0.5472778081893921, 0.9999724626541138
239, 3, 0.45690077543258667, 0.44914916157722473, -0.547386884689331, 0.9999704360961914
239, 4, 0.4372245669364929, 0.4521101713180542, -0.5449079871177673, 0.9999829530715942
239, 5, 0.43366914987564087, 0.4501560628414154, -0.5449461936950684, 0.9999746084213257
239, 6, 0.43021565675735474, 0.446488618850708, -0.5449123382568359, 0.9999749660491943
239, 7, 0.4642304480075836, 0.4331916272640228, -0.4760966897010803, 0.9998899698257446
239, 8, 0.4238261580467224, 0.42905834317207336, -0.4655614495277405, 0.999950647354126
239, 9, 0.4506853520870209, 0.4619430899620056, -0.5085297226905823, 0.9999070167541504
239, 10, 0.4379071593284607, 0.4646775424480438, -0.5053662657737732, 0.999893307685852
239, 11, 0.49955302476882935, 0.4277106821537018, -0.340300053358078, 0.9896067976951599
239, 12, 0.40717869997024536, 0.39678165316581726, -0.342337042093277, 0.9860495924949646
239, 13, 0.5119541883468628, 0.5522873401641846, -0.30632007122039795, 0.9570940732955933
239, 14, 0.38727959990501404, 0.5053554177284241, -0.330782413482666, 0.9747373461723328
239, 15, 0.5056089162826538, 0.6600257158279419, -0.3871956467628479, 0.9904898405075073
239, 16, 0.3877571225166321, 0.616898775100708, -0.41658815741539, 0.9863009452819824
239, 17, 0.5133833885192871, 0.6933560371398926, -0.43774423003196716, 0.9810406565666199
239, 18, 0.378373920917511, 0.6461697816848755, -0.4710104465484619, 0.9724273085594177
239, 19, 0.5007725358009338, 0.6900413036346436, -0.4541320204734802, 0.9812880754470825
239, 20, 0.39132124185562134, 0.643388569355011, -0.4876195788383484, 0.9701756238937378
239, 21, 0.49477991461753845, 0.6749311685562134, -0.39858052134513855, 0.967445433139801
239, 22, 0.39770451188087463, 0.6336047649383545, -0.4281437397003174, 0.9646399021148682
239, 23, 0.4869905114173889, 0.3597221374511719, 0.008252683095633984, 0.9958717226982117
239, 24, 0.44106584787368774, 0.3416709899902344, -0.008141957223415375, 0.997149646282196
239, 25, 0.4859655499458313, 0.4988411068916321, 0.14512762427330017, 0.15631964802742004
239, 26, 0.41705775260925293, 0.4984452426433563, 0.10699017345905304, 0.4571956694126129
239, 27, 0.468456894159317, 0.5206075310707092, 0.43750137090682983, 0.07319521903991699
239, 28, 0.4306108355522156, 0.5037195682525635, 0.42241841554641724, 0.07005523890256882
239, 29, 0.4646664261817932, 0.5168139934539795, 0.4670693874359131, 0.04574073851108551
239, 30, 0.4339779019355774, 0.4969484210014343, 0.4550930857658386, 0.061636511236429214
239, 31, 0.4673609137535095, 0.5566594004631042, 0.42711514234542847, 0.28627118468284607
239, 32, 0.4314177632331848, 0.5384263396263123, 0.4240379333496094, 0.20427662134170532
240, 0, 0.44258832931518555, 0.46793103218078613, -0.19728705286979675, 0.999874472618103
240, 1, 0.4494587481021881, 0.4611075818538666, -0.21022045612335205, 0.9998360872268677
240, 2, 0.45357751846313477, 0.4583233594894409, -0.21024277806282043, 0.9998947381973267
240, 3, 0.45671024918556213, 0.45844417810440063, -0.21025840938091278, 0.9998784065246582
240, 4, 0.4404148459434509, 0.4570922553539276, -0.21051688492298126, 0.9998493194580078
240, 5, 0.43678808212280273, 0.45516693592071533, -0.21053394675254822, 0.9998914003372192
240, 6, 0.43455901741981506, 0.45223885774612427, -0.21052095293998718, 0.9998326301574707
240, 7, 0.46656903624534607, 0.44324806332588196, -0.21744713187217712, 0.9996508359909058
240, 8, 0.43235892057418823, 0.42400413751602173, -0.2185877561569214, 0.9996639490127563
240, 9, 0.45076027512550354, 0.458163321018219, -0.19336803257465363, 0.999729573726654
240, 10, 0.4396238923072815, 0.4580039083957672, -0.1936902403831482, 0.9995909333229065
240, 11, 0.4903034269809723, 0.4313984215259552, -0.16601118445396423, 0.9974619150161743
240, 12, 0.4176383912563324, 0.38326677680015564, -0.16262264549732208, 0.9937102794647217
240, 13, 0.4988016188144684, 0.5125269293785095, -0.12798155844211578, 0.953300416469574
240, 14, 0.38260459899902344, 0.43207651376724243, -0.1295287162065506, 0.937993586063385
240, 15, 0.5039594173431396, 0.6032686829566956, -0.15997828543186188, 0.9946235418319702
240, 16, 0.3778219521045685, 0.5079852342605591, -0.1480827033519745, 0.9926465749740601
240, 17, 0.5084747076034546, 0.6290865540504456, -0.18540744483470917, 0.9938549399375916
240, 18, 0.37117695808410645, 0.5256941318511963, -0.17406296730041504, 0.9890753030776978
240, 19, 0.49997806549072266, 0.627264142036438, -0.192948579788208, 0.9930078983306885
240, 20, 0.38139379024505615, 0.537769615650177, -0.18452095985412598, 0.9878832697868347
240, 21, 0.49738049507141113, 0.6158072352409363, -0.16455523669719696, 0.989357054233551
240, 22, 0.38283851742744446, 0.5371872782707214, -0.15407255291938782, 0.9859350919723511
240, 23, 0.48223915696144104, 0.34722188115119934, -0.0026396107859909534, 0.9966957569122314
240, 24, 0.44752389192581177, 0.34153422713279724, 0.0028138253837823868, 0.9933180809020996
240, 25, 0.49888888001441956, 0.4863518476486206, 0.011859302408993244, 0.49099135398864746
240, 26, 0.44302910566329956, 0.4694262146949768, 0.040163569152355194, 0.4498094618320465
240, 27, 0.49466046690940857, 0.5591926574707031, 0.12566441297531128, 0.5998457670211792
240, 28, 0.45964306592941284, 0.5559517741203308, 0.15346510708332062, 0.5109478831291199
240, 29, 0.49411314725875854, 0.5659757852554321, 0.13761645555496216, 0.4071149230003357
240, 30, 0.4646316468715668, 0.5660713315010071, 0.16509632766246796, 0.3734213411808014
240, 31, 0.49206238985061646, 0.6015124917030334, 0.09717509150505066, 0.8168601393699646
240, 32, 0.4597350060939789, 0.5997288227081299, 0.12679478526115417, 0.7090827226638794
241, 0, 0.4486059248447418, 0.45767173171043396, -0.22706075012683868, 0.9999063014984131
241, 1, 0.45326122641563416, 0.449078232049942, -0.2363840639591217, 0.9999212026596069
241, 2, 0.45620736479759216, 0.4480639696121216, -0.23634767532348633, 0.9999353885650635
241, 3, 0.4608460068702698, 0.4464540183544159, -0.23637394607067108, 0.999916672706604
241, 4, 0.4443635046482086, 0.4488895535469055, -0.23689380288124084, 0.9999264478683472
241, 5, 0.4419936537742615, 0.4551911950111389, -0.23692412674427032, 0.99992835521698
241, 6, 0.4390696883201599, 0.45079562067985535, -0.23689956963062286, 0.9999130964279175
241, 7, 0.46641597151756287, 0.42805954813957214, -0.22675088047981262, 0.9997606873512268
241, 8, 0.4312985837459564, 0.43324825167655945, -0.2291310727596283, 0.9998745918273926
241, 9, 0.4537968039512634, 0.44926029443740845, -0.2173578441143036, 0.9997780919075012
241, 10, 0.4443133771419525, 0.4490312933921814, -0.2181423008441925, 0.9997966885566711
241, 11, 0.4895039498806, 0.3981170356273651, -0.1653093844652176, 0.9956398010253906
241, 12, 0.4105662405490875, 0.3918244540691376, -0.17285561561584473, 0.9931856393814087
241, 13, 0.5172902941703796, 0.4336444139480591, -0.11606822907924652, 0.9688696265220642
241, 14, 0.387681782245636, 0.43203461170196533, -0.11129279434680939, 0.9215728044509888
241, 15, 0.5215619802474976, 0.4922636151313782, -0.10530581325292587, 0.9786254167556763
241, 16, 0.38273024559020996, 0.5108141899108887, -0.07379476726055145, 0.9507336020469666
241, 17, 0.5291813611984253, 0.5068644285202026, -0.11937692016363144, 0.971307635307312
241, 18, 0.37364378571510315, 0.5306111574172974, -0.08700885623693466, 0.9441425204277039
241, 19, 0.5203219652175903, 0.5096158981323242, -0.12641547620296478, 0.9714845418930054
241, 20, 0.38289883732795715, 0.5316041111946106, -0.09066782146692276, 0.9432357549667358
241, 21, 0.5150956511497498, 0.5033003687858582, -0.10797590017318726, 0.9516331553459167
241, 22, 0.38829293847084045, 0.5242067575454712, -0.07486032694578171, 0.9287962317466736
241, 23, 0.4751773476600647, 0.3479916453361511, 0.00230668974108994, 0.9717758297920227
241, 24, 0.43556031584739685, 0.339802086353302, -0.0022479365579783916, 0.9575784206390381
241, 25, 0.4802018105983734, 0.44875770807266235, 0.08418354392051697, 0.232497438788414
241, 26, 0.4335385262966156, 0.4411123991012573, 0.07851601392030716, 0.17028860747814178
241, 27, 0.4651254713535309, 0.49969831109046936, 0.23602087795734406, 0.3148576319217682
241, 28, 0.4398323893547058, 0.49477243423461914, 0.23055008053779602, 0.14782825112342834
241, 29, 0.46153512597084045, 0.4998134970664978, 0.2525157034397125, 0.1894315928220749
241, 30, 0.440781831741333, 0.49726101756095886, 0.24714604020118713, 0.09151938557624817
241, 31, 0.4653940200805664, 0.5406861901283264, 0.23605163395404816, 0.3604256212711334
241, 32, 0.44512563943862915, 0.5348237752914429, 0.23014473915100098, 0.18611568212509155
242, 0, 0.4451209008693695, 0.4604974091053009, -0.31367194652557373, 0.9998177886009216
242, 1, 0.44995251297950745, 0.44996726512908936, -0.32063913345336914, 0.9998677968978882
242, 2, 0.45326846837997437, 0.449230819940567, -0.3206176459789276, 0.999880313873291
242, 3, 0.45657190680503845, 0.44846174120903015, -0.3206709325313568, 0.9998537302017212
242, 4, 0.4400046467781067, 0.4511934816837311, -0.32089754939079285, 0.9998823404312134
242, 5, 0.4362121522426605, 0.44972798228263855, -0.32094648480415344, 0.9998787641525269
242, 6, 0.4334811568260193, 0.4490475654602051, -0.32093483209609985, 0.9998722076416016
242, 7, 0.4665418267250061, 0.426894873380661, -0.2871389389038086, 0.9995384216308594
242, 8, 0.4261980652809143, 0.4327765107154846, -0.2890603542327881, 0.9997780919075012
242, 9, 0.451890230178833, 0.4524984061717987, -0.294359028339386, 0.9994275569915771
242, 10, 0.44115081429481506, 0.4544432759284973, -0.2948615849018097, 0.9995342493057251
242, 11, 0.49485835433006287, 0.40577083826065063, -0.20489618182182312, 0.9940189123153687
242, 12, 0.4137040078639984, 0.37839922308921814, -0.22109386324882507, 0.9885026216506958
242, 13, 0.519792914390564, 0.4736665189266205, -0.1675131618976593, 0.9777812361717224
242, 14, 0.38398095965385437, 0.4325566291809082, -0.1756400614976883, 0.9268861413002014
242, 15, 0.513450026512146, 0.5619059801101685, -0.21016773581504822, 0.9934121966362
242, 16, 0.3824348449707031, 0.5205788612365723, -0.1837802529335022, 0.9666149020195007
242, 17, 0.5191906690597534, 0.5890922546386719, -0.23861201107501984, 0.9897335171699524
242, 18, 0.37003225088119507, 0.5438014268875122, -0.21179983019828796, 0.9553580284118652
242, 19, 0.5074309706687927, 0.5866302847862244, -0.24751970171928406, 0.9893627762794495
242, 20, 0.38162145018577576, 0.5446547269821167, -0.2175004780292511, 0.9559184908866882
242, 21, 0.503372848033905, 0.5750150084495544, -0.2158011496067047, 0.9787951111793518
242, 22, 0.388625830411911, 0.5363302230834961, -0.18731965124607086, 0.9348053932189941
242, 23, 0.4796229302883148, 0.32943814992904663, 0.004165312275290489, 0.9904559254646301
242, 24, 0.43882089853286743, 0.3263930678367615, -0.004147976171225309, 0.9868612885475159
242, 25, 0.4771369397640228, 0.4380437135696411, 0.13201184570789337, 0.08596687763929367
242, 26, 0.4285854697227478, 0.42811447381973267, 0.11410655081272125, 0.08165304362773895
242, 27, 0.46697038412094116, 0.45047640800476074, 0.3418288826942444, 0.11122409254312515
242, 28, 0.43843406438827515, 0.43988630175590515, 0.3244880139827728, 0.05211364105343819
242, 29, 0.4643019735813141, 0.44659093022346497, 0.36420103907585144, 0.055410873144865036
242, 30, 0.43923893570899963, 0.4374099373817444, 0.34739136695861816, 0.0365745909512043
242, 31, 0.46558278799057007, 0.48409754037857056, 0.3468298017978668, 0.12364743649959564
242, 32, 0.4415162205696106, 0.46778109669685364, 0.3297201991081238, 0.0593760684132576
243, 0, 0.4490985870361328, 0.4381634294986725, -0.22975392639636993, 0.9992527365684509
243, 1, 0.4523558020591736, 0.43120864033699036, -0.23543401062488556, 0.9993643164634705
243, 2, 0.4547335207462311, 0.43120747804641724, -0.23543420433998108, 0.9992965459823608
243, 3, 0.4571037292480469, 0.4311627149581909, -0.23547711968421936, 0.9992666840553284
243, 4, 0.445542573928833, 0.4292944669723511, -0.23482313752174377, 0.999553382396698
243, 5, 0.44333258271217346, 0.4281679391860962, -0.23487401008605957, 0.9994994401931763
243, 6, 0.4411194920539856, 0.4270268678665161, -0.23490723967552185, 0.9995816349983215
243, 7, 0.4630663990974426, 0.42093145847320557, -0.212172269821167, 0.9974828362464905
243, 8, 0.4380057752132416, 0.413875550031662, -0.2092704325914383, 0.9992375373840332
243, 9, 0.4539431929588318, 0.43599939346313477, -0.21578505635261536, 0.9981460571289062
243, 10, 0.44642752408981323, 0.43385225534439087, -0.21493923664093018, 0.9985033273696899
243, 11, 0.48398298025131226, 0.41814830899238586, -0.1537974327802658, 0.9800107479095459
243, 12, 0.42141205072402954, 0.39402276277542114, -0.15538814663887024, 0.9840819835662842
243, 13, 0.5018462538719177, 0.4776950478553772, -0.1410217136144638, 0.9803146123886108
243, 14, 0.39964866638183594, 0.4364374279975891, -0.1407817155122757, 0.890313446521759
243, 15, 0.5134696364402771, 0.558663010597229, -0.1719629466533661, 0.9908658862113953
243, 16, 0.38541179895401, 0.5098598003387451, -0.16240666806697845, 0.9365191459655762
243, 17, 0.5209953784942627, 0.5809617042541504, -0.1939280778169632, 0.9818315505981445
243, 18, 0.3737766146659851, 0.5288499593734741, -0.18557117879390717, 0.9167129993438721
243, 19, 0.5124924182891846, 0.5806996822357178, -0.19706086814403534, 0.9807677865028381
243, 20, 0.3833354115486145, 0.530036985874176, -0.1887657344341278, 0.9193781018257141
243, 21, 0.5082410573959351, 0.571459949016571, -0.17499592900276184, 0.9571376442909241
243, 22, 0.38904011249542236, 0.5234136581420898, -0.16533426940441132, 0.8815240263938904
243, 23, 0.46918946504592896, 0.366483211517334, -0.00047260368592105806, 0.9904014468193054
243, 24, 0.4383111894130707, 0.357220321893692, 0.00045015508658252656, 0.9866353869438171
243, 25, 0.4656897187232971, 0.4492165744304657, 0.07033756375312805, 0.09273484349250793
243, 26, 0.42792946100234985, 0.4377225637435913, 0.05902717635035515, 0.12280832231044769
243, 27, 0.4644547402858734, 0.44483980536460876, 0.21030232310295105, 0.08541665226221085
243, 28, 0.4410533308982849, 0.43500471115112305, 0.2000809609889984, 0.033667877316474915
243, 29, 0.4633764326572418, 0.4394415616989136, 0.22554044425487518, 0.045958105474710464
243, 30, 0.4428350329399109, 0.4309837222099304, 0.2157181203365326, 0.02493199333548546
243, 31, 0.46450525522232056, 0.46832528710365295, 0.21802565455436707, 0.12753406167030334
243, 32, 0.44328147172927856, 0.4531322121620178, 0.21006500720977783, 0.0576513297855854
244, 0, 0.4417198598384857, 0.40557748079299927, -0.23413559794425964, 0.9859791398048401
244, 1, 0.43953171372413635, 0.4118114411830902, -0.24034206569194794, 0.9947186708450317
244, 2, 0.4380975365638733, 0.4126783013343811, -0.2403804063796997, 0.9955610036849976
244, 3, 0.4366667866706848, 0.41351085901260376, -0.24049556255340576, 0.9955192804336548
244, 4, 0.44396287202835083, 0.4106009304523468, -0.24045583605766296, 0.9953324198722839
244, 5, 0.44521886110305786, 0.41013962030410767, -0.24051079154014587, 0.9955556988716125
244, 6, 0.44646888971328735, 0.4096314609050751, -0.24053125083446503, 0.9922674298286438
244, 7, 0.43410810828208923, 0.4155629575252533, -0.22341923415660858, 0.9972776770591736
244, 8, 0.44896286725997925, 0.41019612550735474, -0.22339758276939392, 0.9982226490974426
244, 9, 0.4393746256828308, 0.40262526273727417, -0.22252914309501648, 0.9920470714569092
244, 10, 0.44347628951072693, 0.40065380930900574, -0.22272999584674835, 0.9917817711830139
244, 11, 0.42063838243484497, 0.4145658612251282, -0.17694447934627533, 0.999659538269043
244, 12, 0.46029287576675415, 0.4054930508136749, -0.16878429055213928, 0.9955276846885681
244, 13, 0.38989078998565674, 0.43095189332962036, -0.15928976237773895, 0.7665645480155945
244, 14, 0.4635915756225586, 0.41956964135169983, -0.0913454219698906, 0.025745926424860954
244, 15, 0.37972134351730347, 0.45258408784866333, -0.17831802368164062, 0.8330209851264954
244, 16, 0.45989423990249634, 0.41783976554870605, -0.04661645367741585, 0.03917032480239868
244, 17, 0.3732292354106903, 0.46504420042037964, -0.19138309359550476, 0.7595461010932922
244, 18, 0.4618382453918457, 0.4205320179462433, -0.04830512776970863, 0.06419733911752701
244, 19, 0.3768369257450104, 0.4659922420978546, -0.1975630521774292, 0.7872152328491211
244, 20, 0.4588259160518646, 0.42201054096221924, -0.05396310240030289, 0.06971501559019089
244, 21, 0.38011324405670166, 0.46066170930862427, -0.18149878084659576, 0.7080921530723572
244, 22, 0.4568473696708679, 0.42104849219322205, -0.04743007943034172, 0.058934226632118225
244, 23, 0.43695253133773804, 0.37931570410728455, -0.006034304853528738, 0.9999057054519653
244, 24, 0.4592525362968445, 0.3853260576725006, 0.006128968205302954, 0.999870777130127
244, 25, 0.4376316964626312, 0.4105081260204315, 0.11154003441333771, 0.06662153452634811
244, 26, 0.4527305066585541, 0.44020876288414, 0.14228573441505432, 0.016003010794520378
244, 27, 0.4413449168205261, 0.4324408769607544, 0.26145806908607483, 0.05041826143860817
244, 28, 0.46360668540000916, 0.44786354899406433, 0.2701031267642975, 0.02995474822819233
244, 29, 0.4425249993801117, 0.4366227984428406, 0.2784958481788635, 0.12329018861055374
244, 30, 0.46238383650779724, 0.44668304920196533, 0.2835994362831116, 0.03587549179792404
244, 31, 0.4443422853946686, 0.43702980875968933, 0.27422842383384705, 0.0675736665725708
244, 32, 0.4705387055873871, 0.45070940256118774, 0.27406179904937744, 0.03751799464225769
245, 0, 0.43976837396621704, 0.40691936016082764, -0.2101510763168335, 0.9786456227302551
245, 1, 0.43892496824264526, 0.4113820493221283, -0.2147093266248703, 0.9886576533317566
245, 2, 0.4379146695137024, 0.4125332832336426, -0.2147553265094757, 0.9892348647117615
245, 3, 0.43689870834350586, 0.41364797949790955, -0.21486976742744446, 0.9912540316581726
245, 4, 0.44240719079971313, 0.4091082215309143, -0.2161390483379364, 0.9918321371078491
245, 5, 0.4434996545314789, 0.40822187066078186, -0.21619276702404022, 0.9908028841018677
245, 6, 0.44457539916038513, 0.4073012173175812, -0.21622774004936218, 0.9864776134490967
245, 7, 0.43598899245262146, 0.41591402888298035, -0.19583860039710999, 0.9907089471817017
245, 8, 0.447746217250824, 0.4069666266441345, -0.20197460055351257, 0.9943937063217163
245, 9, 0.4382835030555725, 0.405336856842041, -0.19803686439990997, 0.9865293502807617
245, 10, 0.4414028525352478, 0.40224093198776245, -0.20009097456932068, 0.9870197772979736
245, 11, 0.42516985535621643, 0.4214038848876953, -0.1569439172744751, 0.9991507530212402
245, 12, 0.4584709107875824, 0.40004000067710876, -0.15861569344997406, 0.9942797422409058
245, 13, 0.39438802003860474, 0.44740596413612366, -0.15428206324577332, 0.7969934344291687
245, 14, 0.4563383162021637, 0.40501582622528076, -0.120932437479496, 0.05738823488354683
245, 15, 0.3763193190097809, 0.47734615206718445, -0.18449026346206665, 0.9231463670730591
245, 16, 0.44908004999160767, 0.40795227885246277, -0.11860412359237671, 0.11585873365402222
245, 17, 0.36930790543556213, 0.4928145408630371, -0.20124554634094238, 0.8820098042488098
245, 18, 0.44948679208755493, 0.41033145785331726, -0.13035441935062408, 0.14284558594226837
245, 19, 0.3714752197265625, 0.4920244812965393, -0.20856007933616638, 0.9009917378425598
245, 20, 0.44689568877220154, 0.4135147035121918, -0.13373816013336182, 0.16415999829769135
245, 21, 0.374830961227417, 0.4846746325492859, -0.188957080245018, 0.8748144507408142
245, 22, 0.4455179274082184, 0.41250842809677124, -0.12046487629413605, 0.1529846042394638
245, 23, 0.4391733705997467, 0.39093390107154846, -0.0017547147581353784, 0.9999405145645142
245, 24, 0.4560128152370453, 0.39168083667755127, 0.0018711888696998358, 0.9999439716339111
245, 25, 0.4368489682674408, 0.4182390868663788, 0.10599492490291595, 0.15190069377422333
245, 26, 0.44442957639694214, 0.4345874488353729, 0.12413956224918365, 0.04262247309088707
245, 27, 0.4424864649772644, 0.4378126263618469, 0.24798572063446045, 0.057254813611507416
245, 28, 0.4550512731075287, 0.4430936574935913, 0.25178807973861694, 0.061888471245765686
245, 29, 0.4436801075935364, 0.44125527143478394, 0.2639354467391968, 0.0908888727426529
245, 30, 0.4547246992588043, 0.44289425015449524, 0.2652595043182373, 0.05408027768135071
245, 31, 0.44395819306373596, 0.4443815052509308, 0.2578195631504059, 0.09557198733091354
245, 32, 0.4588315486907959, 0.44764280319213867, 0.25485357642173767, 0.09346369653940201
246, 0, 0.44084376096725464, 0.41539275646209717, 0.08108147233724594, 0.9395749568939209
246, 1, 0.43869930505752563, 0.4164973497390747, 0.08340013027191162, 0.8913708329200745
246, 2, 0.43755632638931274, 0.41610193252563477, 0.08337514847517014, 0.9366703629493713
246, 3, 0.436410516500473, 0.4156395494937897, 0.08328554779291153, 0.8810861706733704
246, 4, 0.4421953558921814, 0.4182788133621216, 0.08648955821990967, 0.8461170792579651
246, 5, 0.44322019815444946, 0.41888299584388733, 0.08651985973119736, 0.8696720004081726
246, 6, 0.4442156255245209, 0.41943180561065674, 0.08650965988636017, 0.787993848323822
246, 7, 0.4331732392311096, 0.41508591175079346, 0.09689367562532425, 0.9365134835243225
246, 8, 0.44635114073753357, 0.4216468036174774, 0.11199899762868881, 0.9283818006515503
246, 9, 0.43880027532577515, 0.41345900297164917, 0.0873880609869957, 0.9379562735557556
246, 10, 0.4424195885658264, 0.4150519371032715, 0.09155059605836868, 0.9701369404792786
246, 11, 0.4204746186733246, 0.4110334515571594, 0.0804518461227417, 0.9999464750289917
246, 12, 0.4540420472621918, 0.42463356256484985, 0.12467876821756363, 0.9998631477355957
246, 13, 0.39654022455215454, 0.410342276096344, 0.05539823696017265, 0.8819699883460999
246, 14, 0.47200292348861694, 0.41864627599716187, 0.1624401956796646, 0.012101519852876663
246, 15, 0.38306906819343567, 0.4472023546695709, 0.04440958425402641, 0.8990521430969238
246, 16, 0.4735511839389801, 0.40077483654022217, 0.17777855694293976, 0.11321061849594116
246, 17, 0.3784192204475403, 0.4608552157878876, 0.03979943320155144, 0.8472978472709656
246, 18, 0.4744238257408142, 0.3964081108570099, 0.1846185326576233, 0.22628037631511688
246, 19, 0.3802073895931244, 0.46279457211494446, 0.042885664850473404, 0.8190101385116577
246, 20, 0.47143498063087463, 0.39918190240859985, 0.18021301925182343, 0.20948372781276703
246, 21, 0.3826189637184143, 0.457919180393219, 0.045930683612823486, 0.764742910861969
246, 22, 0.4704306721687317, 0.4007778465747833, 0.17773312330245972, 0.19771267473697662
246, 23, 0.43524760007858276, 0.3758894205093384, -0.012947065755724907, 0.999985933303833
246, 24, 0.4550928473472595, 0.3815864026546478, 0.012918666005134583, 0.9999946355819702
246, 25, 0.4232468008995056, 0.4131864905357361, 0.0009464936447329819, 0.7221279740333557
246, 26, 0.45005184412002563, 0.43275946378707886, -0.006259546615183353, 0.6806814670562744
246, 27, 0.4132581651210785, 0.43161123991012573, 0.009479071013629436, 0.041430313140153885
246, 28, 0.42760682106018066, 0.43475815653800964, -0.008568909950554371, 0.07747071981430054
246, 29, 0.4132242202758789, 0.42973998188972473, 0.011916197836399078, 0.3876335322856903
246, 30, 0.4229981303215027, 0.42589840292930603, -0.007484289817512035, 0.5842081308364868
246, 31, 0.4106352925300598, 0.4477180540561676, 0.001169229974038899, 0.20366095006465912
246, 32, 0.42319971323013306, 0.45288610458374023, -0.023821525275707245, 0.2569533884525299
247, 0, 0.45151859521865845, 0.4086732268333435, -0.06801420450210571, 0.8881489038467407
247, 1, 0.4487180709838867, 0.4097641706466675, -0.07068116217851639, 0.8745023012161255
247, 2, 0.44714075326919556, 0.4089183807373047, -0.07069403678178787, 0.913780689239502
247, 3, 0.44557228684425354, 0.40802356600761414, -0.0708027333021164, 0.8774784803390503
247, 4, 0.4536189138889313, 0.41318514943122864, -0.06968647241592407, 0.8830448985099792
247, 5, 0.45516282320022583, 0.414270281791687, -0.06967458128929138, 0.9112301468849182
247, 6, 0.45667213201522827, 0.41525378823280334, -0.0696960836648941, 0.8534224033355713
247, 7, 0.44153815507888794, 0.4074510931968689, -0.06277347356081009, 0.9032489657402039
247, 8, 0.45944565534591675, 0.4188556373119354, -0.05727412551641464, 0.913713276386261
247, 9, 0.449040025472641, 0.40500301122665405, -0.061771802604198456, 0.6825698614120483
247, 10, 0.4540158212184906, 0.40786072611808777, -0.06037220358848572, 0.7848271131515503
247, 11, 0.42674922943115234, 0.4034256339073181, -0.05586724728345871, 0.9991710186004639
247, 12, 0.4678560793399811, 0.4219415783882141, -0.0361638106405735, 0.9984622001647949
247, 13, 0.39532601833343506, 0.41801583766937256, -0.05811484903097153, 0.9158011078834534
247, 14, 0.4817443788051605, 0.42815709114074707, 0.010962276719510555, 0.04266927391290665
247, 15, 0.3814534842967987, 0.446999192237854, -0.05845141410827637, 0.9336192011833191
247, 16, 0.4847530722618103, 0.4061805307865143, 0.03545935079455376, 0.10618569701910019
247, 17, 0.3752002418041229, 0.4576466381549835, -0.0646512508392334, 0.8830599784851074
247, 18, 0.4877248704433441, 0.40530264377593994, 0.039905350655317307, 0.1734250783920288
247, 19, 0.3784084916114807, 0.46159982681274414, -0.06520242244005203, 0.8737277984619141
247, 20, 0.48341912031173706, 0.4038468599319458, 0.03433380648493767, 0.16790662705898285
247, 21, 0.3815383017063141, 0.45723316073417664, -0.058758337050676346, 0.8409234285354614
247, 22, 0.48092174530029297, 0.40364834666252136, 0.03482148423790932, 0.15783245861530304
247, 23, 0.44223397970199585, 0.3770294487476349, -0.005983962211757898, 0.9999786615371704
247, 24, 0.46348804235458374, 0.3957447111606598, 0.005985698197036982, 0.9999831914901733
247, 25, 0.43674105405807495, 0.4028951823711395, 0.042535070329904556, 0.5235525965690613
247, 26, 0.44832897186279297, 0.4313810169696808, 0.08815338462591171, 0.16278886795043945
247, 27, 0.42694467306137085, 0.42405807971954346, 0.12446029484272003, 0.08884035795927048
247, 28, 0.4396767020225525, 0.4410814940929413, 0.15230344235897064, 0.21394716203212738
247, 29, 0.4283332824707031, 0.4267754554748535, 0.13514235615730286, 0.2537005543708801
247, 30, 0.4378466010093689, 0.4353463351726532, 0.16073836386203766, 0.2700803875923157
247, 31, 0.4228385090827942, 0.4333421587944031, 0.1299552172422409, 0.16671647131443024
247, 32, 0.4338785707950592, 0.45283299684524536, 0.15300586819648743, 0.1642669439315796
248, 0, 0.4397962689399719, 0.43290868401527405, -0.21039524674415588, 0.9471942186355591
248, 1, 0.4446449875831604, 0.43230709433555603, -0.21317334473133087, 0.9646124839782715
248, 2, 0.4460753798484802, 0.4342145323753357, -0.21319980919361115, 0.9579320549964905
248, 3, 0.4475071430206299, 0.4360807538032532, -0.21325576305389404, 0.9634109735488892
248, 4, 0.4409237504005432, 0.42583534121513367, -0.21413376927375793, 0.9726532697677612
248, 5, 0.4398183226585388, 0.4232887327671051, -0.21417741477489471, 0.9717862010002136
248, 6, 0.438701331615448, 0.4207474887371063, -0.21421241760253906, 0.9762994647026062
248, 7, 0.45224207639694214, 0.43359437584877014, -0.18806007504463196, 0.9473177790641785
248, 8, 0.438856303691864, 0.4105744957923889, -0.19200554490089417, 0.9762457013130188
248, 9, 0.4414854943752289, 0.4342586398124695, -0.19713535904884338, 0.9609866142272949
248, 10, 0.43737053871154785, 0.42704102396965027, -0.19843195378780365, 0.965236485004425
248, 11, 0.4558643400669098, 0.43771064281463623, -0.13418743014335632, 0.9835212230682373
248, 12, 0.430049329996109, 0.39138349890708923, -0.14634095132350922, 0.9935795068740845
248, 13, 0.4416099190711975, 0.45592910051345825, -0.11462445557117462, 0.24933384358882904
248, 14, 0.4016212522983551, 0.4195988178253174, -0.12113155424594879, 0.8751962184906006
248, 15, 0.4274117350578308, 0.46569082140922546, -0.14700034260749817, 0.377966970205307
248, 16, 0.3864392042160034, 0.46484342217445374, -0.12706273794174194, 0.953014075756073
248, 17, 0.4276866316795349, 0.4722316861152649, -0.16379204392433167, 0.46074149012565613
248, 18, 0.38107627630233765, 0.4735301434993744, -0.14503133296966553, 0.9444270730018616
248, 19, 0.4250260293483734, 0.46567612886428833, -0.1730542927980423, 0.5079691410064697
248, 20, 0.38732612133026123, 0.4762476682662964, -0.1503378003835678, 0.9518428444862366
248, 21, 0.4242830276489258, 0.46163851022720337, -0.15226863324642181, 0.41812124848365784
248, 22, 0.3899891972541809, 0.4738221764564514, -0.13020552694797516, 0.9253899455070496
248, 23, 0.46466121077537537, 0.3788584768772125, -0.0023097877856343985, 0.9991569519042969
248, 24, 0.4533785283565521, 0.36124885082244873, 0.0023468295112252235, 0.9995158910751343
248, 25, 0.45106348395347595, 0.4184434711933136, 0.08092878013849258, 0.0822208896279335
248, 26, 0.4328288435935974, 0.40132343769073486, 0.07192005962133408, 0.1261821985244751
248, 27, 0.4535755515098572, 0.413552463054657, 0.20628781616687775, 0.03116612322628498
248, 28, 0.4432087540626526, 0.4045911431312561, 0.2074432671070099, 0.032308243215084076
248, 29, 0.4542211890220642, 0.41002732515335083, 0.22022435069084167, 0.03442824259400368
248, 30, 0.44485750794410706, 0.40399283170700073, 0.2224051058292389, 0.027227342128753662
248, 31, 0.449738085269928, 0.4247038960456848, 0.22086897492408752, 0.04736582934856415
248, 32, 0.4423958361148834, 0.411361426115036, 0.22664174437522888, 0.03460758924484253
249, 0, 0.4474359452724457, 0.43275439739227295, -0.17422430217266083, 0.9703025221824646
249, 1, 0.4520445466041565, 0.4261684715747833, -0.18302063643932343, 0.9718704223632812
249, 2, 0.45461517572402954, 0.42652368545532227, -0.18304501473903656, 0.9767286777496338
249, 3, 0.4571864604949951, 0.42680656909942627, -0.18309707939624786, 0.9606499075889587
249, 4, 0.44470110535621643, 0.4235009551048279, -0.1827997863292694, 0.9730437397956848
249, 5, 0.44235342741012573, 0.4222593903541565, -0.18285374343395233, 0.980448305606842
249, 6, 0.44001704454421997, 0.42096439003944397, -0.1829308718442917, 0.9789618849754333
249, 7, 0.4643799662590027, 0.4212894141674042, -0.1784297674894333, 0.9561678767204285
249, 8, 0.43813472986221313, 0.4097399115562439, -0.1771717667579651, 0.9663519859313965
249, 9, 0.45276087522506714, 0.4328281879425049, -0.16740645468235016, 0.9491936564445496
249, 10, 0.4447750449180603, 0.429848849773407, -0.16710446774959564, 0.9612023234367371
249, 11, 0.48446106910705566, 0.41486290097236633, -0.1361386626958847, 0.9280126690864563
249, 12, 0.4240031838417053, 0.39970827102661133, -0.1407126784324646, 0.9793738126754761
249, 13, 0.5122619867324829, 0.4342605471611023, -0.10410864651203156, 0.938504159450531
249, 14, 0.39459845423698425, 0.4141300320625305, -0.11921481788158417, 0.8244166970252991
249, 15, 0.5222917199134827, 0.47074317932128906, -0.09820060431957245, 0.8882726430892944
249, 16, 0.3811953067779541, 0.47711655497550964, -0.12310971319675446, 0.9418688416481018
249, 17, 0.531297504901886, 0.47711753845214844, -0.1084967702627182, 0.8631757497787476
249, 18, 0.3735383450984955, 0.4878981411457062, -0.1358744353055954, 0.9494009613990784
249, 19, 0.5250991582870483, 0.47689640522003174, -0.11149641126394272, 0.8546165823936462
249, 20, 0.38139617443084717, 0.48884689807891846, -0.137886181473732, 0.9490919709205627
249, 21, 0.5199683308601379, 0.47371891140937805, -0.09913402050733566, 0.6991403698921204
249, 22, 0.3857946991920471, 0.4857015311717987, -0.12398801743984222, 0.9201710820198059
249, 23, 0.4703494608402252, 0.3860662579536438, -0.0011825147084891796, 0.997250497341156
249, 24, 0.44620615243911743, 0.37433090806007385, 0.0010832529515028, 0.9970667958259583
249, 25, 0.4570525288581848, 0.4211273193359375, 0.09041036665439606, 0.03061866946518421
249, 26, 0.4307641386985779, 0.4142146110534668, 0.08011585474014282, 0.0833970382809639
249, 27, 0.45828333497047424, 0.4121057391166687, 0.21740028262138367, 0.11254525184631348
249, 28, 0.4436051845550537, 0.4053148031234741, 0.20885732769966125, 0.07873359322547913
249, 29, 0.45874136686325073, 0.40761616826057434, 0.2320212870836258, 0.09113523364067078
249, 30, 0.4466065466403961, 0.39996832609176636, 0.22356264293193817, 0.09084156155586243
249, 31, 0.4565107822418213, 0.4255707561969757, 0.2381240427494049, 0.018190735951066017
249, 32, 0.4435421824455261, 0.4186965227127075, 0.22828733921051025, 0.0173718873411417
250, 0, 0.44865232706069946, 0.4217454791069031, -0.17199549078941345, 0.9815278053283691
250, 1, 0.45261603593826294, 0.41892385482788086, -0.18133582174777985, 0.9775287508964539
250, 2, 0.454782098531723, 0.41983112692832947, -0.18135912716388702, 0.976070761680603
250, 3, 0.45694008469581604, 0.42068564891815186, -0.181394562125206, 0.966274619102478
250, 4, 0.44616979360580444, 0.4155362546443939, -0.18126153945922852, 0.983034610748291
250, 5, 0.44399699568748474, 0.4143378436565399, -0.1813139021396637, 0.9855023622512817
250, 6, 0.4418300986289978, 0.41311267018318176, -0.18139533698558807, 0.9858705401420593
250, 7, 0.4625609815120697, 0.41879141330718994, -0.1806860715150833, 0.9429251551628113
250, 8, 0.439596563577652, 0.4056399464607239, -0.18055540323257446, 0.9761186838150024
250, 9, 0.45273512601852417, 0.4230561852455139, -0.1665901243686676, 0.9685312509536743
250, 10, 0.4458208978176117, 0.4196283519268036, -0.1666622906923294, 0.9765392541885376
250, 11, 0.48042526841163635, 0.4172779619693756, -0.14504671096801758, 0.9551160931587219
250, 12, 0.4246934950351715, 0.3989051282405853, -0.1468808799982071, 0.9876225590705872
250, 13, 0.5057820081710815, 0.4387674927711487, -0.1295245736837387, 0.9790694117546082
250, 14, 0.3979349136352539, 0.41942864656448364, -0.13951264321804047, 0.7667487859725952
250, 15, 0.5192926526069641, 0.47155168652534485, -0.13829448819160461, 0.9636369347572327
250, 16, 0.381109356880188, 0.465634286403656, -0.15135006606578827, 0.8970446586608887
250, 17, 0.5276461243629456, 0.48061320185661316, -0.1518285721540451, 0.9326340556144714
250, 18, 0.37318214774131775, 0.4761139452457428, -0.16761042177677155, 0.8877070546150208
250, 19, 0.5224934816360474, 0.4818938076496124, -0.1533438265323639, 0.9255305528640747
250, 20, 0.37947696447372437, 0.476216197013855, -0.16773374378681183, 0.8798555731773376
250, 21, 0.5181487798690796, 0.47732803225517273, -0.13935358822345734, 0.8172691464424133
250, 22, 0.3842621147632599, 0.47263163328170776, -0.15223827958106995, 0.8073825836181641
250, 23, 0.4702313542366028, 0.3812159597873688, -0.002593443263322115, 0.9987140893936157
250, 24, 0.4491123557090759, 0.36938950419425964, 0.0024194112047553062, 0.9986431002616882
250, 25, 0.4587720036506653, 0.41381052136421204, 0.09981481730937958, 0.023169372230768204
250, 26, 0.4386965334415436, 0.40680626034736633, 0.09156776964664459, 0.06143660470843315
250, 27, 0.4625615179538727, 0.4164420962333679, 0.22933194041252136, 0.09070221334695816
250, 28, 0.45285987854003906, 0.4100923240184784, 0.21649667620658875, 0.06036502495408058
250, 29, 0.46301761269569397, 0.4144555330276489, 0.2444581687450409, 0.07125043869018555
250, 30, 0.4558773636817932, 0.4078483283519745, 0.23061832785606384, 0.0786907821893692
250, 31, 0.4631369113922119, 0.4296155571937561, 0.24731293320655823, 0.023026641458272934
250, 32, 0.4546341300010681, 0.4207882285118103, 0.22901912033557892, 0.02346540428698063
251, 0, 0.4494246542453766, 0.4324844479560852, -0.2036396563053131, 0.94141685962677
251, 1, 0.45399364829063416, 0.43060502409935, -0.21296577155590057, 0.8843866586685181
251, 2, 0.4559125006198883, 0.4321386218070984, -0.21300843358039856, 0.9065341353416443
251, 3, 0.457841694355011, 0.43358269333839417, -0.21307316422462463, 0.8577350974082947
251, 4, 0.4482209086418152, 0.424939900636673, -0.21284624934196472, 0.9340437650680542
251, 5, 0.44640272855758667, 0.4227196276187897, -0.21290960907936096, 0.9578797817230225
251, 6, 0.44457077980041504, 0.42046427726745605, -0.2129693329334259, 0.9498001933097839
251, 7, 0.46271246671676636, 0.4308560788631439, -0.2107086181640625, 0.7284185886383057
251, 8, 0.44320717453956604, 0.4110713005065918, -0.20916441082954407, 0.9158303737640381
251, 9, 0.4526624083518982, 0.43382853269577026, -0.1966904252767563, 0.8901005983352661
251, 10, 0.4465869069099426, 0.42743995785713196, -0.1964113712310791, 0.8831219673156738
251, 11, 0.47601380944252014, 0.43381619453430176, -0.16672460734844208, 0.9580768942832947
251, 12, 0.42797112464904785, 0.39849284291267395, -0.17067325115203857, 0.978821873664856
251, 13, 0.4884977340698242, 0.47200724482536316, -0.15383252501487732, 0.9911589026451111
251, 14, 0.39577314257621765, 0.4200620949268341, -0.16330888867378235, 0.9548883438110352
251, 15, 0.49797946214675903, 0.49812668561935425, -0.17342224717140198, 0.9763482213020325
251, 16, 0.387423574924469, 0.46857041120529175, -0.17557936906814575, 0.9564274549484253
251, 17, 0.5009467005729675, 0.5083964467048645, -0.18787798285484314, 0.9302423000335693
251, 18, 0.3799446225166321, 0.48365646600723267, -0.19373902678489685, 0.9054294228553772
251, 19, 0.49804678559303284, 0.5075562596321106, -0.18748535215854645, 0.905205488204956
251, 20, 0.38704925775527954, 0.48158085346221924, -0.1924210637807846, 0.8792070150375366
251, 21, 0.49589747190475464, 0.5034877061843872, -0.17371663451194763, 0.7542608380317688
251, 22, 0.39075592160224915, 0.4772926867008209, -0.1754872351884842, 0.7752439975738525
251, 23, 0.47281622886657715, 0.38998696208000183, -0.004065093584358692, 0.9982920289039612
251, 24, 0.45256882905960083, 0.3744770586490631, 0.0039909291081130505, 0.997179388999939
251, 25, 0.46320801973342896, 0.4379611909389496, 0.09967681020498276, 0.01653134636580944
251, 26, 0.4439539313316345, 0.4302803575992584, 0.10187764465808868, 0.020311539992690086
251, 27, 0.4741683602333069, 0.44697779417037964, 0.24959495663642883, 0.04766509681940079
251, 28, 0.4606093764305115, 0.43620437383651733, 0.2442815750837326, 0.019102662801742554
251, 29, 0.4764042794704437, 0.44308924674987793, 0.26719486713409424, 0.10376651585102081
251, 30, 0.46304529905319214, 0.43148472905158997, 0.2600764334201813, 0.054535023868083954
251, 31, 0.47463878989219666, 0.4675164818763733, 0.27853628993034363, 0.014515566639602184
251, 32, 0.46484440565109253, 0.45287585258483887, 0.2665238380432129, 0.012253169901669025
252, 0, 0.44854456186294556, 0.4291602671146393, -0.21042266488075256, 0.9227897524833679
252, 1, 0.4530680775642395, 0.4256243407726288, -0.21687476336956024, 0.8792367577552795
252, 2, 0.4550415873527527, 0.4272376596927643, -0.2169005423784256, 0.8798971176147461
252, 3, 0.45701155066490173, 0.4287719428539276, -0.21694615483283997, 0.8351039886474609
252, 4, 0.4472517967224121, 0.4200652539730072, -0.21683578193187714, 0.9196640253067017
252, 5, 0.44530415534973145, 0.41796454787254333, -0.21689219772815704, 0.9381721615791321
252, 6, 0.44335275888442993, 0.41583845019340515, -0.21695005893707275, 0.9398655295372009
252, 7, 0.46201038360595703, 0.42723193764686584, -0.2016085684299469, 0.7129992842674255
252, 8, 0.4417625963687897, 0.4074357748031616, -0.20069530606269836, 0.9074687957763672
252, 9, 0.45219531655311584, 0.43192559480667114, -0.1994132399559021, 0.8407021760940552
252, 10, 0.4457639157772064, 0.42569786310195923, -0.1992957890033722, 0.8514353036880493
252, 11, 0.4748651385307312, 0.43513837456703186, -0.14850978553295135, 0.9613325595855713
252, 12, 0.42831486463546753, 0.39607158303260803, -0.15585695207118988, 0.9747039079666138
252, 13, 0.4800310730934143, 0.4667210578918457, -0.12839801609516144, 0.9224573969841003
252, 14, 0.3969510495662689, 0.42193883657455444, -0.14046023786067963, 0.869982123374939
252, 15, 0.48481616377830505, 0.49438750743865967, -0.15342310070991516, 0.8949461579322815
252, 16, 0.3859613239765167, 0.46782225370407104, -0.1471051126718521, 0.9325238466262817
252, 17, 0.48854774236679077, 0.5045993328094482, -0.16834761202335358, 0.8289065361022949
252, 18, 0.37796109914779663, 0.4813973605632782, -0.1640590876340866, 0.8981393575668335
252, 19, 0.4848767817020416, 0.5017727613449097, -0.1699730008840561, 0.8053234219551086
252, 20, 0.3857695460319519, 0.4806898236274719, -0.16489766538143158, 0.881842315196991
252, 21, 0.48234066367149353, 0.4969683885574341, -0.15480059385299683, 0.6147974729537964
252, 22, 0.390030175447464, 0.4768982231616974, -0.14798323810100555, 0.8065770864486694
252, 23, 0.4730193614959717, 0.386581152677536, -0.0031695482321083546, 0.9970759153366089
252, 24, 0.4541415274143219, 0.3682035803794861, 0.003061007708311081, 0.9969797730445862
252, 25, 0.4616348147392273, 0.43107542395591736, 0.09819892793893814, 0.018869493156671524
252, 26, 0.443198025226593, 0.4192207455635071, 0.0930083617568016, 0.02344629168510437
252, 27, 0.47020965814590454, 0.4352453351020813, 0.2399214804172516, 0.040190599858760834
252, 28, 0.46053045988082886, 0.42232105135917664, 0.22964315116405487, 0.0200265571475029
252, 29, 0.4721795618534088, 0.43167904019355774, 0.2562534809112549, 0.06109078973531723
252, 30, 0.46365028619766235, 0.4189353883266449, 0.24484050273895264, 0.0379602387547493
252, 31, 0.46918219327926636, 0.45258277654647827, 0.26289987564086914, 0.016362806782126427
252, 32, 0.46361035108566284, 0.4361843466758728, 0.24796190857887268, 0.013050698675215244
253, 0, 0.4618189334869385, 0.3985626697540283, -0.2480318248271942, 0.9333411455154419
253, 1, 0.45697665214538574, 0.4014207720756531, -0.2602294683456421, 0.9753056764602661
253, 2, 0.4553401470184326, 0.4002414643764496, -0.2602188289165497, 0.9750135540962219
253, 3, 0.4537355303764343, 0.39902764558792114, -0.26026999950408936, 0.9758402705192566
253, 4, 0.4608740210533142, 0.4060666859149933, -0.2580122649669647, 0.9635975360870361
253, 5, 0.46192651987075806, 0.4078470766544342, -0.2580723464488983, 0.9537562727928162
253, 6, 0.4629950523376465, 0.4095737934112549, -0.25809070467948914, 0.9507242441177368
253, 7, 0.44811421632766724, 0.40033072233200073, -0.25524863600730896, 0.9945557117462158
253, 8, 0.46185287833213806, 0.41597288846969604, -0.24570664763450623, 0.9917218089103699
253, 9, 0.45943212509155273, 0.394957572221756, -0.23879356682300568, 0.9827421307563782
253, 10, 0.4632626473903656, 0.39909031987190247, -0.23616251349449158, 0.9792636036872864
253, 11, 0.4376348555088043, 0.39324650168418884, -0.19727708399295807, 0.9995133876800537
253, 12, 0.468609094619751, 0.4310556948184967, -0.18894720077514648, 0.9987561702728271
253, 13, 0.43327099084854126, 0.363595575094223, -0.14220452308654785, 0.7295753955841064
253, 14, 0.4834488332271576, 0.4400985836982727, -0.1218227967619896, 0.609203577041626
253, 15, 0.4470377564430237, 0.3553159832954407, -0.111585333943367, 0.6219630241394043
253, 16, 0.4824712872505188, 0.4176459014415741, -0.07639172673225403, 0.28809037804603577
253, 17, 0.44706112146377563, 0.35138583183288574, -0.12009398639202118, 0.45824724435806274
253, 18, 0.48427361249923706, 0.4166974723339081, -0.08031376451253891, 0.22206681966781616
253, 19, 0.45001354813575745, 0.35921481251716614, -0.1223575696349144, 0.41875362396240234
253, 20, 0.4801732003688812, 0.41317689418792725, -0.08520258218050003, 0.22718843817710876
253, 21, 0.4510241150856018, 0.3608425259590149, -0.11143083870410919, 0.35958656668663025
253, 22, 0.47878319025039673, 0.4122835695743561, -0.07696463167667389, 0.2273547500371933
253, 23, 0.45081639289855957, 0.38717299699783325, -0.0002663412888068706, 0.9975214600563049
253, 24, 0.4680859446525574, 0.4069037139415741, 0.0004114617477171123, 0.9978482723236084
253, 25, 0.4431970715522766, 0.38905394077301025, 0.13973475992679596, 0.028380228206515312
253, 26, 0.46608027815818787, 0.4132421612739563, 0.1415555477142334, 0.022124964743852615
253, 27, 0.44165658950805664, 0.4038127362728119, 0.2927887737751007, 0.02277756854891777
253, 28, 0.47043880820274353, 0.41935235261917114, 0.2930889427661896, 0.01250819768756628
253, 29, 0.44248008728027344, 0.4087463319301605, 0.30975982546806335, 0.055579353123903275
253, 30, 0.46902069449424744, 0.4209873676300049, 0.3096928596496582, 0.013028801418840885
253, 31, 0.4397822916507721, 0.3932966887950897, 0.31051501631736755, 0.05178485065698624
253, 32, 0.4750317931175232, 0.40913262963294983, 0.30760765075683594, 0.025865869596600533
254, 0, 0.45958560705184937, 0.39270728826522827, -0.24028369784355164, 0.7834995985031128
254, 1, 0.45463690161705017, 0.39598381519317627, -0.2517498731613159, 0.916670024394989
254, 2, 0.4528903067111969, 0.39500388503074646, -0.25174009799957275, 0.9273555874824524
254, 3, 0.4511600136756897, 0.39400485157966614, -0.25180214643478394, 0.9112501740455627
254, 4, 0.45887190103530884, 0.40014174580574036, -0.2501014769077301, 0.8977777361869812
254, 5, 0.4600277543067932, 0.40173670649528503, -0.25016188621520996, 0.8984660506248474
254, 6, 0.46119651198387146, 0.4033013582229614, -0.25019219517707825, 0.8788219094276428
254, 7, 0.4454208314418793, 0.3960787057876587, -0.24344387650489807, 0.9811241030693054
254, 8, 0.46036553382873535, 0.409975528717041, -0.23636439442634583, 0.9873764514923096
254, 9, 0.4568914771080017, 0.39020296931266785, -0.22978520393371582, 0.8958624005317688
254, 10, 0.4611021876335144, 0.39374107122421265, -0.22788190841674805, 0.8866618275642395
254, 11, 0.43425503373146057, 0.3931529223918915, -0.18360155820846558, 0.9969819188117981
254, 12, 0.4672165513038635, 0.4287591576576233, -0.1843077838420868, 0.995354413986206
254, 13, 0.4263661503791809, 0.3697446286678314, -0.12629304826259613, 0.3708513379096985
254, 14, 0.48425254225730896, 0.44592729210853577, -0.12345825135707855, 0.47543641924858093
254, 15, 0.44057172536849976, 0.36977213621139526, -0.0954928770661354, 0.2747860550880432
254, 16, 0.4883846640586853, 0.4197886884212494, -0.08510884642601013, 0.19286316633224487
254, 17, 0.4414826035499573, 0.3673361837863922, -0.10235724598169327, 0.16308891773223877
254, 18, 0.4922404885292053, 0.41754013299942017, -0.09070395678281784, 0.1514584869146347
254, 19, 0.444347083568573, 0.37546396255493164, -0.10372839868068695, 0.14367841184139252
254, 20, 0.48724931478500366, 0.4126089811325073, -0.09521319717168808, 0.15599316358566284
254, 21, 0.44503647089004517, 0.3761679232120514, -0.09493960440158844, 0.10836611688137054
254, 22, 0.48529285192489624, 0.4122300148010254, -0.08581680059432983, 0.12691572308540344
254, 23, 0.44793492555618286, 0.3866112530231476, 0.0014726617373526096, 0.994958221912384
254, 24, 0.4664493203163147, 0.4061416685581207, -0.001334706204943359, 0.9937769174575806
254, 25, 0.4424556791782379, 0.39104151725769043, 0.14616632461547852, 0.007529375609010458
254, 26, 0.460340678691864, 0.40886661410331726, 0.1444750279188156, 0.004412773065268993
254, 27, 0.43988147377967834, 0.40171512961387634, 0.30062416195869446, 0.015087734907865524
254, 28, 0.456545352935791, 0.4125005602836609, 0.30323442816734314, 0.005100667476654053
254, 29, 0.44040030241012573, 0.40622952580451965, 0.31771108508110046, 0.04500535503029823
254, 30, 0.4540468156337738, 0.41520652174949646, 0.3206029534339905, 0.007823576219379902
254, 31, 0.43970832228660583, 0.3908974826335907, 0.31358563899993896, 0.016480591148138046
254, 32, 0.458390474319458, 0.39887967705726624, 0.3160724341869354, 0.006259215995669365
255, 0, 0.4528675973415375, 0.4253321886062622, -0.18943460285663605, 0.9960163235664368
255, 1, 0.4565730690956116, 0.4215589165687561, -0.1970067024230957, 0.9954081177711487
255, 2, 0.45865195989608765, 0.4220692217350006, -0.1970246285200119, 0.9943867921829224
255, 3, 0.46072283387184143, 0.42252811789512634, -0.19705715775489807, 0.9923577904701233
255, 4, 0.450523316860199, 0.4193122982978821, -0.19747936725616455, 0.9971351623535156
255, 5, 0.4484724998474121, 0.41844767332077026, -0.19753026962280273, 0.997356653213501
255, 6, 0.4464111328125, 0.4175396263599396, -0.19759635627269745, 0.9976574182510376
255, 7, 0.4659416675567627, 0.4193257987499237, -0.18602754175662994, 0.9869648218154907
255, 8, 0.4439864754676819, 0.40981239080429077, -0.18770314753055573, 0.996425211429596
255, 9, 0.45689648389816284, 0.42538896203041077, -0.18016768991947174, 0.992901623249054
255, 10, 0.45020681619644165, 0.4227133095264435, -0.18076257407665253, 0.9951978325843811
255, 11, 0.4834054112434387, 0.41739583015441895, -0.1407889723777771, 0.9927036762237549
255, 12, 0.4250279366970062, 0.40000009536743164, -0.14439037442207336, 0.995608389377594
255, 13, 0.5040053725242615, 0.4496990740299225, -0.11746849864721298, 0.987828254699707
255, 14, 0.39852625131607056, 0.42302626371383667, -0.11854805797338486, 0.6890344619750977
255, 15, 0.5176140666007996, 0.4895264804363251, -0.12636849284172058, 0.9818673133850098
255, 16, 0.38668131828308105, 0.4722086489200592, -0.10878247022628784, 0.8760313987731934
255, 17, 0.524891197681427, 0.5008546113967896, -0.13893291354179382, 0.9642761945724487
255, 18, 0.3783029317855835, 0.485323429107666, -0.12068520486354828, 0.8635624647140503
255, 19, 0.5195644497871399, 0.5024258494377136, -0.13995377719402313, 0.9601379632949829
255, 20, 0.3862117826938629, 0.4851067066192627, -0.12119032442569733, 0.8545759320259094
255, 21, 0.5157436728477478, 0.4973466992378235, -0.12715673446655273, 0.8861179947853088
255, 22, 0.3909481465816498, 0.4802238941192627, -0.10895935446023941, 0.7782045602798462
255, 23, 0.4708402156829834, 0.38299769163131714, -0.0045423381961882114, 0.998180627822876
255, 24, 0.4487365782260895, 0.37407100200653076, 0.004376277793198824, 0.9968733191490173
255, 25, 0.4636499285697937, 0.4328921139240265, 0.07885172218084335, 0.03828876465559006
255, 26, 0.4458145201206207, 0.4334662854671478, 0.07050430774688721, 0.09007452428340912
255, 27, 0.46354180574417114, 0.4436601400375366, 0.19506670534610748, 0.12138542532920837
255, 28, 0.4646262526512146, 0.45167574286460876, 0.17240624129772186, 0.1063658595085144
255, 29, 0.4621986448764801, 0.44055649638175964, 0.2088426649570465, 0.08306634426116943
255, 30, 0.4673185348510742, 0.4486697316169739, 0.18419215083122253, 0.11705946922302246
255, 31, 0.46692633628845215, 0.4665312170982361, 0.21348926424980164, 0.03349613398313522
255, 32, 0.4724693298339844, 0.47680264711380005, 0.18296948075294495, 0.049038179218769073
256, 0, 0.450161874294281, 0.43524688482284546, -0.20755378901958466, 0.9996507167816162
256, 1, 0.45502549409866333, 0.4322909116744995, -0.20915000140666962, 0.9996877908706665
256, 2, 0.45663848519325256, 0.43317902088165283, -0.20920343697071075, 0.9995701909065247
256, 3, 0.4582590162754059, 0.43400683999061584, -0.2093067169189453, 0.999648928642273
256, 4, 0.45078015327453613, 0.42881089448928833, -0.21158286929130554, 0.9997664093971252
256, 5, 0.44943371415138245, 0.4271261990070343, -0.2115962952375412, 0.999744713306427
256, 6, 0.4480488896369934, 0.42543599009513855, -0.2116124927997589, 0.9997473359107971
256, 7, 0.4622851014137268, 0.42981255054473877, -0.18204791843891144, 0.9991788268089294
256, 8, 0.4469727873802185, 0.41682517528533936, -0.1920066773891449, 0.9996651411056519
256, 9, 0.45196661353111267, 0.43572649359703064, -0.19343937933444977, 0.9997442364692688
256, 10, 0.4469522535800934, 0.43144556879997253, -0.19642134010791779, 0.9997876286506653
256, 11, 0.46678295731544495, 0.43467339873313904, -0.13233180344104767, 0.9999562501907349
256, 12, 0.4336373805999756, 0.4068092405796051, -0.13451504707336426, 0.9999616146087646
256, 13, 0.45059043169021606, 0.4608820676803589, -0.12637273967266083, 0.7231771349906921
256, 14, 0.41388803720474243, 0.4344872832298279, -0.12029135227203369, 0.5615423917770386
256, 15, 0.43493175506591797, 0.4852607846260071, -0.1623426079750061, 0.5113235116004944
256, 16, 0.40058889985084534, 0.4705609083175659, -0.14640051126480103, 0.7696733474731445
256, 17, 0.43625086545944214, 0.49427542090415955, -0.17948773503303528, 0.49412909150123596
256, 18, 0.3953288197517395, 0.4766415059566498, -0.16747279465198517, 0.72307288646698
256, 19, 0.4317346513271332, 0.4904889762401581, -0.1902465522289276, 0.47995415329933167
256, 20, 0.40026894211769104, 0.4804527163505554, -0.17189982533454895, 0.7238843441009521
256, 21, 0.43018507957458496, 0.4856085181236267, -0.1682012975215912, 0.42619073390960693
256, 22, 0.4032726287841797, 0.4788818657398224, -0.1498161256313324, 0.6499502062797546
256, 23, 0.4675928056240082, 0.37219974398612976, -0.006817270070314407, 0.9999964237213135
256, 24, 0.4518360197544098, 0.3646528124809265, 0.006896677426993847, 0.9999994039535522
256, 25, 0.4778229594230652, 0.4326745271682739, 0.01627276837825775, 0.7380589246749878
256, 26, 0.45979762077331543, 0.4269668459892273, -0.06377558410167694, 0.4607551693916321
256, 27, 0.4883752763271332, 0.4739958345890045, 0.1021164283156395, 0.4333641529083252
256, 28, 0.49175041913986206, 0.4770790934562683, -0.06708429753780365, 0.5470520257949829
256, 29, 0.4900553822517395, 0.47651422023773193, 0.11085867881774902, 0.33977261185646057
256, 30, 0.49874669313430786, 0.4777833819389343, -0.06871942430734634, 0.33734259009361267
256, 31, 0.4903356432914734, 0.5047959089279175, 0.08611226081848145, 0.6014156341552734
256, 32, 0.49389734864234924, 0.5156869888305664, -0.11293810606002808, 0.7416238784790039
257, 0, 0.450003445148468, 0.4338872730731964, -0.20438961684703827, 0.9965086579322815
257, 1, 0.4555019438266754, 0.4300767779350281, -0.20891836285591125, 0.9967034459114075
257, 2, 0.4572736620903015, 0.4307645559310913, -0.208927184343338, 0.9943944215774536
257, 3, 0.4590515196323395, 0.43142372369766235, -0.20898094773292542, 0.9966202974319458
257, 4, 0.450560986995697, 0.4267081916332245, -0.2107330858707428, 0.9965935349464417
257, 5, 0.448982298374176, 0.42514607310295105, -0.2107463777065277, 0.9946603178977966
257, 6, 0.4473957419395447, 0.42359521985054016, -0.21075937151908875, 0.9962971806526184
257, 7, 0.46289491653442383, 0.42637109756469727, -0.19089430570602417, 0.9905557036399841
257, 8, 0.44527798891067505, 0.41412681341171265, -0.1993543803691864, 0.9933719635009766
257, 9, 0.4514845013618469, 0.43370455503463745, -0.1935855746269226, 0.9982650876045227
257, 10, 0.44579705595970154, 0.429336279630661, -0.19610269367694855, 0.9981440305709839
257, 11, 0.4645208716392517, 0.43193262815475464, -0.13769400119781494, 0.9991083741188049
257, 12, 0.43010109663009644, 0.3990655541419983, -0.15647467970848083, 0.9996519088745117
257, 13, 0.4544873833656311, 0.4588410556316376, -0.12026544660329819, 0.41149619221687317
257, 14, 0.40856051445007324, 0.42153528332710266, -0.1411730796098709, 0.8786510229110718
257, 15, 0.4483698904514313, 0.48118722438812256, -0.13966906070709229, 0.3834993541240692
257, 16, 0.39553338289260864, 0.4491969645023346, -0.15098083019256592, 0.9279060959815979
257, 17, 0.45111948251724243, 0.48924171924591064, -0.15455637872219086, 0.36719006299972534
257, 18, 0.389141321182251, 0.45374608039855957, -0.1716192066669464, 0.8852024674415588
257, 19, 0.44716328382492065, 0.4847430884838104, -0.16335467994213104, 0.36173397302627563
257, 20, 0.3943411707878113, 0.4575188159942627, -0.17620258033275604, 0.8870004415512085
257, 21, 0.4452785849571228, 0.4800008237361908, -0.14444002509117126, 0.3101509213447571
257, 22, 0.3978469669818878, 0.4562140703201294, -0.15414442121982574, 0.8472854495048523
257, 23, 0.464596688747406, 0.39121654629707336, 0.005901043768972158, 0.9997689127922058
257, 24, 0.44915610551834106, 0.3761354684829712, -0.005943016614764929, 0.9998387098312378
257, 25, 0.44819560647010803, 0.44979509711265564, 0.07252199202775955, 0.04357951879501343
257, 26, 0.43376779556274414, 0.4432401955127716, 0.054784707725048065, 0.14327269792556763
257, 27, 0.4328601360321045, 0.4543525278568268, 0.18964582681655884, 0.030121928080916405
257, 28, 0.4481907784938812, 0.46456679701805115, 0.17384612560272217, 0.0813329741358757
257, 29, 0.4308086931705475, 0.4498041868209839, 0.20264632999897003, 0.029943538829684258
257, 30, 0.4512200951576233, 0.46216028928756714, 0.18618813157081604, 0.05281359329819679
257, 31, 0.42790859937667847, 0.475283682346344, 0.19630907475948334, 0.0963321402668953
257, 32, 0.45100998878479004, 0.4928436577320099, 0.17696763575077057, 0.15045587718486786
258, 0, 0.44548019766807556, 0.4375021755695343, -0.21733812987804413, 0.9916961789131165
258, 1, 0.4505583643913269, 0.43467870354652405, -0.21864600479602814, 0.9818273186683655
258, 2, 0.4522048532962799, 0.43586719036102295, -0.21868276596069336, 0.9805508852005005
258, 3, 0.4538635313510895, 0.4369875490665436, -0.2187196910381317, 0.9868459701538086
258, 4, 0.4456683099269867, 0.42957359552383423, -0.22092561423778534, 0.9917702674865723
258, 5, 0.44419485330581665, 0.42752745747566223, -0.22097626328468323, 0.9932799935340881
258, 6, 0.44269829988479614, 0.4254453778266907, -0.2210073173046112, 0.9921378493309021
258, 7, 0.45791110396385193, 0.4318610727787018, -0.18968549370765686, 0.9691712856292725
258, 8, 0.44073811173439026, 0.41451868414878845, -0.19919662177562714, 0.9898343086242676
258, 9, 0.4473077654838562, 0.43781670928001404, -0.20283973217010498, 0.993436872959137
258, 10, 0.4421795904636383, 0.4322684109210968, -0.2057431936264038, 0.9947201013565063
258, 11, 0.46456727385520935, 0.43397343158721924, -0.13809669017791748, 0.9958286881446838
258, 12, 0.42477598786354065, 0.3943254351615906, -0.1409890055656433, 0.999444305896759
258, 13, 0.4619840681552887, 0.4650839567184448, -0.14065717160701752, 0.5917201042175293
258, 14, 0.39529430866241455, 0.4179821014404297, -0.12906338274478912, 0.9928234815597534
258, 15, 0.4527706503868103, 0.4836472272872925, -0.1766517013311386, 0.4558590054512024
258, 16, 0.38451358675956726, 0.4657031297683716, -0.15035179257392883, 0.9859426617622375
258, 17, 0.4561406970024109, 0.48963168263435364, -0.18950390815734863, 0.5394545197486877
258, 18, 0.3811177611351013, 0.47587332129478455, -0.16886788606643677, 0.9755343198776245
258, 19, 0.4522690773010254, 0.4845251441001892, -0.19616322219371796, 0.5566109418869019
258, 20, 0.3877928853034973, 0.4781409800052643, -0.17124168574810028, 0.9759312272071838
258, 21, 0.44990357756614685, 0.48170822858810425, -0.18015103042125702, 0.48763084411621094
258, 22, 0.39018604159355164, 0.47562381625175476, -0.15213729441165924, 0.9506022930145264
258, 23, 0.46994224190711975, 0.37554413080215454, -0.007232095114886761, 0.9996585845947266
258, 24, 0.45146775245666504, 0.36053162813186646, 0.007255077362060547, 0.9998500347137451
258, 25, 0.46914443373680115, 0.44856876134872437, 0.03782657906413078, 0.23781046271324158
258, 26, 0.44906672835350037, 0.4351552426815033, -0.006502626929432154, 0.24108819663524628
258, 27, 0.48898109793663025, 0.4767206311225891, 0.13532471656799316, 0.06471796333789825
258, 28, 0.4825060963630676, 0.469054639339447, 0.05418604612350464, 0.19081585109233856
258, 29, 0.4923902153968811, 0.4754299223423004, 0.14595597982406616, 0.10036218911409378
258, 30, 0.48891696333885193, 0.4697597622871399, 0.06058591604232788, 0.1917492002248764
258, 31, 0.49050769209861755, 0.49973851442337036, 0.14127592742443085, 0.29977327585220337
258, 32, 0.48667001724243164, 0.49259132146835327, 0.04683493822813034, 0.4878126084804535
259, 0, 0.43935269117355347, 0.42516520619392395, -0.23855558037757874, 0.998468816280365
259, 1, 0.4443992078304291, 0.4227392077445984, -0.24243974685668945, 0.9971745014190674
259, 2, 0.44603395462036133, 0.4243178367614746, -0.2424505203962326, 0.9961084723472595
259, 3, 0.4476702809333801, 0.42586299777030945, -0.24248380959033966, 0.9973078966140747
259, 4, 0.4401477873325348, 0.4173853099346161, -0.24439749121665955, 0.9978687763214111
259, 5, 0.4388708472251892, 0.4152936637401581, -0.24442298710346222, 0.9974676370620728
259, 6, 0.43759146332740784, 0.4131968319416046, -0.24442747235298157, 0.997968852519989
259, 7, 0.4525802731513977, 0.4244966208934784, -0.21680481731891632, 0.99623042345047
259, 8, 0.43748003244400024, 0.40553706884384155, -0.2251131236553192, 0.9974115490913391
259, 9, 0.44181028008461, 0.42784637212753296, -0.2244507074356079, 0.9986975193023682
259, 10, 0.43675893545150757, 0.42142975330352783, -0.22690287232398987, 0.9986752867698669
259, 11, 0.4558764100074768, 0.4365081489086151, -0.15750926733016968, 0.9989398121833801
259, 12, 0.43217983841896057, 0.3914053738117218, -0.17583905160427094, 0.999636173248291
259, 13, 0.440216064453125, 0.46185165643692017, -0.1458556205034256, 0.6169039607048035
259, 14, 0.4037408232688904, 0.4108831286430359, -0.16716669499874115, 0.98589026927948
259, 15, 0.42760246992111206, 0.4812892973423004, -0.19046293199062347, 0.5884733200073242
259, 16, 0.3825386166572571, 0.45977941155433655, -0.19446133077144623, 0.9916799664497375
259, 17, 0.429398775100708, 0.48908668756484985, -0.2116851508617401, 0.7036430239677429
259, 18, 0.3783535659313202, 0.4662783443927765, -0.21875253319740295, 0.9877699613571167
259, 19, 0.4268607497215271, 0.48276060819625854, -0.22079750895500183, 0.7292284965515137
259, 20, 0.3848636746406555, 0.47174522280693054, -0.22610709071159363, 0.9885832071304321
259, 21, 0.42554640769958496, 0.4782322347164154, -0.19634301960468292, 0.6024976372718811
259, 22, 0.38795316219329834, 0.47023916244506836, -0.1992182433605194, 0.9774232506752014
259, 23, 0.46272653341293335, 0.3867530822753906, 0.002451276173815131, 0.9997902512550354
259, 24, 0.45390981435775757, 0.36522120237350464, -0.002487401943653822, 0.9998534917831421
259, 25, 0.4331541061401367, 0.4321567416191101, 0.08270848542451859, 0.0423714779317379
259, 26, 0.42692071199417114, 0.4087270200252533, 0.07748087495565414, 0.12430166453123093
259, 27, 0.4258468747138977, 0.4275572597980499, 0.22094976902008057, 0.027375739067792892
259, 28, 0.43439704179763794, 0.4169238209724426, 0.22599002718925476, 0.07966303080320358
259, 29, 0.42620474100112915, 0.4238376319408417, 0.23581695556640625, 0.051070891320705414
259, 30, 0.4363613724708557, 0.4151347279548645, 0.24162936210632324, 0.0668388158082962
259, 31, 0.41744810342788696, 0.43648862838745117, 0.22953030467033386, 0.07091908901929855
259, 32, 0.4313884377479553, 0.4310268759727478, 0.23411795496940613, 0.10972902178764343
260, 0, 0.4464757442474365, 0.4209017753601074, -0.21314315497875214, 0.9689319729804993
260, 1, 0.45069533586502075, 0.4167995750904083, -0.21668466925621033, 0.9459795355796814
260, 2, 0.45234164595603943, 0.4176842272281647, -0.21671505272388458, 0.9288495779037476
260, 3, 0.45397844910621643, 0.4185255765914917, -0.2167457640171051, 0.9643877148628235
260, 4, 0.44593149423599243, 0.41366085410118103, -0.21874792873859406, 0.9759339690208435
260, 5, 0.44429320096969604, 0.4124535322189331, -0.21879398822784424, 0.9729180932044983
260, 6, 0.4426465928554535, 0.41124412417411804, -0.21882393956184387, 0.9789032936096191
260, 7, 0.45753568410873413, 0.4160526394844055, -0.19495879113674164, 0.9291696548461914
260, 8, 0.4404072165489197, 0.40445828437805176, -0.20412740111351013, 0.9713432788848877
260, 9, 0.4487221837043762, 0.4227980673313141, -0.20111744105815887, 0.9772368669509888
260, 10, 0.4432193338871002, 0.41895246505737305, -0.2039402425289154, 0.9809122085571289
260, 11, 0.46269655227661133, 0.4240225553512573, -0.14490002393722534, 0.9849114418029785
260, 12, 0.42555660009384155, 0.39814338088035583, -0.15340346097946167, 0.9955804944038391
260, 13, 0.4614238739013672, 0.4527878761291504, -0.12448100745677948, 0.5481811761856079
260, 14, 0.4004966616630554, 0.42813026905059814, -0.13714531064033508, 0.975697934627533
260, 15, 0.4620121419429779, 0.48408862948417664, -0.14652910828590393, 0.46380770206451416
260, 16, 0.38145801424980164, 0.46881598234176636, -0.14959582686424255, 0.9405350089073181
260, 17, 0.4685395359992981, 0.4924249053001404, -0.16192272305488586, 0.5766531229019165
260, 18, 0.37583237886428833, 0.47827041149139404, -0.17045705020427704, 0.9316673278808594
260, 19, 0.4639766812324524, 0.4914639890193939, -0.16874279081821442, 0.6372923851013184
260, 20, 0.38205161690711975, 0.48098310828208923, -0.17287401854991913, 0.9420145750045776
260, 21, 0.4604039788246155, 0.48670169711112976, -0.15035538375377655, 0.5096419453620911
260, 22, 0.385478138923645, 0.4778398275375366, -0.1519763171672821, 0.888565719127655
260, 23, 0.4602394998073578, 0.38798123598098755, -0.0028126623947173357, 0.9993305206298828
260, 24, 0.44434070587158203, 0.3788793385028839, 0.0027208311948925257, 0.9995187520980835
260, 25, 0.451852411031723, 0.4463026821613312, 0.07882697135210037, 0.06434838473796844
260, 26, 0.43326473236083984, 0.44206205010414124, 0.06458742171525955, 0.13774701952934265
260, 27, 0.45451974868774414, 0.45156505703926086, 0.20951130986213684, 0.0227463748306036
260, 28, 0.45791929960250854, 0.4529908001422882, 0.18508084118366241, 0.09481589496135712
260, 29, 0.4545722007751465, 0.4476151764392853, 0.22443711757659912, 0.02244117297232151
260, 30, 0.4618281424045563, 0.4507961571216583, 0.19833993911743164, 0.0604691244661808
260, 31, 0.45529499650001526, 0.4700949490070343, 0.22267134487628937, 0.10503064095973969
260, 32, 0.4626227915287018, 0.4724995493888855, 0.19328802824020386, 0.1950652301311493
261, 0, 0.44558197259902954, 0.39915359020233154, -0.22186315059661865, 0.9998482465744019
261, 1, 0.4487532675266266, 0.3978898227214813, -0.2286098301410675, 0.99989914894104
261, 2, 0.44960540533065796, 0.3992921710014343, -0.22861643135547638, 0.9998713731765747
261, 3, 0.4504527449607849, 0.40066641569137573, -0.22864094376564026, 0.9998717308044434
261, 4, 0.4467969536781311, 0.39400023221969604, -0.2311946153640747, 0.999927282333374
261, 5, 0.4460619390010834, 0.3925023078918457, -0.2312418669462204, 0.9999215602874756
261, 6, 0.4452977776527405, 0.3909913897514343, -0.2312629222869873, 0.9999223947525024
261, 7, 0.4515257477760315, 0.4018246829509735, -0.21386007964611053, 0.9998564720153809
261, 8, 0.44435182213783264, 0.38830673694610596, -0.22661450505256653, 0.9999781847000122
261, 9, 0.44595274329185486, 0.4021589159965515, -0.21107085049152374, 0.9999589920043945
261, 10, 0.44290488958358765, 0.39702603220939636, -0.2150554358959198, 0.999971866607666
261, 11, 0.4480098783969879, 0.41720902919769287, -0.15537923574447632, 0.9999648332595825
261, 12, 0.43899640440940857, 0.3884525001049042, -0.1727481186389923, 0.9999479055404663
261, 13, 0.44100016355514526, 0.45671653747558594, -0.11219976097345352, 0.5302605032920837
261, 14, 0.43264681100845337, 0.42760026454925537, -0.12244479358196259, 0.9880841374397278
261, 15, 0.44420021772384644, 0.47588542103767395, -0.12130488455295563, 0.7084192037582397
261, 16, 0.43289169669151306, 0.4457830786705017, -0.0941411703824997, 0.9776254296302795
261, 17, 0.4460154175758362, 0.4833217263221741, -0.13578908145427704, 0.6106234192848206
261, 18, 0.4313638210296631, 0.4502509534358978, -0.10633772611618042, 0.940209150314331
261, 19, 0.4452994465827942, 0.48142164945602417, -0.1418546438217163, 0.6147477626800537
261, 20, 0.43194636702537537, 0.44881078600883484, -0.11020809412002563, 0.9328963756561279
261, 21, 0.4445744454860687, 0.4781014025211334, -0.12475211918354034, 0.4726565480232239
261, 22, 0.43246379494667053, 0.447546124458313, -0.09531550854444504, 0.8988633155822754
261, 23, 0.4511811137199402, 0.3921241760253906, 0.003639343660324812, 0.9999673366546631
261, 24, 0.4483795166015625, 0.38230374455451965, -0.0035166777670383453, 0.9999463558197021
261, 25, 0.44453343749046326, 0.4392322897911072, 0.0992555096745491, 0.07052548974752426
261, 26, 0.44197386503219604, 0.43578723073005676, 0.09506414085626602, 0.12775109708309174
261, 27, 0.43885740637779236, 0.44722437858581543, 0.2472161054611206, 0.08250605314970016
261, 28, 0.4483710825443268, 0.4531713128089905, 0.23348990082740784, 0.07129639387130737
261, 29, 0.437274307012558, 0.4475122094154358, 0.2632686495780945, 0.05952703580260277
261, 30, 0.44730299711227417, 0.45361125469207764, 0.24724631011486053, 0.06030335649847984
261, 31, 0.4374430775642395, 0.4555723965167999, 0.2509547472000122, 0.16630567610263824
261, 32, 0.4530715048313141, 0.4643474519252777, 0.22964683175086975, 0.14177438616752625
262, 0, 0.4421887993812561, 0.4282388985157013, -0.19490370154380798, 0.9930641055107117
262, 1, 0.4470275044441223, 0.4236701428890228, -0.19887395203113556, 0.9927532076835632
262, 2, 0.44896644353866577, 0.4245375394821167, -0.19891110062599182, 0.9941967725753784
262, 3, 0.45089298486709595, 0.4253271222114563, -0.19897262752056122, 0.9945423603057861
262, 4, 0.4418085217475891, 0.42016929388046265, -0.20112869143486023, 0.9944508075714111
262, 5, 0.4400884509086609, 0.418610543012619, -0.20117175579071045, 0.9957581162452698
262, 6, 0.43834424018859863, 0.41697371006011963, -0.20118780434131622, 0.9945328235626221
262, 7, 0.45618706941604614, 0.42036429047584534, -0.183706596493721, 0.991071343421936
262, 8, 0.4371500611305237, 0.4069858193397522, -0.19233044981956482, 0.9958844780921936
262, 9, 0.44546088576316833, 0.4283239245414734, -0.1854604333639145, 0.9898279905319214
262, 10, 0.4395221173763275, 0.42412930727005005, -0.18815767765045166, 0.9877657890319824
262, 11, 0.4682921767234802, 0.42016032338142395, -0.1330510973930359, 0.9967658519744873
262, 12, 0.4222466051578522, 0.39441627264022827, -0.14413700997829437, 0.9897786974906921
262, 13, 0.4746340811252594, 0.4480817914009094, -0.08995108306407928, 0.6679630279541016
262, 14, 0.4026692509651184, 0.4184859097003937, -0.101667620241642, 0.9174320697784424
262, 15, 0.469016969203949, 0.47627943754196167, -0.08322742581367493, 0.6656658053398132
262, 16, 0.3844524621963501, 0.46549275517463684, -0.07925013452768326, 0.9654063582420349
262, 17, 0.4725566506385803, 0.48289570212364197, -0.09309586882591248, 0.7792391180992126
262, 18, 0.37829384207725525, 0.47601941227912903, -0.09164118766784668, 0.9676936268806458
262, 19, 0.4680660665035248, 0.48576244711875916, -0.10114767402410507, 0.7908916473388672
262, 20, 0.38264036178588867, 0.4778793454170227, -0.09256618469953537, 0.9648972153663635
262, 21, 0.4668748378753662, 0.4835292398929596, -0.08668435364961624, 0.6726910471916199
262, 22, 0.38674697279930115, 0.4745386838912964, -0.07948551326990128, 0.9354968667030334
262, 23, 0.462218701839447, 0.37686648964881897, -0.009024291299283504, 0.9997492432594299
262, 24, 0.44274988770484924, 0.36968764662742615, 0.009090523235499859, 0.9993910789489746
262, 25, 0.476057767868042, 0.4410446286201477, 0.047249868512153625, 0.6564734578132629
262, 26, 0.4516821801662445, 0.4298425316810608, 0.06321106106042862, 0.04995777830481529
262, 27, 0.4971422553062439, 0.4726617932319641, 0.15307360887527466, 0.6867897510528564
262, 28, 0.48019057512283325, 0.46059444546699524, 0.16179576516151428, 0.17220908403396606
262, 29, 0.5005306005477905, 0.4738365709781647, 0.1654677540063858, 0.5278536081314087
262, 30, 0.4845060706138611, 0.46125686168670654, 0.17239095270633698, 0.127813458442688
262, 31, 0.4996844232082367, 0.497328519821167, 0.1564338207244873, 0.47172215580940247
262, 32, 0.48476332426071167, 0.48316270112991333, 0.16059710085391998, 0.12160293012857437
263, 0, 0.44160500168800354, 0.4299498200416565, -0.20098760724067688, 0.9807935953140259
263, 1, 0.44609206914901733, 0.42544254660606384, -0.20499937236309052, 0.9759482741355896
263, 2, 0.44806280732154846, 0.42629942297935486, -0.2050389051437378, 0.9794886112213135
263, 3, 0.45002251863479614, 0.42706984281539917, -0.2050980031490326, 0.9806060194969177
263, 4, 0.4407931864261627, 0.4217986762523651, -0.20731358230113983, 0.9825484752655029
263, 5, 0.43904972076416016, 0.4201689064502716, -0.2073657214641571, 0.9861365556716919
263, 6, 0.43728333711624146, 0.4184529483318329, -0.20739474892616272, 0.9836663007736206
263, 7, 0.45575809478759766, 0.4214250445365906, -0.1884293258190155, 0.9626359343528748
263, 8, 0.43631649017333984, 0.4076647162437439, -0.19733601808547974, 0.9843153357505798
263, 9, 0.44538623094558716, 0.4296644330024719, -0.19100388884544373, 0.9658845663070679
263, 10, 0.43933552503585815, 0.42549949884414673, -0.19373464584350586, 0.9602049589157104
263, 11, 0.47000035643577576, 0.4203830361366272, -0.13738910853862762, 0.9927372336387634
263, 12, 0.42314648628234863, 0.39373064041137695, -0.14789806306362152, 0.9813069105148315
263, 13, 0.4773476719856262, 0.45115989446640015, -0.09826135635375977, 0.6983336806297302
263, 14, 0.4029137194156647, 0.4195164144039154, -0.11127038300037384, 0.8918521404266357
263, 15, 0.4729669690132141, 0.48044413328170776, -0.09860991686582565, 0.6868537664413452
263, 16, 0.38449057936668396, 0.472922146320343, -0.09589868038892746, 0.9658548831939697
263, 17, 0.476654052734375, 0.48698535561561584, -0.11020376533269882, 0.7889267802238464
263, 18, 0.37837833166122437, 0.48470184206962585, -0.10977555811405182, 0.9686272144317627
263, 19, 0.4733324944972992, 0.48701825737953186, -0.11806081235408783, 0.795275866985321
263, 20, 0.38276565074920654, 0.48661014437675476, -0.11184370517730713, 0.9638863801956177
263, 21, 0.4705734848976135, 0.48318421840667725, -0.1022239699959755, 0.6694012880325317
263, 22, 0.38696151971817017, 0.48301297426223755, -0.09680484980344772, 0.9358531832695007
263, 23, 0.4636581838130951, 0.3736759126186371, -0.008960672654211521, 0.9992952346801758
263, 24, 0.4443812966346741, 0.36636897921562195, 0.00900307483971119, 0.9988170862197876
263, 25, 0.4766012132167816, 0.43816235661506653, 0.05381091684103012, 0.39665862917900085
263, 26, 0.45463043451309204, 0.42962658405303955, 0.06091911718249321, 0.028190042823553085
263, 27, 0.4953998923301697, 0.4708828032016754, 0.16034089028835297, 0.5889225602149963
263, 28, 0.48700061440467834, 0.4613495171070099, 0.1613777130842209, 0.11554044485092163
263, 29, 0.4985447824001312, 0.47139793634414673, 0.1725640743970871, 0.4425148367881775
263, 30, 0.49181467294692993, 0.4614260494709015, 0.17210471630096436, 0.10243333131074905
263, 31, 0.49732261896133423, 0.4974533021450043, 0.1628710776567459, 0.33017852902412415
263, 32, 0.4929327368736267, 0.48496538400650024, 0.15907426178455353, 0.07663039118051529
264, 0, 0.4390680193901062, 0.4318743050098419, -0.14778447151184082, 0.9883425831794739
264, 1, 0.4402044713497162, 0.4345393180847168, -0.1597285270690918, 0.9902464151382446
264, 2, 0.4408014416694641, 0.4352373480796814, -0.15974417328834534, 0.9880830645561218
264, 3, 0.4414086937904358, 0.4359000325202942, -0.1597667634487152, 0.985795259475708
264, 4, 0.4386506974697113, 0.4330905079841614, -0.16074417531490326, 0.9934426546096802
264, 5, 0.43805035948753357, 0.4327087700366974, -0.160772904753685, 0.9918671250343323
264, 6, 0.437416136264801, 0.43231117725372314, -0.16082769632339478, 0.9920910596847534
264, 7, 0.4425840973854065, 0.43730542063713074, -0.17177416384220123, 0.9825106263160706
264, 8, 0.43685275316238403, 0.4322218596935272, -0.1757553219795227, 0.9979146122932434
264, 9, 0.43996578454971313, 0.4320780336856842, -0.1459909826517105, 0.998241662979126
264, 10, 0.4379575848579407, 0.4303884208202362, -0.14725899696350098, 0.999067485332489
264, 11, 0.4477759301662445, 0.4367983639240265, -0.1462012231349945, 0.999383807182312
264, 12, 0.43313068151474, 0.42358851432800293, -0.14628292620182037, 0.9996422529220581
264, 13, 0.45467090606689453, 0.40793582797050476, -0.15422511100769043, 0.7054442167282104
264, 14, 0.45054149627685547, 0.40015459060668945, -0.13884080946445465, 0.8503404855728149
264, 15, 0.45462220907211304, 0.41763216257095337, -0.20280389487743378, 0.757882297039032
264, 16, 0.46268168091773987, 0.3964366018772125, -0.1634538620710373, 0.8669590353965759
264, 17, 0.45581549406051636, 0.4225027859210968, -0.22686061263084412, 0.7106481790542603
264, 18, 0.46474868059158325, 0.3976103365421295, -0.18342162668704987, 0.7884425520896912
264, 19, 0.4536040425300598, 0.4259273409843445, -0.2303614318370819, 0.703944742679596
264, 20, 0.46514877676963806, 0.3979572355747223, -0.18904176354408264, 0.7861537337303162
264, 21, 0.45274487137794495, 0.42322880029678345, -0.20697292685508728, 0.6285250186920166
264, 22, 0.46509796380996704, 0.3976357877254486, -0.16743876039981842, 0.7862036824226379
264, 23, 0.4514715075492859, 0.3884231448173523, -0.001825242885388434, 0.9999229907989502
264, 24, 0.4430505633354187, 0.38202449679374695, 0.0018745975103229284, 0.9998273849487305
264, 25, 0.46064144372940063, 0.4010753333568573, 0.10897944122552872, 0.3973604440689087
264, 26, 0.44294580817222595, 0.3942451775074005, 0.11760781705379486, 0.23836088180541992
264, 27, 0.46353015303611755, 0.3976917564868927, 0.2702088952064514, 0.1532587707042694
264, 28, 0.44195231795310974, 0.39597854018211365, 0.2770631015300751, 0.030300017446279526
264, 29, 0.4633566737174988, 0.3934812843799591, 0.2875663638114929, 0.10595899075269699
264, 30, 0.4401492178440094, 0.39414268732070923, 0.2936027944087982, 0.02240002155303955
264, 31, 0.4657686650753021, 0.40838101506233215, 0.28400352597236633, 0.08917943388223648
264, 32, 0.4437939524650574, 0.40216779708862305, 0.28880342841148376, 0.02025636099278927
265, 0, 0.44482532143592834, 0.39937740564346313, 0.10180194675922394, 0.9078719615936279
265, 1, 0.4431440234184265, 0.4006032645702362, 0.10657458007335663, 0.5399236679077148
265, 2, 0.4424667954444885, 0.4005955159664154, 0.1065705418586731, 0.7487821578979492
265, 3, 0.4417550563812256, 0.4004862606525421, 0.10650546848773956, 0.5720179677009583
265, 4, 0.44612008333206177, 0.40051138401031494, 0.10528592765331268, 0.25637492537498474
265, 5, 0.44685038924217224, 0.4001023471355438, 0.1053132638335228, 0.34085240960121155
265, 6, 0.4475366473197937, 0.3995884358882904, 0.10530859231948853, 0.19298262894153595
265, 7, 0.44016391038894653, 0.3975145220756531, 0.12264211475849152, 0.8220835328102112
265, 8, 0.4499574601650238, 0.39718466997146606, 0.11859272420406342, 0.7649047374725342
265, 9, 0.4441757798194885, 0.39698612689971924, 0.10743000358343124, 0.968549370765686
265, 10, 0.4461715817451477, 0.3961009085178375, 0.10627800226211548, 0.9450684189796448
265, 11, 0.42884379625320435, 0.39742469787597656, 0.10518286377191544, 0.9999717473983765
265, 12, 0.46066054701805115, 0.4001384675502777, 0.10454393923282623, 0.9995856881141663
265, 13, 0.4009748101234436, 0.4346943199634552, 0.07151095569133759, 0.595145583152771
265, 14, 0.48107823729515076, 0.4241323173046112, 0.07531684637069702, 0.1325177699327469
265, 15, 0.39187467098236084, 0.4679323434829712, 0.027936061844229698, 0.4122157096862793
265, 16, 0.4843864440917969, 0.44076409935951233, 0.07881223410367966, 0.37492427229881287
265, 17, 0.3895001709461212, 0.47862765192985535, 0.016232263296842575, 0.3557758927345276
265, 18, 0.48664769530296326, 0.4480942189693451, 0.07193028926849365, 0.2144584208726883
265, 19, 0.3926698863506317, 0.4822033643722534, 0.01555931568145752, 0.35254231095314026
265, 20, 0.485464483499527, 0.451672226190567, 0.07939979434013367, 0.15967023372650146
265, 21, 0.3933589458465576, 0.47715380787849426, 0.025526950135827065, 0.2905696630477905
265, 22, 0.4842110574245453, 0.44881418347358704, 0.08101627975702286, 0.14669042825698853
265, 23, 0.43960580229759216, 0.38876888155937195, 0.003073139814659953, 0.9984328150749207
265, 24, 0.4576922059059143, 0.392555832862854, -0.0031333689112216234, 0.9982452392578125
265, 25, 0.44417518377304077, 0.43126556277275085, -6.114123243605718e-05, 0.8678200244903564
265, 26, 0.4771365225315094, 0.4490375220775604, -0.019580811262130737, 0.8860876560211182
265, 27, 0.4275888502597809, 0.45937085151672363, 0.001731643220409751, 0.1004219502210617
265, 28, 0.484048455953598, 0.4846111834049225, -0.017017148435115814, 0.6211138963699341
265, 29, 0.4261782169342041, 0.4553976356983185, 0.0009610224515199661, 0.37089231610298157
265, 30, 0.48196497559547424, 0.47976815700531006, -0.018875880166888237, 0.928067147731781
265, 31, 0.427330881357193, 0.4881279468536377, -0.028569037094712257, 0.3060351014137268
265, 32, 0.4915200173854828, 0.5160374641418457, -0.04965129494667053, 0.7629432082176208
266, 0, 0.4421845078468323, 0.40480777621269226, -0.19746708869934082, 0.9974182844161987
266, 1, 0.4448825418949127, 0.4045652747154236, -0.2023652046918869, 0.9978868365287781
266, 2, 0.4455779492855072, 0.4056771695613861, -0.202411487698555, 0.9977701902389526
266, 3, 0.44626522064208984, 0.4067516028881073, -0.20248201489448547, 0.997739315032959
266, 4, 0.44380322098731995, 0.40172696113586426, -0.20464590191841125, 0.9983208775520325
266, 5, 0.4433840811252594, 0.40061047673225403, -0.20466968417167664, 0.9982311129570007
266, 6, 0.44293197989463806, 0.39948004484176636, -0.2046949565410614, 0.9980345368385315
266, 7, 0.44799357652664185, 0.40770432353019714, -0.18938103318214417, 0.9978615641593933
266, 8, 0.4439435601234436, 0.3968832790851593, -0.20017924904823303, 0.9994056224822998
266, 9, 0.44282713532447815, 0.4058212637901306, -0.1879987269639969, 0.9985083937644958
266, 10, 0.4405921399593353, 0.40203797817230225, -0.19133326411247253, 0.9986554384231567
266, 11, 0.44585639238357544, 0.41825056076049805, -0.1481810063123703, 0.999885082244873
266, 12, 0.44382065534591675, 0.39518895745277405, -0.16080312430858612, 0.9995917677879333
266, 13, 0.4359803795814514, 0.45343872904777527, -0.13552851974964142, 0.5413962602615356
266, 14, 0.44615107774734497, 0.41737326979637146, -0.1502993106842041, 0.907336950302124
266, 15, 0.42980894446372986, 0.47893521189689636, -0.15755394101142883, 0.8462555408477783
266, 16, 0.4466434419155121, 0.4267229437828064, -0.15859591960906982, 0.8158998489379883
266, 17, 0.4293610453605652, 0.4912450611591339, -0.1737791746854782, 0.7947254776954651
266, 18, 0.4466201663017273, 0.4326728284358978, -0.17532755434513092, 0.6735847592353821
266, 19, 0.42862242460250854, 0.4901118278503418, -0.18031741678714752, 0.7919442653656006
266, 20, 0.44567614793777466, 0.43353429436683655, -0.17431126534938812, 0.6720663905143738
266, 21, 0.4284156858921051, 0.4838601350784302, -0.16166336834430695, 0.6585016846656799
266, 22, 0.44517916440963745, 0.4313872754573822, -0.15948444604873657, 0.6080816388130188
266, 23, 0.44871893525123596, 0.3906702995300293, 0.0033083423040807247, 0.999930739402771
266, 24, 0.44944196939468384, 0.3882303535938263, -0.0031956532038748264, 0.9999442100524902
266, 25, 0.4525945782661438, 0.4375641644001007, 0.10776233673095703, 0.07104873657226562
266, 26, 0.45135635137557983, 0.44166725873947144, 0.09748218953609467, 0.05180560052394867
266, 27, 0.4494319558143616, 0.4435425102710724, 0.2744240462779999, 0.03180117905139923
266, 28, 0.4592894911766052, 0.4479912221431732, 0.22609040141105652, 0.05593783035874367
266, 29, 0.4486216902732849, 0.44403189420700073, 0.29239195585250854, 0.04157378152012825
266, 30, 0.45856913924217224, 0.4469604194164276, 0.23876924812793732, 0.056138474494218826
266, 31, 0.4507163166999817, 0.4514732360839844, 0.2819700539112091, 0.08787228912115097
266, 32, 0.4655826687812805, 0.45778828859329224, 0.22135396301746368, 0.11577517539262772
267, 0, 0.44329461455345154, 0.4270904064178467, -0.19913432002067566, 0.9896665811538696
267, 1, 0.44792595505714417, 0.4216691851615906, -0.20505192875862122, 0.9870855212211609
267, 2, 0.45001420378685, 0.42199569940567017, -0.20512118935585022, 0.9862480759620667
267, 3, 0.45209789276123047, 0.422235369682312, -0.2052149772644043, 0.9911282062530518
267, 4, 0.44224223494529724, 0.41910314559936523, -0.20721904933452606, 0.9907643795013428
267, 5, 0.44043904542922974, 0.41767650842666626, -0.20726200938224792, 0.9900375604629517
267, 6, 0.4385833740234375, 0.41623198986053467, -0.20731821656227112, 0.9915573596954346
267, 7, 0.45735257863998413, 0.41522490978240967, -0.19869466125965118, 0.9677854180335999
267, 8, 0.4372144341468811, 0.40578457713127136, -0.20766913890838623, 0.9869128465652466
267, 9, 0.4468894600868225, 0.42634233832359314, -0.19229580461978912, 0.993486225605011
267, 10, 0.4401644170284271, 0.42358165979385376, -0.19495348632335663, 0.9909400939941406
267, 11, 0.4693523943424225, 0.4171205759048462, -0.1612529456615448, 0.9991167187690735
267, 12, 0.4253159165382385, 0.39626070857048035, -0.16198207437992096, 0.9948999285697937
267, 13, 0.4734775125980377, 0.4589676856994629, -0.15125876665115356, 0.975548267364502
267, 14, 0.4115450382232666, 0.42174166440963745, -0.14373356103897095, 0.827770471572876
267, 15, 0.4788035750389099, 0.49410706758499146, -0.16645678877830505, 0.9281715154647827
267, 16, 0.40055757761001587, 0.4636055529117584, -0.14520642161369324, 0.8231643438339233
267, 17, 0.484529972076416, 0.5046255588531494, -0.18364673852920532, 0.9085758924484253
267, 18, 0.3938336968421936, 0.4735663831233978, -0.16401639580726624, 0.7462100386619568
267, 19, 0.4811180531978607, 0.5042728185653687, -0.18796682357788086, 0.8916782140731812
267, 20, 0.39902636408805847, 0.47674471139907837, -0.16606901586055756, 0.6985036730766296
267, 21, 0.4778151512145996, 0.49942782521247864, -0.16936296224594116, 0.8025006055831909
267, 22, 0.4028683602809906, 0.47421085834503174, -0.14710234105587006, 0.6508373022079468
267, 23, 0.46232396364212036, 0.3747105598449707, -0.005995097104460001, 0.999954342842102
267, 24, 0.4409807622432709, 0.3708530068397522, 0.006091429386287928, 0.9999456405639648
267, 25, 0.48085159063339233, 0.4466298520565033, 0.07403161376714706, 0.3639567792415619
267, 26, 0.4528042674064636, 0.44646376371383667, 0.027373064309358597, 0.1094011589884758
267, 27, 0.49503475427627563, 0.47614800930023193, 0.21545496582984924, 0.38335752487182617
267, 28, 0.4803452491760254, 0.47692641615867615, 0.12447774410247803, 0.15486830472946167
267, 29, 0.4969729781150818, 0.4763275682926178, 0.23086830973625183, 0.318134069442749
267, 30, 0.48477882146835327, 0.47597265243530273, 0.13395226001739502, 0.12287325412034988
267, 31, 0.49978581070899963, 0.5042248368263245, 0.2160692662000656, 0.3094204366207123
267, 32, 0.4853500425815582, 0.5062633752822876, 0.10807458311319351, 0.17599938809871674
268, 0, 0.4464295506477356, 0.42801332473754883, -0.14367830753326416, 0.9989690780639648
268, 1, 0.45090141892433167, 0.4211607277393341, -0.15066483616828918, 0.9988341927528381
268, 2, 0.45305538177490234, 0.4211588501930237, -0.15071433782577515, 0.9987174272537231
268, 3, 0.45520052313804626, 0.42107945680618286, -0.15078558027744293, 0.9989144802093506
268, 4, 0.4449858069419861, 0.41974198818206787, -0.1522018164396286, 0.9992603659629822
268, 5, 0.44305652379989624, 0.4188258647918701, -0.1522625982761383, 0.999347984790802
268, 6, 0.44108685851097107, 0.41786351799964905, -0.15232142806053162, 0.9994370341300964
268, 7, 0.4605633616447449, 0.41457319259643555, -0.15171873569488525, 0.9970682263374329
268, 8, 0.43933290243148804, 0.40881025791168213, -0.15847261250019073, 0.9993509650230408
268, 9, 0.4502538740634918, 0.4275996685028076, -0.14018864929676056, 0.9992068409919739
268, 10, 0.44321197271347046, 0.4261390268802643, -0.14233310520648956, 0.9991200566291809
268, 11, 0.47439679503440857, 0.41811418533325195, -0.12783828377723694, 0.9987491369247437
268, 12, 0.4251226484775543, 0.40432852506637573, -0.12348675727844238, 0.9989318251609802
268, 13, 0.48672428727149963, 0.4657604694366455, -0.11949817836284637, 0.9960381984710693
268, 14, 0.4080168604850769, 0.434320330619812, -0.10578503459692001, 0.8001925945281982
268, 15, 0.5032843351364136, 0.5159149765968323, -0.128451406955719, 0.9831992983818054
268, 16, 0.3947708010673523, 0.48691144585609436, -0.0934528335928917, 0.8308770656585693
268, 17, 0.5123997330665588, 0.5288714170455933, -0.14138348400592804, 0.9695343375205994
268, 18, 0.388605535030365, 0.49929946660995483, -0.10789231210947037, 0.7543566823005676
268, 19, 0.5091434717178345, 0.5309129953384399, -0.14164386689662933, 0.9644074440002441
268, 20, 0.3931606411933899, 0.5021082162857056, -0.10694046318531036, 0.7184818387031555
268, 21, 0.5048556923866272, 0.5253498554229736, -0.12888112664222717, 0.9218154549598694
268, 22, 0.3965831995010376, 0.4983082115650177, -0.09363402426242828, 0.6556447744369507
268, 23, 0.4662356972694397, 0.37229838967323303, -0.005508056841790676, 0.9999498128890991
268, 24, 0.44515150785446167, 0.3700695335865021, 0.005571862682700157, 0.9999521970748901
268, 25, 0.48056405782699585, 0.44628071784973145, 0.04771796241402626, 0.5411381125450134
268, 26, 0.46153855323791504, 0.4428040683269501, 0.011792628094553947, 0.3893137276172638
268, 27, 0.4875040054321289, 0.4789268374443054, 0.1448100358247757, 0.4308944642543793
268, 28, 0.49122628569602966, 0.48999181389808655, 0.07368532568216324, 0.24918809533119202
268, 29, 0.4870893359184265, 0.4782049059867859, 0.15639011561870575, 0.2896476686000824
268, 30, 0.49555855989456177, 0.49254605174064636, 0.0803237184882164, 0.1430949866771698
268, 31, 0.49324578046798706, 0.5096611976623535, 0.15206415951251984, 0.4255969226360321
268, 32, 0.49800270795822144, 0.5208746194839478, 0.06430743634700775, 0.29142656922340393
269, 0, 0.4445798993110657, 0.4331625699996948, -0.18038515746593475, 0.9956099390983582
269, 1, 0.44725996255874634, 0.4271409809589386, -0.185607448220253, 0.9953839182853699
269, 2, 0.44927483797073364, 0.42686107754707336, -0.18562722206115723, 0.9933924078941345
269, 3, 0.4512840211391449, 0.4265241026878357, -0.18568028509616852, 0.9949447512626648
269, 4, 0.44122037291526794, 0.4261634945869446, -0.1859845221042633, 0.9976491332054138
269, 5, 0.43924325704574585, 0.42544376850128174, -0.18603521585464478, 0.9972991347312927
269, 6, 0.43725618720054626, 0.4246978461742401, -0.1860949993133545, 0.9981991648674011
269, 7, 0.45604515075683594, 0.4181210696697235, -0.1743943840265274, 0.982912540435791
269, 8, 0.4344051778316498, 0.414122998714447, -0.17616237699985504, 0.9964105486869812
269, 9, 0.4487479627132416, 0.43100520968437195, -0.17244943976402283, 0.9950771927833557
269, 10, 0.4419317841529846, 0.4301903247833252, -0.1730574518442154, 0.9962679743766785
269, 11, 0.4737888276576996, 0.4142953157424927, -0.1388901025056839, 0.9866531491279602
269, 12, 0.42101866006851196, 0.40305736660957336, -0.13801226019859314, 0.9950528740882874
269, 13, 0.4896150231361389, 0.45392289757728577, -0.13590224087238312, 0.9878089427947998
269, 14, 0.3998572528362274, 0.4244387447834015, -0.13259181380271912, 0.7617941498756409
269, 15, 0.5072202086448669, 0.5046766996383667, -0.15295164287090302, 0.9720178246498108
269, 16, 0.3866311311721802, 0.47997963428497314, -0.137786865234375, 0.8178364038467407
269, 17, 0.5161865949630737, 0.5185275673866272, -0.17012819647789001, 0.9369532465934753
269, 18, 0.37804704904556274, 0.49252352118492126, -0.15695711970329285, 0.7607494592666626
269, 19, 0.5108923316001892, 0.5214711427688599, -0.17121300101280212, 0.9295910000801086
269, 20, 0.3838869333267212, 0.49409371614456177, -0.15841558575630188, 0.7463000416755676
269, 21, 0.5064266920089722, 0.515129029750824, -0.15448306500911713, 0.8443990349769592
269, 22, 0.38860055804252625, 0.48937514424324036, -0.1398145854473114, 0.6736432909965515
269, 23, 0.4657289385795593, 0.370207816362381, -0.001564095146022737, 0.9988221526145935
269, 24, 0.44216689467430115, 0.3666364848613739, 0.0015294082695618272, 0.9988239407539368
269, 25, 0.4670777916908264, 0.4324507713317871, 0.056845176964998245, 0.1839134842157364
269, 26, 0.4431343674659729, 0.44729506969451904, 0.043852798640728, 0.2613166868686676
269, 27, 0.4594925343990326, 0.4520997703075409, 0.1647670567035675, 0.14723704755306244
269, 28, 0.4659041464328766, 0.46065962314605713, 0.13292455673217773, 0.13237443566322327
269, 29, 0.45836132764816284, 0.4483185112476349, 0.17731241881847382, 0.09627325087785721
269, 30, 0.4695456624031067, 0.45604056119918823, 0.14302678406238556, 0.07279641181230545
269, 31, 0.4607301354408264, 0.48162078857421875, 0.1754242181777954, 0.18562990427017212
269, 32, 0.47257542610168457, 0.4868309795856476, 0.13650010526180267, 0.19156219065189362
270, 0, 0.4448262155056, 0.43751683831214905, -0.17221622169017792, 0.9995474219322205
270, 1, 0.4480372369289398, 0.43227478861808777, -0.17720849812030792, 0.9995536208152771
270, 2, 0.450031042098999, 0.4322141408920288, -0.17724058032035828, 0.9993927478790283
270, 3, 0.45202165842056274, 0.4320789873600006, -0.1773022711277008, 0.9994761347770691
270, 4, 0.44219961762428284, 0.4305505156517029, -0.17787039279937744, 0.9997501969337463
270, 5, 0.4403487741947174, 0.42948558926582336, -0.17792649567127228, 0.9997362494468689
270, 6, 0.4384709894657135, 0.4283719062805176, -0.1779751181602478, 0.9998007416725159
270, 7, 0.45743733644485474, 0.423226535320282, -0.1668885350227356, 0.998013973236084
270, 8, 0.43636202812194824, 0.4166805148124695, -0.1696004718542099, 0.9996724128723145
270, 9, 0.4489513039588928, 0.43503162264823914, -0.16471269726753235, 0.9993941783905029
270, 10, 0.44236525893211365, 0.4333847761154175, -0.16555126011371613, 0.9994426369667053
270, 11, 0.4773147702217102, 0.4186394512653351, -0.13183891773223877, 0.9964943528175354
270, 12, 0.42248839139938354, 0.3996587097644806, -0.13317197561264038, 0.997988224029541
270, 13, 0.4943525791168213, 0.46099334955215454, -0.12736083567142487, 0.9940702319145203
270, 14, 0.40355953574180603, 0.4255789518356323, -0.12683960795402527, 0.8530765771865845
270, 15, 0.5122554302215576, 0.5140911340713501, -0.145742729306221, 0.9883484244346619
270, 16, 0.3893214464187622, 0.4834422767162323, -0.1292007714509964, 0.9238239526748657
270, 17, 0.5208762884140015, 0.5289340615272522, -0.16183258593082428, 0.9759883284568787
270, 18, 0.38081231713294983, 0.4982087016105652, -0.14694753289222717, 0.8795706629753113
270, 19, 0.5162837505340576, 0.5321535468101501, -0.1622898131608963, 0.9710211753845215
270, 20, 0.3863874673843384, 0.5017991065979004, -0.1492178589105606, 0.8607665300369263
270, 21, 0.5121797919273376, 0.5255035161972046, -0.14687323570251465, 0.9293538331985474
270, 22, 0.3912167549133301, 0.4968000650405884, -0.13130654394626617, 0.816163957118988
270, 23, 0.46879011392593384, 0.3661843538284302, -0.0010712931398302317, 0.9996048808097839
270, 24, 0.4448554515838623, 0.36072295904159546, 0.0010901225032284856, 0.9996166229248047
270, 25, 0.4754049777984619, 0.4326457977294922, 0.05204007029533386, 0.3190627992153168
270, 26, 0.45435208082199097, 0.43874603509902954, 0.028021525591611862, 0.34407976269721985
270, 27, 0.4689963459968567, 0.4639502763748169, 0.15426820516586304, 0.3152923882007599
270, 28, 0.4786987900733948, 0.4748856723308563, 0.09713774919509888, 0.2377767562866211
270, 29, 0.4680106043815613, 0.4614822268486023, 0.16621068120002747, 0.23849642276763916
270, 30, 0.4820725917816162, 0.4741450548171997, 0.1051519364118576, 0.1428341567516327
270, 31, 0.47014468908309937, 0.4977070391178131, 0.16444869339466095, 0.24306198954582214
270, 32, 0.4859756827354431, 0.5059312582015991, 0.09522639960050583, 0.235951229929924
271, 0, 0.44400009512901306, 0.43246880173683167, -0.18648889660835266, 0.9631320834159851
271, 1, 0.4476875364780426, 0.4252443015575409, -0.19422100484371185, 0.9642265439033508
271, 2, 0.44997793436050415, 0.42525485157966614, -0.19424240291118622, 0.9563179612159729
271, 3, 0.4522581994533539, 0.42517760396003723, -0.19429709017276764, 0.9547489881515503
271, 4, 0.44102007150650024, 0.4235018491744995, -0.19342954456806183, 0.9725959300994873
271, 5, 0.4388989508152008, 0.42255645990371704, -0.19348002970218658, 0.9705497622489929
271, 6, 0.43677932024002075, 0.42156141996383667, -0.19355107843875885, 0.978754460811615
271, 7, 0.4582013189792633, 0.41743993759155273, -0.18749314546585083, 0.8918538689613342
271, 8, 0.4342566430568695, 0.41041725873947144, -0.1835932582616806, 0.9503767490386963
271, 9, 0.44860535860061646, 0.4313892424106598, -0.17944025993347168, 0.9443078637123108
271, 10, 0.4411734640598297, 0.4295659065246582, -0.17831334471702576, 0.957468569278717
271, 11, 0.4774179458618164, 0.41303151845932007, -0.14433476328849792, 0.9378646016120911
271, 12, 0.41997161507606506, 0.4018859565258026, -0.1455242782831192, 0.973158061504364
271, 13, 0.49939125776290894, 0.44775262475013733, -0.12116064131259918, 0.9576932191848755
271, 14, 0.39619678258895874, 0.43048256635665894, -0.1368514895439148, 0.8147003054618835
271, 15, 0.5074540972709656, 0.49004608392715454, -0.11948557943105698, 0.9295204877853394
271, 16, 0.38080570101737976, 0.48557230830192566, -0.14715835452079773, 0.9292193651199341
271, 17, 0.5149743556976318, 0.4991988241672516, -0.13249939680099487, 0.8895059823989868
271, 18, 0.37238359451293945, 0.4977145195007324, -0.16479268670082092, 0.9065574407577515
271, 19, 0.5087811946868896, 0.5002216696739197, -0.13673542439937592, 0.8804508447647095
271, 20, 0.37927761673927307, 0.4982750713825226, -0.16644500195980072, 0.9020233750343323
271, 21, 0.5042989253997803, 0.4954908490180969, -0.12140943109989166, 0.7449607253074646
271, 22, 0.3840716779232025, 0.4937525987625122, -0.14888863265514374, 0.8694468140602112
271, 23, 0.4666539132595062, 0.37512555718421936, -0.00037802374572493136, 0.9938352108001709
271, 24, 0.44174033403396606, 0.3678605854511261, 0.0003187702677678317, 0.9933033585548401
271, 25, 0.4635142385959625, 0.4321284294128418, 0.06835954636335373, 0.05306824669241905
271, 26, 0.43275776505470276, 0.4379514455795288, 0.05234973505139351, 0.10547790676355362
271, 27, 0.4555334448814392, 0.43760162591934204, 0.17612826824188232, 0.08899679780006409
271, 28, 0.4456539750099182, 0.43934231996536255, 0.16326281428337097, 0.052475493401288986
271, 29, 0.4534572660923004, 0.4323684573173523, 0.18863575160503387, 0.06544265896081924
271, 30, 0.44772857427597046, 0.4336056709289551, 0.17588075995445251, 0.04776248708367348
271, 31, 0.457023561000824, 0.4625753164291382, 0.19047661125659943, 0.044884610921144485
271, 32, 0.4501877725124359, 0.4621655344963074, 0.17701222002506256, 0.040829382836818695
272, 0, 0.44613510370254517, 0.4324844777584076, -0.1922113001346588, 0.9833987951278687
272, 1, 0.4488612115383148, 0.4269082248210907, -0.19845007359981537, 0.9854480624198914
272, 2, 0.45084691047668457, 0.4268183708190918, -0.19846102595329285, 0.9806936383247375
272, 3, 0.45282167196273804, 0.42665037512779236, -0.19851034879684448, 0.982381284236908
272, 4, 0.44305914640426636, 0.4257013201713562, -0.19878876209259033, 0.9914337396621704
272, 5, 0.44125819206237793, 0.42501145601272583, -0.19884343445301056, 0.9903520941734314
272, 6, 0.4394528269767761, 0.4242984354496002, -0.1989084631204605, 0.9931442737579346
272, 7, 0.45813852548599243, 0.41903823614120483, -0.18560591340065002, 0.9446632862091064
272, 8, 0.4371587634086609, 0.41424381732940674, -0.18710213899612427, 0.9841402769088745
272, 9, 0.45036524534225464, 0.4307789206504822, -0.18289747834205627, 0.9737191200256348
272, 10, 0.44399571418762207, 0.42965561151504517, -0.18332581222057343, 0.9808563590049744
272, 11, 0.4787885248661041, 0.41399693489074707, -0.14162421226501465, 0.929571270942688
272, 12, 0.4225262701511383, 0.40469905734062195, -0.147314190864563, 0.9758287072181702
272, 13, 0.502124011516571, 0.4502238929271698, -0.13281813263893127, 0.9837473034858704
272, 14, 0.39751526713371277, 0.4266654849052429, -0.14328095316886902, 0.8050819635391235
272, 15, 0.5171582102775574, 0.4999343752861023, -0.14822536706924438, 0.9776135087013245
272, 16, 0.38095802068710327, 0.4803183972835541, -0.1552037000656128, 0.9022884964942932
272, 17, 0.5255601406097412, 0.512844979763031, -0.16363123059272766, 0.9538253545761108
272, 18, 0.3714689314365387, 0.49122220277786255, -0.17413438856601715, 0.8756693601608276
272, 19, 0.5191335082054138, 0.5160675048828125, -0.1664825826883316, 0.9499362707138062
272, 20, 0.37801826000213623, 0.49276089668273926, -0.17431703209877014, 0.8745298981666565
272, 21, 0.5146880745887756, 0.5101280808448792, -0.15015798807144165, 0.8783859610557556
272, 22, 0.3831164538860321, 0.4884513020515442, -0.1564321368932724, 0.8240755796432495
272, 23, 0.46683597564697266, 0.37520360946655273, 0.0005086057353764772, 0.9812753796577454
272, 24, 0.44115328788757324, 0.36833158135414124, -0.0005877055809833109, 0.9799726605415344
272, 25, 0.46392470598220825, 0.44198688864707947, 0.0528443343937397, 0.050651706755161285
272, 26, 0.4306972920894623, 0.44579416513442993, 0.03811267390847206, 0.12335362285375595
272, 27, 0.4600420892238617, 0.44802582263946533, 0.15169759094715118, 0.05592193081974983
272, 28, 0.4457717537879944, 0.44723206758499146, 0.13864430785179138, 0.03384554013609886
272, 29, 0.4585789740085602, 0.4431777596473694, 0.16313885152339935, 0.04043406620621681
272, 30, 0.4483880400657654, 0.4416835308074951, 0.15028874576091766, 0.030508441850543022
272, 31, 0.46237412095069885, 0.4733814597129822, 0.16273216903209686, 0.05992285907268524
272, 32, 0.44935518503189087, 0.46930813789367676, 0.1507914811372757, 0.049151040613651276
273, 0, 0.44431906938552856, 0.4345334470272064, -0.18197816610336304, 0.9845370054244995
273, 1, 0.4485296308994293, 0.4295826256275177, -0.18791258335113525, 0.9851772785186768
273, 2, 0.4507637023925781, 0.43017256259918213, -0.187931627035141, 0.9808547496795654
273, 3, 0.4529901146888733, 0.4306882619857788, -0.18798059225082397, 0.9793370962142944
273, 4, 0.44205960631370544, 0.42651796340942383, -0.18778738379478455, 0.9902617335319519
273, 5, 0.4399104118347168, 0.4251924157142639, -0.1878395527601242, 0.989813506603241
273, 6, 0.43775826692581177, 0.4238184094429016, -0.18790178000926971, 0.9924339056015015
273, 7, 0.45872125029563904, 0.42446792125701904, -0.17726193368434906, 0.9500728249549866
273, 8, 0.4352881908416748, 0.4126891791820526, -0.17586925625801086, 0.9855723977088928
273, 9, 0.4484950602054596, 0.4335959851741791, -0.17414671182632446, 0.9804856777191162
273, 10, 0.44127577543258667, 0.4302241802215576, -0.17384076118469238, 0.9856019616127014
273, 11, 0.47530418634414673, 0.4200911521911621, -0.1343783140182495, 0.9828451871871948
273, 12, 0.4200055003166199, 0.3977366089820862, -0.13663031160831451, 0.9903841018676758
273, 13, 0.4909150004386902, 0.45362064242362976, -0.11195898056030273, 0.9288306832313538
273, 14, 0.39592456817626953, 0.42487719655036926, -0.11825846135616302, 0.8207098245620728
273, 15, 0.49756401777267456, 0.4920753538608551, -0.11579415947198868, 0.8817409873008728
273, 16, 0.37937623262405396, 0.4787839353084564, -0.11614401638507843, 0.9344457983970642
273, 17, 0.5041332840919495, 0.501533031463623, -0.12952792644500732, 0.8338347673416138
273, 18, 0.3711112141609192, 0.49113965034484863, -0.1320827305316925, 0.9227077960968018
273, 19, 0.49901071190834045, 0.5015488862991333, -0.13298824429512024, 0.8277201652526855
273, 20, 0.37760964035987854, 0.49216192960739136, -0.13385486602783203, 0.9179081916809082
273, 21, 0.49505844712257385, 0.4967203736305237, -0.11770276725292206, 0.6758841872215271
273, 22, 0.38237687945365906, 0.48787933588027954, -0.11755361407995224, 0.8805235624313354
273, 23, 0.4659695029258728, 0.3758757412433624, -0.00423610582947731, 0.9976643323898315
273, 24, 0.44336384534835815, 0.36652451753616333, 0.004161461256444454, 0.9976654052734375
273, 25, 0.46285074949264526, 0.4345614016056061, 0.06940700113773346, 0.1012144535779953
273, 26, 0.4417867064476013, 0.44123703241348267, 0.05631094053387642, 0.09902139008045197
273, 27, 0.45926886796951294, 0.4466908872127533, 0.17878296971321106, 0.22934366762638092
273, 28, 0.4615195691585541, 0.4536390006542206, 0.15481701493263245, 0.09456310421228409
273, 29, 0.4576731324195862, 0.44186830520629883, 0.19138416647911072, 0.1505887657403946
273, 30, 0.46425801515579224, 0.44935765862464905, 0.16567938029766083, 0.0731545239686966
273, 31, 0.46079474687576294, 0.47255176305770874, 0.1897871047258377, 0.1211690902709961
273, 32, 0.4688779413700104, 0.47717633843421936, 0.16003692150115967, 0.07434481382369995
274, 0, 0.44303804636001587, 0.4266964793205261, -0.2006339281797409, 0.9934044480323792
274, 1, 0.4469420313835144, 0.4215029776096344, -0.2057342827320099, 0.9941779375076294
274, 2, 0.44906550645828247, 0.4220585823059082, -0.2057589590549469, 0.9928293824195862
274, 3, 0.45117083191871643, 0.4225292205810547, -0.20582279562950134, 0.9919958114624023
274, 4, 0.4410941004753113, 0.4188642203807831, -0.20685291290283203, 0.9961099028587341
274, 5, 0.43922263383865356, 0.417754590511322, -0.20690706372261047, 0.9960110187530518
274, 6, 0.4373401999473572, 0.4165892004966736, -0.2069542109966278, 0.9966385364532471
274, 7, 0.45742160081863403, 0.41794297099113464, -0.1911008208990097, 0.9843182563781738
274, 8, 0.43618494272232056, 0.4075300991535187, -0.19544565677642822, 0.9956316947937012
274, 9, 0.44765710830688477, 0.42682233452796936, -0.19110718369483948, 0.991955578327179
274, 10, 0.4409383237361908, 0.42407017946243286, -0.19254569709300995, 0.9934995174407959
274, 11, 0.4749414026737213, 0.41843220591545105, -0.1445527821779251, 0.991024374961853
274, 12, 0.424211323261261, 0.39962390065193176, -0.14994531869888306, 0.9910703897476196
274, 13, 0.4868738055229187, 0.4527784585952759, -0.11515810340642929, 0.9384258985519409
274, 14, 0.40314823389053345, 0.43072569370269775, -0.12124167382717133, 0.6944590210914612
274, 15, 0.492819219827652, 0.4905596971511841, -0.11258429288864136, 0.8129469156265259
274, 16, 0.3855960965156555, 0.4819754362106323, -0.10306493937969208, 0.7504891157150269
274, 17, 0.49897798895835876, 0.5000205636024475, -0.12458346784114838, 0.732510507106781
274, 18, 0.3775765895843506, 0.493948757648468, -0.11538185179233551, 0.734806478023529
274, 19, 0.49499282240867615, 0.5006579160690308, -0.12724174559116364, 0.7179182767868042
274, 20, 0.38308829069137573, 0.4943678081035614, -0.1166752353310585, 0.7059148550033569
274, 21, 0.4911840558052063, 0.49589136242866516, -0.11387715488672256, 0.5214670896530151
274, 22, 0.38770124316215515, 0.4906924068927765, -0.1036151796579361, 0.6316724419593811
274, 23, 0.4665682911872864, 0.37916645407676697, -0.003437558887526393, 0.9990744590759277
274, 24, 0.4446333944797516, 0.37237998843193054, 0.0034088410902768373, 0.9991076588630676
274, 25, 0.4695499837398529, 0.4425557851791382, 0.07447266578674316, 0.08049659430980682
274, 26, 0.44575124979019165, 0.4428950846195221, 0.05719919875264168, 0.07485520839691162
274, 27, 0.4707272946834564, 0.46285656094551086, 0.1935315877199173, 0.1778971254825592
274, 28, 0.4659244418144226, 0.4637964963912964, 0.1554141491651535, 0.07522664219141006
274, 29, 0.4698422849178314, 0.46075567603111267, 0.2070644348859787, 0.12804867327213287
274, 30, 0.4689303934574127, 0.4614465832710266, 0.16592910885810852, 0.06697921454906464
274, 31, 0.4730469286441803, 0.4874962270259857, 0.20417413115501404, 0.09271866083145142
274, 32, 0.4727626442909241, 0.4883856177330017, 0.15847383439540863, 0.06543450802564621
275, 0, 0.4440074563026428, 0.4240545928478241, -0.16934742033481598, 0.929768443107605
275, 1, 0.44896945357322693, 0.4163391590118408, -0.17651844024658203, 0.9273557662963867
275, 2, 0.4514218270778656, 0.4167165160179138, -0.1765349805355072, 0.9255992770195007
275, 3, 0.4538672864437103, 0.4170181155204773, -0.17659370601177216, 0.9055678248405457
275, 4, 0.4422069489955902, 0.41437995433807373, -0.1766490936279297, 0.9373632669448853
275, 5, 0.4399499297142029, 0.41347119212150574, -0.176674023270607, 0.9439496994018555
275, 6, 0.43769294023513794, 0.412508487701416, -0.17672450840473175, 0.9493204951286316
275, 7, 0.4601355195045471, 0.4130159020423889, -0.16904665529727936, 0.879977285861969
275, 8, 0.43570905923843384, 0.4038523733615875, -0.16877400875091553, 0.9209592342376709
275, 9, 0.4483861029148102, 0.4250267446041107, -0.16222964227199554, 0.9013727307319641
275, 10, 0.4406760334968567, 0.422635555267334, -0.16229258477687836, 0.9175710678100586
275, 11, 0.4740351736545563, 0.4152236878871918, -0.12771067023277283, 0.9622485041618347
275, 12, 0.42043572664260864, 0.3999875485897064, -0.13249708712100983, 0.9756755828857422
275, 13, 0.48499226570129395, 0.4444419741630554, -0.09540730714797974, 0.8094556927680969
275, 14, 0.3924213647842407, 0.4270893931388855, -0.10916192829608917, 0.6023184061050415
275, 15, 0.4889299273490906, 0.4786438047885895, -0.08883631974458694, 0.6268454194068909
275, 16, 0.3823741376399994, 0.4825358986854553, -0.10303910076618195, 0.8204479217529297
275, 17, 0.49550876021385193, 0.4855670630931854, -0.09769631922245026, 0.604956865310669
275, 18, 0.3761051297187805, 0.4940589964389801, -0.11436164379119873, 0.825529158115387
275, 19, 0.4901740550994873, 0.48373574018478394, -0.0997990071773529, 0.6080129146575928
275, 20, 0.3840879499912262, 0.4929291903972626, -0.11536647379398346, 0.8301912546157837
275, 21, 0.4858272671699524, 0.4802490770816803, -0.08951109647750854, 0.4093392789363861
275, 22, 0.3878506124019623, 0.4894721508026123, -0.10364041477441788, 0.7789229154586792
275, 23, 0.4621903896331787, 0.39168107509613037, -0.002782879862934351, 0.998233437538147
275, 24, 0.43981751799583435, 0.38231489062309265, 0.002726377220824361, 0.9979478716850281
275, 25, 0.45646992325782776, 0.4405971169471741, 0.07781820744276047, 0.04113185778260231
275, 26, 0.4327446520328522, 0.43976885080337524, 0.07270053029060364, 0.05602225661277771
275, 27, 0.4517297148704529, 0.4445802569389343, 0.18967857956886292, 0.098106749355793
275, 28, 0.4481860101222992, 0.44405144453048706, 0.18600063025951385, 0.08568402379751205
275, 29, 0.4498097002506256, 0.44061824679374695, 0.2027718722820282, 0.07232479751110077
275, 30, 0.4506116807460785, 0.4400748312473297, 0.1985262632369995, 0.07240071892738342
275, 31, 0.45180314779281616, 0.46449989080429077, 0.20754030346870422, 0.022433454170823097
275, 32, 0.4531978964805603, 0.4637410342693329, 0.19975951313972473, 0.026323741301894188
276, 0, 0.44873303174972534, 0.4231388568878174, -0.17462341487407684, 0.9513877034187317
276, 1, 0.4533447325229645, 0.41505274176597595, -0.18299756944179535, 0.9544186592102051
276, 2, 0.45590049028396606, 0.4150042235851288, -0.18301446735858917, 0.9561590552330017
276, 3, 0.4584483206272125, 0.41487857699394226, -0.18307971954345703, 0.9417064189910889
276, 4, 0.44602423906326294, 0.41425129771232605, -0.18277740478515625, 0.9615404605865479
276, 5, 0.4435831606388092, 0.41375869512557983, -0.18280856311321259, 0.9666892290115356
276, 6, 0.4411458969116211, 0.41319987177848816, -0.1828669309616089, 0.9697902202606201
276, 7, 0.46471184492111206, 0.41032469272613525, -0.17748230695724487, 0.9277361631393433
276, 8, 0.43835705518722534, 0.4050080478191376, -0.17621362209320068, 0.9501377940177917
276, 9, 0.4533676207065582, 0.4234766364097595, -0.16764910519123077, 0.9244498014450073
276, 10, 0.44518622756004333, 0.422476202249527, -0.16741417348384857, 0.9397011399269104
276, 11, 0.48120278120040894, 0.41217881441116333, -0.1337786167860031, 0.9453692436218262
276, 12, 0.4212729334831238, 0.40362972021102905, -0.13827617466449738, 0.973770797252655
276, 13, 0.49551862478256226, 0.44470101594924927, -0.1022835224866867, 0.8973918557167053
276, 14, 0.39038825035095215, 0.42570653557777405, -0.11497123539447784, 0.588017463684082
276, 15, 0.4999971389770508, 0.48352372646331787, -0.09310861676931381, 0.7407204508781433
276, 16, 0.38029298186302185, 0.48767730593681335, -0.10972683131694794, 0.733491063117981
276, 17, 0.5070722699165344, 0.49157261848449707, -0.10242482274770737, 0.6972793936729431
276, 18, 0.37302157282829285, 0.4988512396812439, -0.12119798362255096, 0.7525647878646851
276, 19, 0.501697838306427, 0.4904399514198303, -0.10372719913721085, 0.6912325620651245
276, 20, 0.3805835247039795, 0.49701687693595886, -0.12166659533977509, 0.7530288696289062
276, 21, 0.49702292680740356, 0.48613566160202026, -0.09340881556272507, 0.480116069316864
276, 22, 0.3849655091762543, 0.4933778643608093, -0.11001040041446686, 0.6772252917289734
276, 23, 0.46537524461746216, 0.392184317111969, -0.0020563367288559675, 0.9973489046096802
276, 24, 0.44045448303222656, 0.38400596380233765, 0.001981169916689396, 0.9969455599784851
276, 25, 0.4589828848838806, 0.4378676414489746, 0.08530983328819275, 0.04016660898923874
276, 26, 0.43215543031692505, 0.4365812838077545, 0.07877787947654724, 0.06502323597669601
276, 27, 0.455463707447052, 0.4360780417919159, 0.20327088236808777, 0.10546834766864777
276, 28, 0.44479864835739136, 0.43341684341430664, 0.1995624601840973, 0.0844661220908165
276, 29, 0.45381808280944824, 0.43212637305259705, 0.2170741856098175, 0.07808652520179749
276, 30, 0.44699183106422424, 0.42921048402786255, 0.2130134552717209, 0.08459793776273727
276, 31, 0.45569247007369995, 0.4534223675727844, 0.2231406718492508, 0.017580606043338776
276, 32, 0.4478263258934021, 0.4494467079639435, 0.21604320406913757, 0.020285366103053093
277, 0, 0.44661569595336914, 0.4259067177772522, -0.1733592301607132, 0.9950094223022461
277, 1, 0.44962364435195923, 0.41879385709762573, -0.18100221455097198, 0.9948756098747253
277, 2, 0.45175227522850037, 0.41856080293655396, -0.18103213608264923, 0.9940603375434875
277, 3, 0.45386457443237305, 0.41824212670326233, -0.1810988187789917, 0.9939476251602173
277, 4, 0.44359248876571655, 0.4185921251773834, -0.18082916736602783, 0.9963318705558777
277, 5, 0.4415663778781891, 0.41828709840774536, -0.18087193369865417, 0.9964764714241028
277, 6, 0.43952351808547974, 0.4179267883300781, -0.1809309720993042, 0.9974662065505981
277, 7, 0.45906639099121094, 0.41365230083465576, -0.1772114634513855, 0.9849421977996826
277, 8, 0.4374855160713196, 0.4111066460609436, -0.17607462406158447, 0.994551956653595
277, 9, 0.45128005743026733, 0.425857812166214, -0.16746920347213745, 0.9904633164405823
277, 10, 0.44431930780410767, 0.4253908693790436, -0.16722777485847473, 0.9914365410804749
277, 11, 0.47779959440231323, 0.4114852845668793, -0.13999463617801666, 0.9795379042625427
277, 12, 0.4231318533420563, 0.4136664569377899, -0.14275917410850525, 0.9822585582733154
277, 13, 0.497182697057724, 0.4481445848941803, -0.12614065408706665, 0.9932135343551636
277, 14, 0.39876845479011536, 0.4439373016357422, -0.13402695953845978, 0.6441432237625122
277, 15, 0.51357102394104, 0.49623537063598633, -0.13630574941635132, 0.9695464372634888
277, 16, 0.38289403915405273, 0.4928860068321228, -0.13731755316257477, 0.7083803415298462
277, 17, 0.5217589139938354, 0.5089721083641052, -0.15128399431705475, 0.933907151222229
277, 18, 0.3737439513206482, 0.5077476501464844, -0.15386265516281128, 0.6608734130859375
277, 19, 0.5167713761329651, 0.5123212933540344, -0.15186627209186554, 0.9271180033683777
277, 20, 0.38066717982292175, 0.5061450004577637, -0.15322518348693848, 0.6504389047622681
277, 21, 0.512326180934906, 0.5066102743148804, -0.13744957745075226, 0.8026602864265442
277, 22, 0.3856640160083771, 0.5004838705062866, -0.13793015480041504, 0.5711792707443237
277, 23, 0.46483907103538513, 0.38855111598968506, -0.004022194538265467, 0.998791515827179
277, 24, 0.4418875575065613, 0.3873882591724396, 0.00393237778916955, 0.997104823589325
277, 25, 0.46375975012779236, 0.4390484392642975, 0.06391158699989319, 0.07470595836639404
277, 26, 0.4427432119846344, 0.4471123218536377, 0.06049197167158127, 0.08409858494997025
277, 27, 0.4580908417701721, 0.4469637870788574, 0.16824260354042053, 0.1410837173461914
277, 28, 0.459923654794693, 0.4560658037662506, 0.1580762416124344, 0.06581953912973404
277, 29, 0.45540851354599, 0.4418816566467285, 0.18066199123859406, 0.08677031844854355
277, 30, 0.46186333894729614, 0.45166289806365967, 0.1689281314611435, 0.06237640976905823
277, 31, 0.46288472414016724, 0.47516825795173645, 0.18381629884243011, 0.040503278374671936
277, 32, 0.46772003173828125, 0.4809524416923523, 0.16775214672088623, 0.041287150233983994
278, 0, 0.4475136399269104, 0.4213997423648834, -0.16902674734592438, 0.9946781396865845
278, 1, 0.45079463720321655, 0.41450828313827515, -0.17601731419563293, 0.994106650352478
278, 2, 0.4528677463531494, 0.4143878221511841, -0.17604222893714905, 0.9923831820487976
278, 3, 0.4549237787723541, 0.4141896069049835, -0.17609918117523193, 0.9919098019599915
278, 4, 0.44487467408180237, 0.4144831895828247, -0.1760532557964325, 0.9961022138595581
278, 5, 0.4428286552429199, 0.41440117359161377, -0.176086887717247, 0.9961308240890503
278, 6, 0.4407729208469391, 0.41427212953567505, -0.17614760994911194, 0.9970272183418274
278, 7, 0.45959702134132385, 0.41095399856567383, -0.17006120085716248, 0.9837386608123779
278, 8, 0.43827542662620544, 0.4089204668998718, -0.16986727714538574, 0.9946460723876953
278, 9, 0.45156535506248474, 0.42190390825271606, -0.16258648037910461, 0.990453839302063
278, 10, 0.44469088315963745, 0.42157843708992004, -0.16268141567707062, 0.9924741387367249
278, 11, 0.4750249981880188, 0.4114284813404083, -0.1339787393808365, 0.9855623245239258
278, 12, 0.4223865866661072, 0.4124726951122284, -0.13415518403053284, 0.9920618534088135
278, 13, 0.49047964811325073, 0.44645553827285767, -0.11903772503137589, 0.9879918694496155
278, 14, 0.3961750864982605, 0.4408186078071594, -0.12146284431219101, 0.5731650590896606
278, 15, 0.5049687027931213, 0.4942428469657898, -0.12504760921001434, 0.9570705890655518
278, 16, 0.3822290897369385, 0.4851325452327728, -0.12304766476154327, 0.7116320729255676
278, 17, 0.5131627917289734, 0.506343424320221, -0.13777965307235718, 0.9159325957298279
278, 18, 0.37473779916763306, 0.4979626536369324, -0.13820818066596985, 0.6598256826400757
278, 19, 0.5082801580429077, 0.5090866684913635, -0.1383722722530365, 0.912168025970459
278, 20, 0.38149771094322205, 0.4966769218444824, -0.1371479630470276, 0.6554988622665405
278, 21, 0.5036949515342712, 0.5039386749267578, -0.12579171359539032, 0.7897494435310364
278, 22, 0.38567692041397095, 0.49190783500671387, -0.12344460189342499, 0.5805744528770447
278, 23, 0.46351709961891174, 0.38873550295829773, -0.004817227367311716, 0.9992784857749939
278, 24, 0.44172391295433044, 0.3874494731426239, 0.004691828973591328, 0.9988934397697449
278, 25, 0.4632555842399597, 0.44106510281562805, 0.06419243663549423, 0.08426493406295776
278, 26, 0.4463825821876526, 0.4476921558380127, 0.059476546943187714, 0.13033516705036163
278, 27, 0.45645132660865784, 0.4554517865180969, 0.16534669697284698, 0.1575523316860199
278, 28, 0.4682534337043762, 0.46969857811927795, 0.1496710479259491, 0.1410156488418579
278, 29, 0.4532451629638672, 0.45187294483184814, 0.17724384367465973, 0.09352269768714905
278, 30, 0.47126340866088867, 0.4669589102268219, 0.15955284237861633, 0.11962816119194031
278, 31, 0.4609585404396057, 0.482069194316864, 0.1791280210018158, 0.061051804572343826
278, 32, 0.47787243127822876, 0.4980207085609436, 0.1560332179069519, 0.0853816568851471
279, 0, 0.44914668798446655, 0.41339951753616333, -0.20820435881614685, 0.9997895359992981
279, 1, 0.4497021734714508, 0.4148603677749634, -0.21097390353679657, 0.9998985528945923
279, 2, 0.44921407103538513, 0.4156605303287506, -0.21102377772331238, 0.9999035596847534
279, 3, 0.44871777296066284, 0.41640087962150574, -0.21112854778766632, 0.9999123811721802
279, 4, 0.4516530930995941, 0.4131467044353485, -0.21360591053962708, 0.9998829364776611
279, 5, 0.45216330885887146, 0.41220003366470337, -0.21362319588661194, 0.9998985528945923
279, 6, 0.45263615250587463, 0.41117575764656067, -0.21360614895820618, 0.999840497970581
279, 7, 0.4485117793083191, 0.4159042239189148, -0.19097694754600525, 0.9999145269393921
279, 8, 0.45468729734420776, 0.408314973115921, -0.202510803937912, 0.9999490976333618
279, 9, 0.44822707772254944, 0.41174617409706116, -0.19688262045383453, 0.9997959733009338
279, 10, 0.4494093954563141, 0.40883177518844604, -0.20049862563610077, 0.9996829032897949
279, 11, 0.44132310152053833, 0.42011651396751404, -0.144119530916214, 0.9999438524246216
279, 12, 0.45670533180236816, 0.40408453345298767, -0.1540665179491043, 0.9995474219322205
279, 13, 0.41099461913108826, 0.44404929876327515, -0.1223992109298706, 0.6847031712532043
279, 14, 0.44895750284194946, 0.43358543515205383, -0.09076031297445297, 0.2452438771724701
279, 15, 0.3954767882823944, 0.46639764308929443, -0.1461218148469925, 0.6468361020088196
279, 16, 0.4459153115749359, 0.4588982164859772, -0.0462261326611042, 0.26633280515670776
279, 17, 0.39008238911628723, 0.4780412018299103, -0.15715967118740082, 0.6044930219650269
279, 18, 0.4470199942588806, 0.46802136301994324, -0.05131161957979202, 0.26370537281036377
279, 19, 0.3921365737915039, 0.47766828536987305, -0.16450628638267517, 0.6231184005737305
279, 20, 0.4460594058036804, 0.4688665270805359, -0.052628446370363235, 0.2461981177330017
279, 21, 0.3946995139122009, 0.472042977809906, -0.14999987185001373, 0.5449259281158447
279, 22, 0.44496387243270874, 0.46546828746795654, -0.04589221626520157, 0.22887606918811798
279, 23, 0.45081958174705505, 0.38638556003570557, -0.0031209071166813374, 0.9999547004699707
279, 24, 0.46030908823013306, 0.38538864254951477, 0.003408645512536168, 0.999970555305481
279, 25, 0.4621235430240631, 0.43201136589050293, 0.08277072012424469, 0.3370477855205536
279, 26, 0.4691736102104187, 0.43618953227996826, 0.06473495811223984, 0.06034983694553375
279, 27, 0.46840184926986694, 0.473669171333313, 0.18766586482524872, 0.42854809761047363
279, 28, 0.495861679315567, 0.48885849118232727, 0.14282123744487762, 0.1210671067237854
279, 29, 0.4696984887123108, 0.4790462851524353, 0.19970543682575226, 0.358381062746048
279, 30, 0.49870938062667847, 0.49277353286743164, 0.1505635529756546, 0.11473745852708817
279, 31, 0.471731960773468, 0.49492737650871277, 0.1892678290605545, 0.37086063623428345
279, 32, 0.501276433467865, 0.5131063461303711, 0.13537131249904633, 0.12079428136348724
280, 0, 0.44695430994033813, 0.416670024394989, -0.2374144047498703, 0.9999086856842041
280, 1, 0.44859713315963745, 0.41615724563598633, -0.2398376762866974, 0.9999568462371826
280, 2, 0.4487803876399994, 0.416938453912735, -0.23987551033496857, 0.9999516010284424
280, 3, 0.44894081354141235, 0.4176827669143677, -0.23997291922569275, 0.9999547004699707
280, 4, 0.4486171305179596, 0.4139229357242584, -0.24244475364685059, 0.9999487400054932
280, 5, 0.448504775762558, 0.41280287504196167, -0.24249105155467987, 0.9999473094940186
280, 6, 0.44836148619651794, 0.4116494357585907, -0.24249008297920227, 0.9999240636825562
280, 7, 0.44943976402282715, 0.41570502519607544, -0.2139321267604828, 0.999942421913147
280, 8, 0.4487460255622864, 0.407074511051178, -0.22554776072502136, 0.9999769926071167
280, 9, 0.4466724991798401, 0.4160776436328888, -0.2234046906232834, 0.9999518394470215
280, 10, 0.4458605647087097, 0.412713885307312, -0.22702041268348694, 0.9999275207519531
280, 11, 0.4457687437534332, 0.4191654324531555, -0.15526294708251953, 0.999970555305481
280, 12, 0.4463372230529785, 0.4026699364185333, -0.16877642273902893, 0.9997228980064392
280, 13, 0.4206177592277527, 0.4498339295387268, -0.12898112833499908, 0.5739067792892456
280, 14, 0.44411858916282654, 0.43983349204063416, -0.11000478267669678, 0.7015228867530823
280, 15, 0.40793976187705994, 0.4773363471031189, -0.15290077030658722, 0.677113950252533
280, 16, 0.4468986392021179, 0.4650278389453888, -0.07512468099594116, 0.5545549392700195
280, 17, 0.4048732817173004, 0.4893400967121124, -0.16612553596496582, 0.6362167596817017
280, 18, 0.4480132460594177, 0.47335124015808105, -0.08421997725963593, 0.46390214562416077
280, 19, 0.4053623080253601, 0.4885379672050476, -0.17493019998073578, 0.6384460926055908
280, 20, 0.44785386323928833, 0.4727082848548889, -0.08631429076194763, 0.4158272445201874
280, 21, 0.4066340923309326, 0.48295319080352783, -0.15761657059192657, 0.5631285905838013
280, 22, 0.4471302926540375, 0.4694313108921051, -0.07553581148386002, 0.4044293463230133
280, 23, 0.45139819383621216, 0.3876325488090515, -0.0015605025691911578, 0.9999743700027466
280, 24, 0.45275798439979553, 0.3845060467720032, 0.0017946234438568354, 0.9999760389328003
280, 25, 0.467721164226532, 0.4445035755634308, 0.08990955352783203, 0.36683788895606995
280, 26, 0.4669172167778015, 0.4420621991157532, 0.07262296229600906, 0.152608722448349
280, 27, 0.47458070516586304, 0.4794829189777374, 0.2233554869890213, 0.35961541533470154
280, 28, 0.4917062819004059, 0.48952487111091614, 0.17582851648330688, 0.14717994630336761
280, 29, 0.47532492876052856, 0.4830300211906433, 0.23812413215637207, 0.2682226598262787
280, 30, 0.49431973695755005, 0.492658406496048, 0.18617630004882812, 0.11759059131145477
280, 31, 0.4793204665184021, 0.5000417828559875, 0.22507230937480927, 0.4152163565158844
280, 32, 0.49920281767845154, 0.5143485069274902, 0.16829577088356018, 0.1858731061220169
281, 0, 0.4485267996788025, 0.40575090050697327, -0.19701144099235535, 0.9999397993087769
281, 1, 0.44758328795433044, 0.40662553906440735, -0.2005877047777176, 0.999948263168335
281, 2, 0.4467567503452301, 0.407025009393692, -0.20064035058021545, 0.9999645948410034
281, 3, 0.44593244791030884, 0.40735599398612976, -0.2007337063550949, 0.9999511241912842
281, 4, 0.45067423582077026, 0.4066443145275116, -0.20363208651542664, 0.9999356269836426
281, 5, 0.4514746069908142, 0.4064163267612457, -0.20365682244300842, 0.9999651908874512
281, 6, 0.45222407579421997, 0.4060981273651123, -0.20366482436656952, 0.9999130964279175
281, 7, 0.44418686628341675, 0.4065799415111542, -0.18078425526618958, 0.9999663829803467
281, 8, 0.4538111090660095, 0.4052923321723938, -0.19499607384204865, 0.999985933303833
281, 9, 0.4471987783908844, 0.40422847867012024, -0.1853250414133072, 0.9999624490737915
281, 10, 0.4494611322879791, 0.40280842781066895, -0.1898038238286972, 0.9999494552612305
281, 11, 0.4364057183265686, 0.4063854515552521, -0.13845457136631012, 0.9999760389328003
281, 12, 0.456770122051239, 0.40831121802330017, -0.1477922648191452, 0.9999003410339355
281, 13, 0.4119226932525635, 0.43161821365356445, -0.11731825768947601, 0.5607600212097168
281, 14, 0.46143823862075806, 0.45873531699180603, -0.1151907816529274, 0.7421582937240601
281, 15, 0.40875428915023804, 0.46416229009628296, -0.13821527361869812, 0.6830576658248901
281, 16, 0.4738296866416931, 0.47702455520629883, -0.10553696006536484, 0.5757080912590027
281, 17, 0.40692609548568726, 0.4746650159358978, -0.1479688286781311, 0.6254367828369141
281, 18, 0.4796869158744812, 0.4858357310295105, -0.11573539674282074, 0.5068376064300537
281, 19, 0.4079660475254059, 0.47782182693481445, -0.15313318371772766, 0.6171952486038208
281, 20, 0.47744137048721313, 0.4813632071018219, -0.11575411260128021, 0.4496157169342041
281, 21, 0.4095741808414459, 0.4733999967575073, -0.14107684791088104, 0.5011078715324402
281, 22, 0.4744645059108734, 0.4770047068595886, -0.10585403442382812, 0.41244247555732727
281, 23, 0.44783681631088257, 0.3838178515434265, -0.0028906604275107384, 0.9999710321426392
281, 24, 0.4595652222633362, 0.39010241627693176, 0.0031128667760640383, 0.9999643564224243
281, 25, 0.4623991847038269, 0.44300729036331177, 0.0914020910859108, 0.2564908564090729
281, 26, 0.4660924971103668, 0.457520455121994, 0.06974735110998154, 0.05029183626174927
281, 27, 0.473026841878891, 0.46927762031555176, 0.22169578075408936, 0.1618265062570572
281, 28, 0.49139848351478577, 0.4904543161392212, 0.15700183808803558, 0.042558763176202774
281, 29, 0.4742507040500641, 0.47166043519973755, 0.2371051013469696, 0.1738303005695343
281, 30, 0.4929896295070648, 0.4893512427806854, 0.1659199446439743, 0.07663890719413757
281, 31, 0.4818958342075348, 0.48654383420944214, 0.23314952850341797, 0.14015056192874908
281, 32, 0.4993387758731842, 0.5119578242301941, 0.15334804356098175, 0.045990921556949615
282, 0, 0.44765138626098633, 0.4123266339302063, -0.22739525139331818, 0.9997920393943787
282, 1, 0.448373019695282, 0.41225671768188477, -0.23135511577129364, 0.9999231100082397
282, 2, 0.4483933448791504, 0.413033127784729, -0.231402188539505, 0.9999245405197144
282, 3, 0.44838228821754456, 0.4137921929359436, -0.23151564598083496, 0.9999279975891113
282, 4, 0.44878941774368286, 0.4104790687561035, -0.23364612460136414, 0.9998977184295654
282, 5, 0.44868049025535583, 0.4096043109893799, -0.23368903994560242, 0.9999110698699951
282, 6, 0.448556512594223, 0.4086674153804779, -0.23368605971336365, 0.9998705387115479
282, 7, 0.44815772771835327, 0.41376903653144836, -0.21086597442626953, 0.9999384880065918
282, 8, 0.4486927390098572, 0.40621644258499146, -0.22099721431732178, 0.9999750852584839
282, 9, 0.4473646581172943, 0.41212302446365356, -0.21517649292945862, 0.9999336004257202
282, 10, 0.44678419828414917, 0.40926089882850647, -0.21840110421180725, 0.9999004602432251
282, 11, 0.44421109557151794, 0.4185791313648224, -0.15574689209461212, 0.9999748468399048
282, 12, 0.4489748477935791, 0.40622928738594055, -0.16556181013584137, 0.9996939897537231
282, 13, 0.4180546700954437, 0.44427692890167236, -0.12698447704315186, 0.5697164535522461
282, 14, 0.44396600127220154, 0.440043181180954, -0.09922708570957184, 0.4946008324623108
282, 15, 0.4083396792411804, 0.4672064483165741, -0.14773964881896973, 0.532195508480072
282, 16, 0.44521647691726685, 0.4519057273864746, -0.054762255400419235, 0.3104446828365326
282, 17, 0.4055482745170593, 0.4778878390789032, -0.16013897955417633, 0.4724719822406769
282, 18, 0.4466363787651062, 0.45736294984817505, -0.06087247282266617, 0.2503312826156616
282, 19, 0.4069701135158539, 0.4791591167449951, -0.1676352322101593, 0.4648726284503937
282, 20, 0.445756733417511, 0.45651355385780334, -0.06165767461061478, 0.2204512655735016
282, 21, 0.40811604261398315, 0.47394129633903503, -0.15160299837589264, 0.3542052209377289
282, 22, 0.4449767470359802, 0.45381101965904236, -0.05404048040509224, 0.2110614776611328
282, 23, 0.45208320021629333, 0.3887871503829956, -0.0029561424162238836, 0.9999719858169556
282, 24, 0.45614147186279297, 0.3868478238582611, 0.0032424747478216887, 0.9999614953994751
282, 25, 0.4723190367221832, 0.4441235363483429, 0.0825975239276886, 0.4075508713722229
282, 26, 0.47086796164512634, 0.44402068853378296, 0.07410254329442978, 0.04212770611047745
282, 27, 0.4870925843715668, 0.48246753215789795, 0.2070801556110382, 0.48312684893608093
282, 28, 0.4985881447792053, 0.4892493486404419, 0.17524053156375885, 0.07544953376054764
282, 29, 0.48901739716529846, 0.4877500832080841, 0.22127637267112732, 0.3617875277996063
282, 30, 0.5018268823623657, 0.4929092526435852, 0.18565988540649414, 0.08070357143878937
282, 31, 0.494357168674469, 0.5011122822761536, 0.20734432339668274, 0.4139019846916199
282, 32, 0.5057103037834167, 0.5106465816497803, 0.16889233887195587, 0.09260831028223038
283, 0, 0.4473089575767517, 0.41335299611091614, -0.21872356534004211, 0.9995400905609131
283, 1, 0.44922858476638794, 0.41061919927597046, -0.2229422777891159, 0.9998088479042053
283, 2, 0.44989004731178284, 0.41129153966903687, -0.2229791134595871, 0.9997907280921936
283, 3, 0.4505285620689392, 0.41191864013671875, -0.22308805584907532, 0.9998100399971008
283, 4, 0.4475322663784027, 0.40845391154289246, -0.22530949115753174, 0.999786913394928
283, 5, 0.4468333125114441, 0.4073970913887024, -0.22535130381584167, 0.9997864365577698
283, 6, 0.4461122453212738, 0.40627235174179077, -0.22535018622875214, 0.999744713306427
283, 7, 0.4517229497432709, 0.41086387634277344, -0.20382030308246613, 0.99979168176651
283, 8, 0.44523853063583374, 0.40206003189086914, -0.21427321434020996, 0.9999250173568726
283, 9, 0.4480462968349457, 0.41383031010627747, -0.20702321827411652, 0.9998382329940796
283, 10, 0.44546300172805786, 0.4108773469924927, -0.21032723784446716, 0.9997922778129578
283, 11, 0.4527210295200348, 0.418401300907135, -0.14739130437374115, 0.9999030828475952
283, 12, 0.4409361481666565, 0.4015841484069824, -0.1592794805765152, 0.9993244409561157
283, 13, 0.43406400084495544, 0.4417077302932739, -0.1084992066025734, 0.4884245693683624
283, 14, 0.43080562353134155, 0.42766502499580383, -0.0940546914935112, 0.6740277409553528
283, 15, 0.42465823888778687, 0.4628564119338989, -0.11293777078390121, 0.39266207814216614
283, 16, 0.4261789917945862, 0.4424125552177429, -0.04883963614702225, 0.46776220202445984
283, 17, 0.4237983226776123, 0.47177886962890625, -0.12271656095981598, 0.3488534390926361
283, 18, 0.42498403787612915, 0.4465146064758301, -0.055651795119047165, 0.381192147731781
283, 19, 0.4233587682247162, 0.47225990891456604, -0.13181394338607788, 0.3552515208721161
283, 20, 0.4255727231502533, 0.44724786281585693, -0.05528091639280319, 0.36313486099243164
283, 21, 0.4229758679866791, 0.46742430329322815, -0.11692486703395844, 0.290314257144928
283, 22, 0.4263257086277008, 0.44526731967926025, -0.04770775884389877, 0.35196125507354736
283, 23, 0.4569496512413025, 0.3904136121273041, -0.0033812292385846376, 0.9999594688415527
283, 24, 0.45145168900489807, 0.3849579393863678, 0.003663867013528943, 0.9999457597732544
283, 25, 0.47398439049720764, 0.4522382915019989, 0.06836965680122375, 0.7042880654335022
283, 26, 0.46787410974502563, 0.44707298278808594, 0.06168219447135925, 0.09392945468425751
283, 27, 0.48882049322128296, 0.4858415722846985, 0.18543598055839539, 0.6040361523628235
283, 28, 0.49717482924461365, 0.4889462888240814, 0.15629272162914276, 0.11171980947256088
283, 29, 0.49031490087509155, 0.4885489046573639, 0.19884002208709717, 0.3857250511646271
283, 30, 0.5011661648750305, 0.4915052652359009, 0.16614097356796265, 0.07930786162614822
283, 31, 0.4947437345981598, 0.508151113986969, 0.1878356635570526, 0.6303355097770691
283, 32, 0.5049604773521423, 0.5138776302337646, 0.15217798948287964, 0.19407570362091064
284, 0, 0.44816136360168457, 0.41044002771377563, 0.004279382526874542, 0.983073890209198
284, 1, 0.44761115312576294, 0.4122898578643799, 0.0036277256440371275, 0.9788079261779785
284, 2, 0.44718456268310547, 0.4126104712486267, 0.0035906448028981686, 0.9840319752693176
284, 3, 0.4467657208442688, 0.4128727912902832, 0.0034732199274003506, 0.9805456399917603
284, 4, 0.44943585991859436, 0.41158896684646606, 0.002727415645495057, 0.9726091623306274
284, 5, 0.4499689042568207, 0.4112337827682495, 0.0027442711871117353, 0.9771519303321838
284, 6, 0.45045360922813416, 0.410783588886261, 0.002727347193285823, 0.9628913998603821
284, 7, 0.44653743505477905, 0.4121807813644409, 0.007068485952913761, 0.9786384701728821
284, 8, 0.45289045572280884, 0.40945664048194885, 0.004995730239897966, 0.9810133576393127
284, 9, 0.4477096199989319, 0.40892088413238525, 0.007420933805406094, 0.9709861874580383
284, 10, 0.4494238793849945, 0.40797603130340576, 0.006607084069401026, 0.9606300592422485
284, 11, 0.4383365511894226, 0.4115215837955475, 0.005627718288451433, 0.999636173248291
284, 12, 0.4588954448699951, 0.4027150571346283, 0.005757744424045086, 0.9971387386322021
284, 13, 0.4087549149990082, 0.42992809414863586, -0.004326258320361376, 0.44817978143692017
284, 14, 0.4649662375450134, 0.4133281409740448, 0.027968937531113625, 0.03916235640645027
284, 15, 0.3921785056591034, 0.46653032302856445, -0.030558407306671143, 0.4155617654323578
284, 16, 0.46636733412742615, 0.44328781962394714, 0.044109150767326355, 0.06070676073431969
284, 17, 0.3875131905078888, 0.48168399930000305, -0.035972122102975845, 0.3542427718639374
284, 18, 0.4667045474052429, 0.4568060636520386, 0.045151371508836746, 0.07724950462579727
284, 19, 0.38918864727020264, 0.4822033643722534, -0.03744079917669296, 0.3841174244880676
284, 20, 0.4665640890598297, 0.4572358727455139, 0.04703627526760101, 0.07269957661628723
284, 21, 0.39164820313453674, 0.4758470356464386, -0.031595371663570404, 0.3166409432888031
284, 22, 0.46525126695632935, 0.4524100720882416, 0.045788031071424484, 0.06957587599754333
284, 23, 0.4481894075870514, 0.385405957698822, -0.0021134952548891306, 0.9999359846115112
284, 24, 0.45825719833374023, 0.3866264224052429, 0.0020082651171833277, 0.9999560117721558
284, 25, 0.45343470573425293, 0.4337250888347626, 0.06547046452760696, 0.4119456708431244
284, 26, 0.4608411192893982, 0.4521558880805969, 0.09814649075269699, 0.2637133002281189
284, 27, 0.45166388154029846, 0.45563435554504395, 0.12813811004161835, 0.1359046846628189
284, 28, 0.46398743987083435, 0.4659437835216522, 0.15742869675159454, 0.17822228372097015
284, 29, 0.4524267315864563, 0.4519839882850647, 0.13702908158302307, 0.4182965159416199
284, 30, 0.4626874327659607, 0.4574545621871948, 0.1649305373430252, 0.43384602665901184
284, 31, 0.4524175524711609, 0.4772871732711792, 0.12663589417934418, 0.21025551855564117
284, 32, 0.4670833647251129, 0.49005645513534546, 0.16021046042442322, 0.18256957828998566
285, 0, 0.4504390358924866, 0.4175361692905426, -0.2090647667646408, 0.9998151659965515
285, 1, 0.45246371626853943, 0.4155028462409973, -0.21194687485694885, 0.9999181032180786
285, 2, 0.4528070092201233, 0.4160962402820587, -0.21199564635753632, 0.999911904335022
285, 3, 0.4531387686729431, 0.41663116216659546, -0.21211548149585724, 0.9999344348907471
285, 4, 0.4517599940299988, 0.41362619400024414, -0.21535047888755798, 0.9999022483825684
285, 5, 0.45144662261009216, 0.4125380516052246, -0.21538522839546204, 0.9998955726623535
285, 6, 0.45109429955482483, 0.41139891743659973, -0.21538498997688293, 0.9998749494552612
285, 7, 0.4534497857093811, 0.4146384298801422, -0.191314235329628, 0.9999176263809204
285, 8, 0.4506985545158386, 0.40684881806373596, -0.20661421120166779, 0.9999555349349976
285, 9, 0.4498441815376282, 0.4175145924091339, -0.19719088077545166, 0.9999291896820068
285, 10, 0.4485376477241516, 0.4146595895290375, -0.2019091099500656, 0.9998937845230103
285, 11, 0.45064789056777954, 0.41914495825767517, -0.13977040350437164, 0.9999443292617798
285, 12, 0.4448043406009674, 0.4060889482498169, -0.15660683810710907, 0.9996366500854492
285, 13, 0.42427945137023926, 0.4447959363460541, -0.1136108785867691, 0.5799933671951294
285, 14, 0.43317490816116333, 0.4353511333465576, -0.09048232436180115, 0.6226679086685181
285, 15, 0.4106147289276123, 0.47273343801498413, -0.12981024384498596, 0.40805307030677795
285, 16, 0.430420458316803, 0.45835572481155396, -0.043359287083148956, 0.3754265010356903
285, 17, 0.40920963883399963, 0.48357170820236206, -0.14053930342197418, 0.36407679319381714
285, 18, 0.4296955168247223, 0.46416985988616943, -0.04976402223110199, 0.3070838749408722
285, 19, 0.4089241921901703, 0.48387283086776733, -0.15046875178813934, 0.37242960929870605
285, 20, 0.43080243468284607, 0.4645148515701294, -0.05015455558896065, 0.29339200258255005
285, 21, 0.4089178442955017, 0.47855404019355774, -0.13460534811019897, 0.32038187980651855
285, 22, 0.43084073066711426, 0.46222352981567383, -0.04258055239915848, 0.30121952295303345
285, 23, 0.4559791684150696, 0.38756731152534485, -0.0023349272087216377, 0.9999618530273438
285, 24, 0.4534577429294586, 0.38416218757629395, 0.0026480441447347403, 0.9999592304229736
285, 25, 0.4714537262916565, 0.4478168189525604, 0.06302792578935623, 0.7567792534828186
285, 26, 0.4693736135959625, 0.44300368428230286, 0.048599548637866974, 0.24687491357326508
285, 27, 0.4851531386375427, 0.48460108041763306, 0.1706746369600296, 0.6459044814109802
285, 28, 0.4985734522342682, 0.49001193046569824, 0.1303834468126297, 0.23060359060764313
285, 29, 0.4871887266635895, 0.48712486028671265, 0.18284618854522705, 0.48333367705345154
285, 30, 0.5028431415557861, 0.492157906293869, 0.13868409395217896, 0.16096137464046478
285, 31, 0.4907756745815277, 0.5108174085617065, 0.17027674615383148, 0.6651410460472107
285, 32, 0.5046696662902832, 0.5196230411529541, 0.12225760519504547, 0.30027493834495544
286, 0, 0.44930893182754517, 0.42627498507499695, -0.1778174638748169, 0.9891781806945801
286, 1, 0.4526194930076599, 0.4189070463180542, -0.18623074889183044, 0.9897734522819519
286, 2, 0.4548555016517639, 0.4185810089111328, -0.1862366646528244, 0.9895094633102417
286, 3, 0.4570806920528412, 0.41814565658569336, -0.1863042414188385, 0.9873257875442505
286, 4, 0.44630366563796997, 0.4186423420906067, -0.18582719564437866, 0.9919679760932922
286, 5, 0.4442819654941559, 0.4182109534740448, -0.18586553633213043, 0.9930614829063416
286, 6, 0.4422459006309509, 0.4177132546901703, -0.18591850996017456, 0.9943568110466003
286, 7, 0.46257391571998596, 0.4122481942176819, -0.18486584722995758, 0.9766138195991516
286, 8, 0.43988698720932007, 0.4092245399951935, -0.1825486123561859, 0.9887363314628601
286, 9, 0.45374542474746704, 0.42564862966537476, -0.17255166172981262, 0.9750031232833862
286, 10, 0.4466579556465149, 0.4251168668270111, -0.17203044891357422, 0.9806481003761292
286, 11, 0.4813000559806824, 0.40752553939819336, -0.146800234913826, 0.9295200705528259
286, 12, 0.4241704046726227, 0.41099095344543457, -0.1486777514219284, 0.9762619733810425
286, 13, 0.501028299331665, 0.44163084030151367, -0.12150733172893524, 0.9912388920783997
286, 14, 0.39826539158821106, 0.44312146306037903, -0.1299322098493576, 0.684505045413971
286, 15, 0.5150015354156494, 0.49031195044517517, -0.11345092952251434, 0.9329143166542053
286, 16, 0.3813847601413727, 0.4922281503677368, -0.12825579941272736, 0.7757750153541565
286, 17, 0.5244365930557251, 0.4999595284461975, -0.12461408227682114, 0.8699945211410522
286, 18, 0.3735324442386627, 0.5038579106330872, -0.14187105000019073, 0.7590288519859314
286, 19, 0.5194823145866394, 0.5024661421775818, -0.12571556866168976, 0.8578886985778809
286, 20, 0.38012823462486267, 0.5019522905349731, -0.14222562313079834, 0.7516963481903076
286, 21, 0.5139568448066711, 0.4977108836174011, -0.11383625119924545, 0.658730149269104
286, 22, 0.3845250904560089, 0.4977984130382538, -0.1286102682352066, 0.6915557384490967
286, 23, 0.46599894762039185, 0.3926631212234497, -0.0015801578992977738, 0.9949272871017456
286, 24, 0.4393985867500305, 0.3907608985900879, 0.0014993016375228763, 0.9933876991271973
286, 25, 0.4613102376461029, 0.43934112787246704, 0.06927499920129776, 0.04897666350007057
286, 26, 0.43025103211402893, 0.43902385234832764, 0.06724237650632858, 0.08241664618253708
286, 27, 0.4528599679470062, 0.44807302951812744, 0.17770561575889587, 0.07029314339160919
286, 28, 0.4391445517539978, 0.4505232572555542, 0.1728256493806839, 0.0541413277387619
286, 29, 0.45023292303085327, 0.4441360831260681, 0.1903725415468216, 0.05426786094903946
286, 30, 0.44045549631118774, 0.44678032398223877, 0.18466030061244965, 0.07195298373699188
286, 31, 0.4547622799873352, 0.4746745228767395, 0.19216826558113098, 0.011609339155256748
286, 32, 0.4424787163734436, 0.4770876169204712, 0.18493102490901947, 0.017707040533423424
287, 0, 0.45101556181907654, 0.4294095039367676, -0.1891356259584427, 0.937610387802124
287, 1, 0.4560283124446869, 0.4237551689147949, -0.19753549993038177, 0.938658595085144
287, 2, 0.4584917426109314, 0.42418593168258667, -0.19754952192306519, 0.9431969523429871
287, 3, 0.4609563946723938, 0.42453035712242126, -0.19762012362480164, 0.9213691353797913
287, 4, 0.449105441570282, 0.42172545194625854, -0.1977257877588272, 0.951906144618988
287, 5, 0.446842759847641, 0.42082613706588745, -0.19777096807956696, 0.9573912024497986
287, 6, 0.4445706009864807, 0.41987907886505127, -0.19782857596874237, 0.9611498117446899
287, 7, 0.46707314252853394, 0.41907447576522827, -0.18967822194099426, 0.8742672204971313
287, 8, 0.4419024884700775, 0.4101158678531647, -0.18974186480045319, 0.9428826570510864
287, 9, 0.4549270570278168, 0.4289849102497101, -0.18078173696994781, 0.9022626280784607
287, 10, 0.44728192687034607, 0.4265540540218353, -0.180975541472435, 0.9235038161277771
287, 11, 0.48445597290992737, 0.41806620359420776, -0.14141768217086792, 0.9356974363327026
287, 12, 0.42116841673851013, 0.39977386593818665, -0.14723722636699677, 0.9717605113983154
287, 13, 0.5049354434013367, 0.45432549715042114, -0.10874287784099579, 0.9208226799964905
287, 14, 0.3908926844596863, 0.42603811621665955, -0.11773946136236191, 0.8042991161346436
287, 15, 0.510638952255249, 0.5032759308815002, -0.10464788973331451, 0.8966328501701355
287, 16, 0.38037121295928955, 0.49324578046798706, -0.11424745619297028, 0.9273743033409119
287, 17, 0.5179551243782043, 0.5139306783676147, -0.11706902086734772, 0.8656750917434692
287, 18, 0.3724769353866577, 0.5064085721969604, -0.1289013773202896, 0.9321572780609131
287, 19, 0.511667788028717, 0.5132376551628113, -0.11983581632375717, 0.8632815480232239
287, 20, 0.3804093301296234, 0.5067930221557617, -0.13053451478481293, 0.9336919784545898
287, 21, 0.5069436430931091, 0.5082691311836243, -0.1058192104101181, 0.7178558707237244
287, 22, 0.3848994970321655, 0.5026687383651733, -0.1150878518819809, 0.8949949741363525
287, 23, 0.46830788254737854, 0.38710451126098633, -0.0021105813793838024, 0.9908319115638733
287, 24, 0.44028815627098083, 0.3755899965763092, 0.002043620217591524, 0.9887020587921143
287, 25, 0.46382468938827515, 0.4439503848552704, 0.08438747376203537, 0.04868611320853233
287, 26, 0.43508368730545044, 0.4339877665042877, 0.08590579777956009, 0.06383122503757477
287, 27, 0.4569777548313141, 0.44622939825057983, 0.21987895667552948, 0.08564522117376328
287, 28, 0.4393058717250824, 0.44396263360977173, 0.21583549678325653, 0.051565710455179214
287, 29, 0.45417365431785583, 0.441925048828125, 0.23542234301567078, 0.06783037632703781
287, 30, 0.43907278776168823, 0.442047119140625, 0.23041990399360657, 0.05715344101190567
287, 31, 0.45778775215148926, 0.4683731496334076, 0.23664943873882294, 0.023746687918901443
287, 32, 0.44257307052612305, 0.4639652371406555, 0.22769489884376526, 0.020632490515708923
288, 0, 0.4507947564125061, 0.4284249544143677, -0.19228258728981018, 0.9870957136154175
288, 1, 0.45515650510787964, 0.42151859402656555, -0.19923953711986542, 0.9873534440994263
288, 2, 0.4577194154262543, 0.4217003583908081, -0.19923527538776398, 0.9870376586914062
288, 3, 0.4602805972099304, 0.42182081937789917, -0.19927978515625, 0.9836390018463135
288, 4, 0.44797974824905396, 0.419635146856308, -0.19955454766750336, 0.9907819628715515
288, 5, 0.44564366340637207, 0.4186862111091614, -0.19959057867527008, 0.9907078742980957
288, 6, 0.4433111250400543, 0.4177149534225464, -0.1996418684720993, 0.9917757511138916
288, 7, 0.4671328663825989, 0.414562851190567, -0.18512596189975739, 0.9702037572860718
288, 8, 0.4407862722873688, 0.40667954087257385, -0.18644441664218903, 0.9874962568283081
288, 9, 0.45579957962036133, 0.4275391101837158, -0.1820530891418457, 0.9798736572265625
288, 10, 0.447847455739975, 0.4255537986755371, -0.18254517018795013, 0.9864029288291931
288, 11, 0.4880724847316742, 0.4137466847896576, -0.13847285509109497, 0.9697279930114746
288, 12, 0.4239315986633301, 0.3940514922142029, -0.14125198125839233, 0.9875420928001404
288, 13, 0.5127959847450256, 0.4525509178638458, -0.11188845336437225, 0.9644570350646973
288, 14, 0.3948686718940735, 0.4261532127857208, -0.12280158698558807, 0.9060356616973877
288, 15, 0.5168390870094299, 0.505420446395874, -0.11518555879592896, 0.9618231654167175
288, 16, 0.3834715485572815, 0.4930352568626404, -0.1273440718650818, 0.9584165811538696
288, 17, 0.5234914422035217, 0.5181454420089722, -0.12974458932876587, 0.9447951912879944
288, 18, 0.3748118281364441, 0.5067325830459595, -0.14287298917770386, 0.9536367058753967
288, 19, 0.5163098573684692, 0.517471432685852, -0.131546288728714, 0.945652186870575
288, 20, 0.3829232156276703, 0.5072234272956848, -0.14473558962345123, 0.9566056728363037
288, 21, 0.5119553804397583, 0.5118147730827332, -0.11630554497241974, 0.8822203278541565
288, 22, 0.38763874769210815, 0.5027631521224976, -0.12866167724132538, 0.9290757179260254
288, 23, 0.47218307852745056, 0.3804383873939514, -0.00033348126453347504, 0.9848389625549316
288, 24, 0.44323810935020447, 0.36648330092430115, 0.00024593164562247694, 0.985872209072113
288, 25, 0.4664885997772217, 0.4419005215167999, 0.08247411996126175, 0.04125551879405975
288, 26, 0.43594321608543396, 0.4335273206233978, 0.07607483118772507, 0.08807084709405899
288, 27, 0.46329212188720703, 0.4447409212589264, 0.2140607088804245, 0.08338972926139832
288, 28, 0.44540825486183167, 0.4354282021522522, 0.20298580825328827, 0.05731876567006111
288, 29, 0.4615991711616516, 0.44165128469467163, 0.22891445457935333, 0.055455610156059265
288, 30, 0.4465259909629822, 0.43323779106140137, 0.2173875868320465, 0.05142803490161896
288, 31, 0.46205130219459534, 0.46398115158081055, 0.2288617640733719, 0.0478578582406044
288, 32, 0.4477890133857727, 0.45070821046829224, 0.2156749665737152, 0.03642747923731804
289, 0, 0.4481286108493805, 0.42471009492874146, -0.18507954478263855, 0.9786504507064819
289, 1, 0.45273345708847046, 0.4175735116004944, -0.19286085665225983, 0.9786898493766785
289, 2, 0.45524197816848755, 0.4179859459400177, -0.19286125898361206, 0.9792888760566711
289, 3, 0.45775070786476135, 0.41832494735717773, -0.19291351735591888, 0.9724488258361816
289, 4, 0.44566282629966736, 0.4152292013168335, -0.19319410622119904, 0.9833936095237732
289, 5, 0.44335857033729553, 0.4141883850097656, -0.19323281943798065, 0.984384298324585
289, 6, 0.44105783104896545, 0.413108229637146, -0.19328804314136505, 0.9856809377670288
289, 7, 0.4643699526786804, 0.412551611661911, -0.1815081685781479, 0.955272912979126
289, 8, 0.43864813446998596, 0.4030134975910187, -0.18248935043811798, 0.9777237772941589
289, 9, 0.45278865098953247, 0.4250161051750183, -0.17553719878196716, 0.9694327116012573
289, 10, 0.4449266791343689, 0.4225490987300873, -0.17597649991512299, 0.9777811169624329
289, 11, 0.4841836988925934, 0.41399967670440674, -0.13682928681373596, 0.9634657502174377
289, 12, 0.422370582818985, 0.39233753085136414, -0.13892635703086853, 0.9860077500343323
289, 13, 0.5088739991188049, 0.45000675320625305, -0.10540270805358887, 0.9675408005714417
289, 14, 0.39180877804756165, 0.425707072019577, -0.11603279411792755, 0.9172771573066711
289, 15, 0.5117679834365845, 0.5002766847610474, -0.10231368243694305, 0.9471601247787476
289, 16, 0.38191312551498413, 0.49126505851745605, -0.11652567237615585, 0.9599350094795227
289, 17, 0.5181532502174377, 0.5120024681091309, -0.11533932387828827, 0.9256603121757507
289, 18, 0.373658686876297, 0.504670262336731, -0.13025538623332977, 0.9552513957023621
289, 19, 0.5112849473953247, 0.5105258822441101, -0.11676981300115585, 0.9270802736282349
289, 20, 0.3815913200378418, 0.5053623914718628, -0.13203860819339752, 0.9571178555488586
289, 21, 0.50700443983078, 0.5054953694343567, -0.10301725566387177, 0.8424577713012695
289, 22, 0.3860965371131897, 0.5015801787376404, -0.1174950823187828, 0.9307093620300293
289, 23, 0.4696325361728668, 0.37817972898483276, 0.0003367368772160262, 0.9905377626419067
289, 24, 0.44242772459983826, 0.3633078336715698, -0.00041225383756682277, 0.9915067553520203
289, 25, 0.46151500940322876, 0.43233031034469604, 0.08792728185653687, 0.04300559312105179
289, 26, 0.4332219064235687, 0.4238687753677368, 0.08290179073810577, 0.08762817084789276
289, 27, 0.4579087197780609, 0.42940589785575867, 0.22518973052501678, 0.0877382755279541
289, 28, 0.4403623938560486, 0.4213712811470032, 0.21543340384960175, 0.06286491453647614
289, 29, 0.4564394950866699, 0.4257262051105499, 0.24092750251293182, 0.06685875356197357
289, 30, 0.4414359927177429, 0.4184972643852234, 0.23061242699623108, 0.06268241256475449
289, 31, 0.45594388246536255, 0.4458228349685669, 0.2446793019771576, 0.03059251233935356
289, 32, 0.44086629152297974, 0.43485260009765625, 0.23193040490150452, 0.0266736913472414
290, 0, 0.44959813356399536, 0.42600128054618835, -0.16711124777793884, 0.9539963006973267
290, 1, 0.454174280166626, 0.4198741018772125, -0.17437078058719635, 0.9533125758171082
290, 2, 0.45661917328834534, 0.42030030488967896, -0.17437000572681427, 0.9549365639686584
290, 3, 0.45906776189804077, 0.4206610918045044, -0.17441995441913605, 0.9431702494621277
290, 4, 0.4473911225795746, 0.4177147448062897, -0.17459402978420258, 0.9594777226448059
290, 5, 0.4451718330383301, 0.41675716638565063, -0.17462360858917236, 0.9611126780509949
290, 6, 0.4429435729980469, 0.4157732129096985, -0.17467370629310608, 0.9661715030670166
290, 7, 0.4652875065803528, 0.4147193133831024, -0.16580459475517273, 0.9024901390075684
290, 8, 0.4405286908149719, 0.40578553080558777, -0.16635705530643463, 0.9506095051765442
290, 9, 0.4539814889431, 0.4257906675338745, -0.1592732071876526, 0.9501323103904724
290, 10, 0.446424663066864, 0.4232074022293091, -0.1595700979232788, 0.9649370908737183
290, 11, 0.4828280806541443, 0.4156385064125061, -0.12186582386493683, 0.962391197681427
290, 12, 0.4232019782066345, 0.3946967124938965, -0.12740708887577057, 0.98206627368927
290, 13, 0.5013370513916016, 0.4547448456287384, -0.09512273222208023, 0.8769691586494446
290, 14, 0.3988567888736725, 0.43210282921791077, -0.10744748264551163, 0.7830548286437988
290, 15, 0.5019071102142334, 0.5024899840354919, -0.10006149113178253, 0.887499988079071
290, 16, 0.3867543637752533, 0.4909883737564087, -0.1118079274892807, 0.9262797236442566
290, 17, 0.5076537132263184, 0.5137871503829956, -0.11399625241756439, 0.8585644960403442
290, 18, 0.37806403636932373, 0.5031889081001282, -0.12769019603729248, 0.9275283217430115
290, 19, 0.5004027485847473, 0.5118849873542786, -0.11775331199169159, 0.8634151220321655
290, 20, 0.3859129548072815, 0.5037420392036438, -0.12952622771263123, 0.9337897896766663
290, 21, 0.4965711534023285, 0.5068434476852417, -0.10211759805679321, 0.7615534663200378
290, 22, 0.39052632451057434, 0.49988314509391785, -0.11312266439199448, 0.9019204378128052
290, 23, 0.469245970249176, 0.3831804096698761, -0.000793701212387532, 0.9916009902954102
290, 24, 0.44195643067359924, 0.36818012595176697, 0.0007429576362483203, 0.9902251362800598
290, 25, 0.4631236493587494, 0.4443836212158203, 0.07456730306148529, 0.05848366767168045
290, 26, 0.4325159192085266, 0.4352967441082001, 0.07143142074346542, 0.07516197860240936
290, 27, 0.4554094672203064, 0.4499261975288391, 0.20167693495750427, 0.07914718985557556
290, 28, 0.4384440779685974, 0.44585612416267395, 0.19661560654640198, 0.047762006521224976
290, 29, 0.4528512954711914, 0.44653433561325073, 0.2158319503068924, 0.05176887288689613
290, 30, 0.43920955061912537, 0.44424185156822205, 0.21023836731910706, 0.04271412640810013
290, 31, 0.4544334411621094, 0.4703088402748108, 0.21378521621227264, 0.05525674670934677
290, 32, 0.44025784730911255, 0.46483010053634644, 0.20590674877166748, 0.040532372891902924
291, 0, 0.4487389922142029, 0.42931434512138367, -0.1846940666437149, 0.9484288096427917
291, 1, 0.4527846872806549, 0.42307865619659424, -0.19143174588680267, 0.9519891738891602
291, 2, 0.45513707399368286, 0.4233075976371765, -0.19143320620059967, 0.9521550536155701
291, 3, 0.45749369263648987, 0.42347559332847595, -0.19148315489292145, 0.9375633597373962
291, 4, 0.4463020861148834, 0.4212729036808014, -0.19160602986812592, 0.962013304233551
291, 5, 0.44419044256210327, 0.4203760027885437, -0.19165010750293732, 0.9636927247047424
291, 6, 0.44207292795181274, 0.4194675385951996, -0.1917102038860321, 0.9677520990371704
291, 7, 0.4637952446937561, 0.4163154065608978, -0.17856170237064362, 0.8841284513473511
291, 8, 0.4399329125881195, 0.40883633494377136, -0.17896497249603271, 0.9498870372772217
291, 9, 0.45335879921913147, 0.4283880591392517, -0.17507854104042053, 0.9275479316711426
291, 10, 0.44614535570144653, 0.4262925982475281, -0.17527185380458832, 0.9499131441116333
291, 11, 0.48292630910873413, 0.41453251242637634, -0.13054490089416504, 0.9237392544746399
291, 12, 0.42351359128952026, 0.39641544222831726, -0.1367497444152832, 0.9704850912094116
291, 13, 0.5049182176589966, 0.4540092349052429, -0.10667552798986435, 0.8897838592529297
291, 14, 0.39793217182159424, 0.4340737760066986, -0.11844734847545624, 0.7802104949951172
291, 15, 0.5093544125556946, 0.5057907104492188, -0.11688251793384552, 0.9037399291992188
291, 16, 0.38758161664009094, 0.4961017072200775, -0.1269271969795227, 0.919213593006134
291, 17, 0.516319990158081, 0.5175159573554993, -0.1328599452972412, 0.8726207613945007
291, 18, 0.3787655830383301, 0.5087100863456726, -0.14445962011814117, 0.9228907227516174
291, 19, 0.5088558197021484, 0.5169941782951355, -0.13665218651294708, 0.8751505613327026
291, 20, 0.3865165114402771, 0.508963942527771, -0.14665082097053528, 0.9297886490821838
291, 21, 0.5045194625854492, 0.5118362903594971, -0.11916537582874298, 0.772671103477478
291, 22, 0.3912326693534851, 0.5048808455467224, -0.1285260170698166, 0.8924625515937805
291, 23, 0.4692530632019043, 0.3783795237541199, 0.0003156644233968109, 0.9886952042579651
291, 24, 0.4425373077392578, 0.36432701349258423, -0.0003939562011510134, 0.9873425960540771
291, 25, 0.4609963297843933, 0.4367247223854065, 0.07806132733821869, 0.03398827463388443
291, 26, 0.43130993843078613, 0.429291307926178, 0.0706632137298584, 0.06243797019124031
291, 27, 0.4538344442844391, 0.4377244710922241, 0.21189622581005096, 0.049929507076740265
291, 28, 0.43722257018089294, 0.4356403052806854, 0.20427927374839783, 0.02721686288714409
291, 29, 0.4517670273780823, 0.43406951427459717, 0.22677454352378845, 0.03362993896007538
291, 30, 0.4378820061683655, 0.4333553612232208, 0.2190408706665039, 0.026132691651582718
291, 31, 0.4523683488368988, 0.45697420835494995, 0.22493276000022888, 0.04178400710225105
291, 32, 0.43799924850463867, 0.4531656801700592, 0.21623751521110535, 0.02519434131681919
292, 0, 0.4520723223686218, 0.4459201693534851, -0.1983185112476349, 0.9872093200683594
292, 1, 0.4564397931098938, 0.4378017783164978, -0.2040749490261078, 0.9893264770507812
292, 2, 0.4589824080467224, 0.43808653950691223, -0.2040741890668869, 0.9887599945068359
292, 3, 0.4653070569038391, 0.4438651204109192, -0.20411410927772522, 0.9882559180259705
292, 4, 0.4493829607963562, 0.43515002727508545, -0.20444674789905548, 0.9912240505218506
292, 5, 0.44712790846824646, 0.4338373839855194, -0.20448799431324005, 0.9906527996063232
292, 6, 0.444878488779068, 0.4325321316719055, -0.20453736186027527, 0.9916682243347168
292, 7, 0.4684774875640869, 0.42799365520477295, -0.18427978456020355, 0.9663199186325073
292, 8, 0.4424469470977783, 0.41833704710006714, -0.18597696721553802, 0.9857996702194214
292, 9, 0.45711177587509155, 0.444549024105072, -0.18598243594169617, 0.9854403138160706
292, 10, 0.449451744556427, 0.4416590929031372, -0.18653108179569244, 0.9874216318130493
292, 11, 0.489213764667511, 0.4247279763221741, -0.13164369761943817, 0.956292450428009
292, 12, 0.4257347583770752, 0.397945374250412, -0.13472381234169006, 0.9773943424224854
292, 13, 0.5068838000297546, 0.46679332852363586, -0.10987923294305801, 0.8814461827278137
292, 14, 0.3947540521621704, 0.430833637714386, -0.11487672477960587, 0.8597593903541565
292, 15, 0.5103026032447815, 0.5289309024810791, -0.13444191217422485, 0.9453412890434265
292, 16, 0.3858627378940582, 0.5014380812644958, -0.13620245456695557, 0.9363574385643005
292, 17, 0.5176354050636292, 0.5443028211593628, -0.15399658679962158, 0.9180415272712708
292, 18, 0.37536191940307617, 0.5138938426971436, -0.1582452952861786, 0.9222570061683655
292, 19, 0.5076907277107239, 0.5430428981781006, -0.16012603044509888, 0.9211612939834595
292, 20, 0.38454586267471313, 0.516425371170044, -0.1615603119134903, 0.9284459948539734
292, 21, 0.5032368302345276, 0.5367755889892578, -0.13818533718585968, 0.860106348991394
292, 22, 0.3900526463985443, 0.5127221345901489, -0.13899114727973938, 0.895350992679596
292, 23, 0.4779078960418701, 0.37737786769866943, -0.001845882972702384, 0.9719989895820618
292, 24, 0.447502076625824, 0.36045217514038086, 0.001745393150486052, 0.9701691269874573
292, 25, 0.47397762537002563, 0.45307621359825134, 0.07281103730201721, 0.054945386946201324
292, 26, 0.4352951943874359, 0.44170060753822327, 0.07008911669254303, 0.07359509915113449
292, 27, 0.47141677141189575, 0.45568668842315674, 0.22173497080802917, 0.07796461135149002
292, 28, 0.4439004063606262, 0.4403984546661377, 0.21554431319236755, 0.03721292316913605
292, 29, 0.4706701338291168, 0.45209282636642456, 0.2375999242067337, 0.04858090728521347
292, 30, 0.4455270767211914, 0.4373990297317505, 0.23123863339424133, 0.02836770750582218
292, 31, 0.46932345628738403, 0.47636550664901733, 0.22547170519828796, 0.10242708772420883
292, 32, 0.4446927011013031, 0.4567515552043915, 0.21960458159446716, 0.04826633632183075
293, 0, 0.4495786726474762, 0.44728851318359375, -0.1990182101726532, 0.9907051920890808
293, 1, 0.4539765417575836, 0.43906161189079285, -0.20354680716991425, 0.9921901822090149
293, 2, 0.4564918577671051, 0.4392491281032562, -0.20353777706623077, 0.9912535548210144
293, 3, 0.4590088725090027, 0.43938949704170227, -0.20357032120227814, 0.9909104704856873
293, 4, 0.4470595717430115, 0.43666139245033264, -0.20393557846546173, 0.9936307072639465
293, 5, 0.44488388299942017, 0.43545323610305786, -0.20398351550102234, 0.9931720495223999
293, 6, 0.44271284341812134, 0.4342571794986725, -0.20403806865215302, 0.9943274855613708
293, 7, 0.4663345217704773, 0.42812013626098633, -0.18108680844306946, 0.9710039496421814
293, 8, 0.4406740069389343, 0.41954460740089417, -0.18297801911830902, 0.9883579611778259
293, 9, 0.4546796679496765, 0.445162832736969, -0.18609344959259033, 0.9855475425720215
293, 10, 0.44735202193260193, 0.44277217984199524, -0.18673241138458252, 0.9895377159118652
293, 11, 0.4882567524909973, 0.421072781085968, -0.13188272714614868, 0.957569420337677
293, 12, 0.4246824383735657, 0.39644211530685425, -0.1344246119260788, 0.9876450896263123
293, 13, 0.5073845386505127, 0.4586930274963379, -0.1094643622636795, 0.8282958269119263
293, 14, 0.3956293761730194, 0.4261515736579895, -0.11862476170063019, 0.9040141105651855
293, 15, 0.5074849128723145, 0.5146547555923462, -0.13475604355335236, 0.9367417693138123
293, 16, 0.3868531286716461, 0.49887537956237793, -0.14125199615955353, 0.9704012274742126
293, 17, 0.5143688321113586, 0.5279719829559326, -0.1544063836336136, 0.9207288026809692
293, 18, 0.37686270475387573, 0.5100014209747314, -0.1628722995519638, 0.9638304710388184
293, 19, 0.5042916536331177, 0.5259469747543335, -0.16129754483699799, 0.925689160823822
293, 20, 0.3855207860469818, 0.5126206874847412, -0.16673032939434052, 0.966925323009491
293, 21, 0.49992284178733826, 0.5203619599342346, -0.1387549191713333, 0.8695576786994934
293, 22, 0.3909528851509094, 0.5091618895530701, -0.14416873455047607, 0.9458411931991577
293, 23, 0.4769604802131653, 0.3648242652416229, -0.001838006661273539, 0.9560494422912598
293, 24, 0.4482196867465973, 0.3493524491786957, 0.0016983076930046082, 0.9666513204574585
293, 25, 0.4675501883029938, 0.4334637224674225, 0.07532697170972824, 0.034368809312582016
293, 26, 0.43352532386779785, 0.42051976919174194, 0.07624705135822296, 0.05183091014623642
293, 27, 0.46359580755233765, 0.42855802178382874, 0.22545894980430603, 0.04168471321463585
293, 28, 0.43908268213272095, 0.4186093211174011, 0.22178956866264343, 0.02966477908194065
293, 29, 0.4627252519130707, 0.42409834265708923, 0.2414083182811737, 0.028510117903351784
293, 30, 0.4403359293937683, 0.41604581475257874, 0.2378145158290863, 0.02262195572257042
293, 31, 0.460650771856308, 0.4460466504096985, 0.23482222855091095, 0.04797353968024254
293, 32, 0.4390830397605896, 0.4329989552497864, 0.2317449152469635, 0.029400473460555077
294, 0, 0.45616331696510315, 0.453637957572937, -0.1808026283979416, 0.9961557984352112
294, 1, 0.46096891164779663, 0.44922012090682983, -0.1889648586511612, 0.9968403577804565
294, 2, 0.4665212035179138, 0.4471200704574585, -0.18896807730197906, 0.9969704151153564
294, 3, 0.4683319628238678, 0.44721534848213196, -0.18901214003562927, 0.9970530271530151
294, 4, 0.4537087082862854, 0.4456740915775299, -0.18948595225811005, 0.997165858745575
294, 5, 0.4514978528022766, 0.4438941478729248, -0.18952825665473938, 0.9969404935836792
294, 6, 0.44928279519081116, 0.4421108365058899, -0.18956418335437775, 0.9972435235977173
294, 7, 0.47457247972488403, 0.43752649426460266, -0.18104875087738037, 0.9934318661689758
294, 8, 0.44761815667152405, 0.4241883158683777, -0.18317130208015442, 0.9955487251281738
294, 9, 0.46172457933425903, 0.4487746059894562, -0.17281894385814667, 0.9963294863700867
294, 10, 0.4540926516056061, 0.4448615312576294, -0.17346233129501343, 0.9965305924415588
294, 11, 0.4983690679073334, 0.4229991137981415, -0.1354847103357315, 0.9858285188674927
294, 12, 0.4318106174468994, 0.3891080617904663, -0.1371821165084839, 0.9898465275764465
294, 13, 0.5225562453269958, 0.483284592628479, -0.10974631458520889, 0.9014900922775269
294, 14, 0.3985711932182312, 0.4224344789981842, -0.11276481300592422, 0.8847101926803589
294, 15, 0.520546019077301, 0.5357124209403992, -0.12705224752426147, 0.9601435661315918
294, 16, 0.38551291823387146, 0.49272409081459045, -0.1277846246957779, 0.9581444263458252
294, 17, 0.5269841551780701, 0.5527358055114746, -0.14688238501548767, 0.9470390677452087
294, 18, 0.37351763248443604, 0.5050773024559021, -0.14938563108444214, 0.9534416794776917
294, 19, 0.5166306495666504, 0.5518023371696472, -0.15362663567066193, 0.9514988660812378
294, 20, 0.3828261196613312, 0.5115463733673096, -0.15498065948486328, 0.9589895606040955
294, 21, 0.5126615166664124, 0.5436139702796936, -0.13087549805641174, 0.9144019484519958
294, 22, 0.38884493708610535, 0.5071020722389221, -0.1313747763633728, 0.9399918913841248
294, 23, 0.4861374795436859, 0.3671936094760895, -0.0005194528494030237, 0.9759130477905273
294, 24, 0.4545312523841858, 0.34946876764297485, 0.0004637036472558975, 0.974130392074585
294, 25, 0.4835180640220642, 0.455350399017334, 0.06462717056274414, 0.07430947571992874
294, 26, 0.44133275747299194, 0.4509431719779968, 0.06087418645620346, 0.11402636766433716
294, 27, 0.48150449991226196, 0.4720745384693146, 0.20076540112495422, 0.14420990645885468
294, 28, 0.4546676278114319, 0.4605064392089844, 0.19787369668483734, 0.06276638805866241
294, 29, 0.4808270335197449, 0.47018224000930786, 0.21500256657600403, 0.08132978528738022
294, 30, 0.45731574296951294, 0.4575348198413849, 0.21243062615394592, 0.04982853680849075
294, 31, 0.478893518447876, 0.4967290759086609, 0.20013681054115295, 0.19588615000247955
294, 32, 0.45666608214378357, 0.48208093643188477, 0.20135608315467834, 0.1006837710738182
295, 0, 0.44381842017173767, 0.45586031675338745, -0.183360293507576, 0.9958412051200867
295, 1, 0.44932907819747925, 0.4475674629211426, -0.18953347206115723, 0.9960581064224243
295, 2, 0.4523361325263977, 0.44804292917251587, -0.1895393431186676, 0.9964381456375122
295, 3, 0.45973291993141174, 0.44964903593063354, -0.189576655626297, 0.9961280822753906
295, 4, 0.44157952070236206, 0.44370728731155396, -0.19029901921749115, 0.9962074756622314
295, 5, 0.43931740522384644, 0.44174161553382874, -0.19035008549690247, 0.9966410398483276
295, 6, 0.43403300642967224, 0.4422495663166046, -0.19039934873580933, 0.9970652461051941
295, 7, 0.4658905863761902, 0.43520843982696533, -0.174622043967247, 0.9907169938087463
295, 8, 0.43729305267333984, 0.42101529240608215, -0.1782657653093338, 0.995130181312561
295, 9, 0.4508933126926422, 0.45313340425491333, -0.17341548204421997, 0.9946570992469788
295, 10, 0.4427725672721863, 0.4491669833660126, -0.17447078227996826, 0.9957063794136047
295, 11, 0.4923892915248871, 0.4247294068336487, -0.13125386834144592, 0.9782479405403137
295, 12, 0.4274657368659973, 0.38626131415367126, -0.13468438386917114, 0.9887804985046387
295, 13, 0.509909987449646, 0.47524353861808777, -0.11181360483169556, 0.9007038474082947
295, 14, 0.3993242383003235, 0.42288780212402344, -0.12069857120513916, 0.8652828931808472
295, 15, 0.5079222321510315, 0.5418354868888855, -0.14806711673736572, 0.9630445241928101
295, 16, 0.3854955732822418, 0.4887036085128784, -0.14498838782310486, 0.9589444398880005
295, 17, 0.513908326625824, 0.5607732534408569, -0.16961275041103363, 0.9584434032440186
295, 18, 0.3729223608970642, 0.49908801913261414, -0.16675129532814026, 0.9574015736579895
295, 19, 0.5026544332504272, 0.5564078688621521, -0.17558503150939941, 0.9616232514381409
295, 20, 0.3831111788749695, 0.508671760559082, -0.1716662049293518, 0.9620202779769897
295, 21, 0.49902719259262085, 0.548180341720581, -0.15207287669181824, 0.9285145401954651
295, 22, 0.389157235622406, 0.5032944679260254, -0.14844834804534912, 0.9388744235038757
295, 23, 0.482410728931427, 0.35826462507247925, -0.00012812542263418436, 0.9613285660743713
295, 24, 0.45282459259033203, 0.3397615849971771, 4.5061071432428434e-05, 0.9647019505500793
295, 25, 0.47110623121261597, 0.4330466687679291, 0.06914965808391571, 0.03547513112425804
295, 26, 0.434154748916626, 0.42179808020591736, 0.06629504263401031, 0.07709484547376633
295, 27, 0.4657685160636902, 0.42754065990448, 0.20811466872692108, 0.05210099741816521
295, 28, 0.44219937920570374, 0.41770443320274353, 0.2031206637620926, 0.045665569603443146
295, 29, 0.46432000398635864, 0.4221367835998535, 0.22286072373390198, 0.03407330438494682
295, 30, 0.44404610991477966, 0.41468819975852966, 0.21844670176506042, 0.03768796846270561
295, 31, 0.46135812997817993, 0.44801127910614014, 0.21699467301368713, 0.051508594304323196
295, 32, 0.4415774345397949, 0.4324427843093872, 0.2147848904132843, 0.03986654430627823
296, 0, 0.44466644525527954, 0.46514347195625305, -0.1785447746515274, 0.9982604384422302
296, 1, 0.450657457113266, 0.4569721519947052, -0.18505118787288666, 0.9982882142066956
296, 2, 0.453801691532135, 0.45769965648651123, -0.1850540041923523, 0.9984824061393738
296, 3, 0.4618733823299408, 0.45624402165412903, -0.18507982790470123, 0.9984122514724731
296, 4, 0.44258445501327515, 0.4522014558315277, -0.18596835434436798, 0.9982921481132507
296, 5, 0.43770676851272583, 0.45079338550567627, -0.1860136091709137, 0.9984357953071594
296, 6, 0.4364774823188782, 0.4462429881095886, -0.18605239689350128, 0.9986201524734497
296, 7, 0.46771687269210815, 0.44385579228401184, -0.1696464568376541, 0.9958528280258179
296, 8, 0.433708131313324, 0.42768943309783936, -0.17379185557365417, 0.9975106716156006
296, 9, 0.4517518877983093, 0.4617179036140442, -0.16821178793907166, 0.9977962970733643
296, 10, 0.4432883858680725, 0.45660102367401123, -0.16942140460014343, 0.9980708956718445
296, 11, 0.49545803666114807, 0.4285449683666229, -0.12701530754566193, 0.9879476428031921
296, 12, 0.42640072107315063, 0.3843264579772949, -0.1287963092327118, 0.9922478199005127
296, 13, 0.5147616863250732, 0.48281797766685486, -0.10757817327976227, 0.9424352049827576
296, 14, 0.39901965856552124, 0.4168362021446228, -0.11271164566278458, 0.9094894528388977
296, 15, 0.5136610269546509, 0.554332435131073, -0.1474699229001999, 0.9828882217407227
296, 16, 0.38366490602493286, 0.48748689889907837, -0.1409066617488861, 0.973482072353363
296, 17, 0.5199331641197205, 0.575113832950592, -0.17001307010650635, 0.9782317280769348
296, 18, 0.3778262138366699, 0.5052940845489502, -0.16346466541290283, 0.9697942733764648
296, 19, 0.5078405141830444, 0.5701205134391785, -0.1766669899225235, 0.9794076681137085
296, 20, 0.38412779569625854, 0.510330855846405, -0.16902799904346466, 0.9724791646003723
296, 21, 0.5041190385818481, 0.561163067817688, -0.1517796516418457, 0.9594084620475769
296, 22, 0.3881557285785675, 0.5061696767807007, -0.14462611079216003, 0.9566740393638611
296, 23, 0.48702049255371094, 0.3534141778945923, -0.0017358381301164627, 0.9735044240951538
296, 24, 0.4544530510902405, 0.33205246925354004, 0.001641042879782617, 0.970057487487793
296, 25, 0.47870883345603943, 0.42827215790748596, 0.07433094829320908, 0.05429022014141083
296, 26, 0.43815502524375916, 0.41441839933395386, 0.07436469942331314, 0.07019613683223724
296, 27, 0.474382221698761, 0.42493879795074463, 0.22022899985313416, 0.0910157561302185
296, 28, 0.44596290588378906, 0.41170403361320496, 0.2204509973526001, 0.04687781259417534
296, 29, 0.47348546981811523, 0.41948550939559937, 0.2352835237979889, 0.055306777358055115
296, 30, 0.4476286470890045, 0.40798115730285645, 0.23638777434825897, 0.04166824743151665
296, 31, 0.4696741998195648, 0.4480797350406647, 0.22549371421337128, 0.07761258631944656
296, 32, 0.44603100419044495, 0.4292023181915283, 0.22937652468681335, 0.04416796192526817
297, 0, 0.44210824370384216, 0.4658513367176056, -0.09295137971639633, 0.9996654987335205
297, 1, 0.4485275149345398, 0.461060106754303, -0.10390975326299667, 0.9996745586395264
297, 2, 0.4518270492553711, 0.4623294770717621, -0.10393990576267242, 0.9997664093971252
297, 3, 0.4607389569282532, 0.4631452262401581, -0.10396073758602142, 0.999776303768158
297, 4, 0.4394720196723938, 0.45503634214401245, -0.10557589679956436, 0.9996633529663086
297, 5, 0.43575769662857056, 0.4521048963069916, -0.1056138426065445, 0.9997416138648987
297, 6, 0.4335375428199768, 0.4507683515548706, -0.10563371330499649, 0.9997077584266663
297, 7, 0.46865949034690857, 0.44714492559432983, -0.11854232847690582, 0.9993005990982056
297, 8, 0.4316708445549011, 0.43020251393318176, -0.12598340213298798, 0.9995394945144653
297, 9, 0.45001286268234253, 0.46291202306747437, -0.09403074532747269, 0.9997205138206482
297, 10, 0.44064074754714966, 0.4553564190864563, -0.09598878771066666, 0.9996349811553955
297, 11, 0.4935521185398102, 0.4393005669116974, -0.09004215151071548, 0.9957122802734375
297, 12, 0.43153291940689087, 0.38307684659957886, -0.10022924095392227, 0.9936172962188721
297, 13, 0.5016165971755981, 0.5095036029815674, -0.07202386856079102, 0.9222217202186584
297, 14, 0.40180039405822754, 0.4208400845527649, -0.08880668133497238, 0.9151474237442017
297, 15, 0.49949508905410767, 0.5854976177215576, -0.1137259230017662, 0.9742714762687683
297, 16, 0.3879995346069336, 0.5010964870452881, -0.11581194400787354, 0.9784910678863525
297, 17, 0.5029783844947815, 0.6091228723526001, -0.13681480288505554, 0.9717096090316772
297, 18, 0.37370285391807556, 0.5158988833427429, -0.13982149958610535, 0.9743449091911316
297, 19, 0.4926151633262634, 0.6035048961639404, -0.14344556629657745, 0.9715397953987122
297, 20, 0.38675469160079956, 0.5207895040512085, -0.14890721440315247, 0.9759505391120911
297, 21, 0.4908559322357178, 0.5934633016586304, -0.11859283596277237, 0.9573173522949219
297, 22, 0.390926718711853, 0.5228610038757324, -0.12123288214206696, 0.9713265299797058
297, 23, 0.4955308437347412, 0.35541215538978577, 0.0004304462927393615, 0.993312418460846
297, 24, 0.460095077753067, 0.33370283246040344, -0.0002609218645375222, 0.9926757216453552
297, 25, 0.5002586245536804, 0.4756677448749542, 0.01852232776582241, 0.1561824083328247
297, 26, 0.43725109100341797, 0.45251527428627014, 0.011877758428454399, 0.194939523935318
297, 27, 0.491335928440094, 0.523816704750061, 0.11619876325130463, 0.1718260645866394
297, 28, 0.453421026468277, 0.5080247521400452, 0.11438590288162231, 0.154222309589386
297, 29, 0.49051037430763245, 0.5267584323883057, 0.12518621981143951, 0.09893300384283066
297, 30, 0.45783719420433044, 0.5136878490447998, 0.12459148466587067, 0.13760480284690857
297, 31, 0.48652124404907227, 0.5617492198944092, 0.09389901906251907, 0.38367322087287903
297, 32, 0.45066308975219727, 0.5420923233032227, 0.09614157676696777, 0.34738731384277344
298, 0, 0.4396499991416931, 0.46125328540802, -0.1545717865228653, 0.9950965046882629
298, 1, 0.4462587833404541, 0.45331430435180664, -0.16238442063331604, 0.99591463804245
298, 2, 0.4495794177055359, 0.4541952908039093, -0.1623930186033249, 0.9963127970695496
298, 3, 0.45675474405288696, 0.455952912569046, -0.1624193638563156, 0.9957257509231567
298, 4, 0.4379044473171234, 0.4482288360595703, -0.16387492418289185, 0.9958569407463074
298, 5, 0.4350370466709137, 0.4498744606971741, -0.16391444206237793, 0.996396005153656
298, 6, 0.4322229325771332, 0.44345441460609436, -0.16396066546440125, 0.9968839287757874
298, 7, 0.464829683303833, 0.44263938069343567, -0.15246495604515076, 0.9918518662452698
298, 8, 0.43403586745262146, 0.4238354563713074, -0.158874049782753, 0.9957895874977112
298, 9, 0.44740599393844604, 0.45949894189834595, -0.14600326120853424, 0.9960654377937317
298, 10, 0.43852099776268005, 0.45394599437713623, -0.1478203535079956, 0.9969334602355957
298, 11, 0.4928186535835266, 0.43161118030548096, -0.1125396266579628, 0.989095151424408
298, 12, 0.4245663583278656, 0.3881157636642456, -0.12047891318798065, 0.9942653775215149
298, 13, 0.5117578506469727, 0.4820651710033417, -0.08785603195428848, 0.947539746761322
298, 14, 0.3959164023399353, 0.41855210065841675, -0.09856684505939484, 0.9103753566741943
298, 15, 0.5047984719276428, 0.5398105382919312, -0.12304744869470596, 0.9546593427658081
298, 16, 0.38477635383605957, 0.4901711642742157, -0.11670718342065811, 0.9663965106010437
298, 17, 0.509694516658783, 0.5558584332466125, -0.143394336104393, 0.9437767863273621
298, 18, 0.37401461601257324, 0.4999392330646515, -0.136317640542984, 0.9608616828918457
298, 19, 0.49816232919692993, 0.5506616830825806, -0.15028688311576843, 0.9488334655761719
298, 20, 0.3844907879829407, 0.5095987319946289, -0.14214877784252167, 0.9657109975814819
298, 21, 0.49509724974632263, 0.5434365272521973, -0.12729893624782562, 0.9100790619850159
298, 22, 0.3897753953933716, 0.5040025115013123, -0.11992879956960678, 0.9499915838241577
298, 23, 0.4854598939418793, 0.36459875106811523, -0.00021939647558610886, 0.97323077917099
298, 24, 0.45403581857681274, 0.34236210584640503, 0.00017917025252245367, 0.9741824269294739
298, 25, 0.47467508912086487, 0.43865618109703064, 0.06483664363622665, 0.05384792014956474
298, 26, 0.4337891936302185, 0.42468613386154175, 0.05786069482564926, 0.09007886797189713
298, 27, 0.4690503478050232, 0.4368913769721985, 0.19764858484268188, 0.10035961866378784
298, 28, 0.44280141592025757, 0.4230116903781891, 0.1967792510986328, 0.05352649465203285
298, 29, 0.46787315607070923, 0.43192058801651, 0.2119106948375702, 0.05793148651719093
298, 30, 0.445161908864975, 0.4198320508003235, 0.21232561767101288, 0.045654330402612686
298, 31, 0.4638679623603821, 0.45771896839141846, 0.20785319805145264, 0.07651334255933762
298, 32, 0.44185200333595276, 0.43894699215888977, 0.2111247032880783, 0.04349514842033386
299, 0, 0.44258350133895874, 0.4496056139469147, -0.20354577898979187, 0.8718182444572449
299, 1, 0.4466420114040375, 0.44279181957244873, -0.20926186442375183, 0.8543822765350342
299, 2, 0.4492138922214508, 0.4432436525821686, -0.2092733085155487, 0.8482167720794678
299, 3, 0.4517882466316223, 0.44364193081855774, -0.20931021869182587, 0.8208869695663452
299, 4, 0.43948936462402344, 0.43935611844062805, -0.20925423502922058, 0.888697624206543
299, 5, 0.4372144639492035, 0.43770426511764526, -0.20932085812091827, 0.8994682431221008
299, 6, 0.4349518418312073, 0.43605464696884155, -0.20941407978534698, 0.9187437295913696
299, 7, 0.4599646031856537, 0.43312254548072815, -0.19171291589736938, 0.599479079246521
299, 8, 0.43374913930892944, 0.4201909899711609, -0.19135503470897675, 0.8251571655273438
299, 9, 0.4486772418022156, 0.4474882483482361, -0.1924300491809845, 0.7737599015235901
299, 10, 0.4411039352416992, 0.44395509362220764, -0.19234530627727509, 0.8209975957870483
299, 11, 0.484321653842926, 0.4253298342227936, -0.14724376797676086, 0.7819665670394897
299, 12, 0.42275944352149963, 0.3950909972190857, -0.15209466218948364, 0.9483839869499207
299, 13, 0.5084670186042786, 0.46680015325546265, -0.13458351790905, 0.8278345465660095
299, 14, 0.3921671211719513, 0.41969984769821167, -0.14527203142642975, 0.8192036151885986
299, 15, 0.5174261927604675, 0.5216569304466248, -0.16531501710414886, 0.8465454578399658
299, 16, 0.383271187543869, 0.49607741832733154, -0.16733002662658691, 0.9412879943847656
299, 17, 0.5254629254341125, 0.5351663827896118, -0.18763698637485504, 0.8258694410324097
299, 18, 0.37117037177085876, 0.5034006237983704, -0.19039200246334076, 0.9386652112007141
299, 19, 0.5172458291053772, 0.5331350564956665, -0.19077998399734497, 0.830612301826477
299, 20, 0.38046252727508545, 0.5055286884307861, -0.19512663781642914, 0.9414051175117493
299, 21, 0.5126244425773621, 0.5271097421646118, -0.16834428906440735, 0.704440712928772
299, 22, 0.3858129680156708, 0.5013859272003174, -0.1707914173603058, 0.9024375081062317
299, 23, 0.47664135694503784, 0.36906054615974426, -0.0018069075886160135, 0.9082493185997009
299, 24, 0.45109787583351135, 0.3530559837818146, 0.0016366777708753943, 0.9202930331230164
299, 25, 0.46402686834335327, 0.43335264921188354, 0.09411995857954025, 0.015047568827867508
299, 26, 0.43590283393859863, 0.420836865901947, 0.08850421756505966, 0.03391062095761299
299, 27, 0.4678361415863037, 0.42780452966690063, 0.2511729598045349, 0.034584712237119675
299, 28, 0.44710835814476013, 0.4158034324645996, 0.24452805519104004, 0.01973496936261654
299, 29, 0.46828827261924744, 0.423566997051239, 0.2683173418045044, 0.02776314504444599
299, 30, 0.4487079679965973, 0.41289299726486206, 0.26197105646133423, 0.01795479655265808
299, 31, 0.4651736617088318, 0.443605899810791, 0.26623043417930603, 0.023123055696487427
299, 32, 0.4478830397129059, 0.4248005449771881, 0.25929537415504456, 0.013066115789115429
300, 0, 0.4418736398220062, 0.4479203224182129, -0.20422367751598358, 0.8784509897232056
300, 1, 0.44677409529685974, 0.44107115268707275, -0.20991186797618866, 0.8768846392631531
300, 2, 0.44955307245254517, 0.4417901635169983, -0.20992645621299744, 0.8777119517326355
300, 3, 0.45233115553855896, 0.44244304299354553, -0.20996060967445374, 0.8342992663383484
300, 4, 0.4389905035495758, 0.43660929799079895, -0.20994623005390167, 0.901764452457428
300, 5, 0.4365570545196533, 0.43461817502975464, -0.21001717448234558, 0.9205782413482666
300, 6, 0.43414172530174255, 0.432605117559433, -0.21011504530906677, 0.9303330779075623
300, 7, 0.4610969126224518, 0.43292203545570374, -0.19234956800937653, 0.7266324758529663
300, 8, 0.4328228831291199, 0.4161113202571869, -0.19186599552631378, 0.888444185256958
300, 9, 0.4481426179409027, 0.44656461477279663, -0.1932532638311386, 0.8322998881340027
300, 10, 0.43994849920272827, 0.44194599986076355, -0.19316942989826202, 0.8790191411972046
300, 11, 0.4860750138759613, 0.42246147990226746, -0.14684893190860748, 0.8585414886474609
300, 12, 0.42121583223342896, 0.39175617694854736, -0.15214280784130096, 0.9709861874580383
300, 13, 0.5151718258857727, 0.4556393623352051, -0.12271777540445328, 0.9042974710464478
300, 14, 0.3913799226284027, 0.41607749462127686, -0.136582612991333, 0.8987957239151001
300, 15, 0.524788498878479, 0.5022007822990417, -0.13288259506225586, 0.8637804388999939
300, 16, 0.37964439392089844, 0.48294931650161743, -0.1461082398891449, 0.9653922319412231
300, 17, 0.5337094068527222, 0.5128321647644043, -0.1497931331396103, 0.8370313048362732
300, 18, 0.37127870321273804, 0.4955202341079712, -0.16481170058250427, 0.9616284370422363
300, 19, 0.5260247588157654, 0.5109797716140747, -0.15322400629520416, 0.8363103866577148
300, 20, 0.379983127117157, 0.4967188835144043, -0.16773933172225952, 0.9610363841056824
300, 21, 0.5209380388259888, 0.5059517621994019, -0.13497619330883026, 0.6983003616333008
300, 22, 0.38479748368263245, 0.4930068254470825, -0.14799809455871582, 0.9326016306877136
300, 23, 0.47930842638015747, 0.3700741231441498, -0.0020430968143045902, 0.9633718132972717
300, 24, 0.4527038633823395, 0.353931188583374, 0.0018973618280142546, 0.9691298604011536
300, 25, 0.4696572422981262, 0.42907053232192993, 0.0968606024980545, 0.02275724709033966
300, 26, 0.43887847661972046, 0.42016148567199707, 0.08955704420804977, 0.06252040714025497
300, 27, 0.4752926230430603, 0.42245855927467346, 0.24886098504066467, 0.06084868684411049
300, 28, 0.456015020608902, 0.4125082790851593, 0.24090471863746643, 0.04072404280304909
300, 29, 0.47635024785995483, 0.4175381660461426, 0.2658877968788147, 0.04562488943338394
300, 30, 0.4594399333000183, 0.4083246886730194, 0.25809410214424133, 0.03705034777522087
300, 31, 0.47218742966651917, 0.4380640685558319, 0.26799872517585754, 0.024593543261289597
300, 32, 0.45698484778404236, 0.422773540019989, 0.2597599923610687, 0.01766945794224739
301, 0, 0.4412011504173279, 0.44562751054763794, -0.222272127866745, 0.9182905554771423
301, 1, 0.44641485810279846, 0.43829870223999023, -0.22681501507759094, 0.9227185845375061
301, 2, 0.44905614852905273, 0.43909671902656555, -0.22681355476379395, 0.9108820557594299
301, 3, 0.4516952931880951, 0.4398433566093445, -0.22684745490550995, 0.9038954377174377
301, 4, 0.43933239579200745, 0.43427911400794983, -0.22776217758655548, 0.9406672120094299
301, 5, 0.4371991753578186, 0.4325994849205017, -0.2278142273426056, 0.9383454918861389
301, 6, 0.4350760579109192, 0.43094828724861145, -0.22788485884666443, 0.9510847330093384
301, 7, 0.46087485551834106, 0.43142208456993103, -0.20184215903282166, 0.733832597732544
301, 8, 0.43475574254989624, 0.41659989953041077, -0.20611420273780823, 0.9069184064865112
301, 9, 0.4472784399986267, 0.4457945227622986, -0.2081727236509323, 0.8968333601951599
301, 10, 0.43967875838279724, 0.44163304567337036, -0.20944447815418243, 0.9284107685089111
301, 11, 0.4839419424533844, 0.43450409173965454, -0.14781425893306732, 0.9057641625404358
301, 12, 0.42267322540283203, 0.39515745639801025, -0.15599755942821503, 0.9749141931533813
301, 13, 0.49748939275741577, 0.47066470980644226, -0.12630236148834229, 0.6052395701408386
301, 14, 0.3935396075248718, 0.42607781291007996, -0.1433190554380417, 0.8415922522544861
301, 15, 0.49276313185691833, 0.5106155872344971, -0.16141949594020844, 0.7657884955406189
301, 16, 0.38210684061050415, 0.48776817321777344, -0.17073585093021393, 0.9600406885147095
301, 17, 0.49798521399497986, 0.5207948684692383, -0.18352355062961578, 0.7408643364906311
301, 18, 0.3723453879356384, 0.49824661016464233, -0.194180428981781, 0.954382061958313
301, 19, 0.4886280596256256, 0.5162522196769714, -0.19105295836925507, 0.7512843608856201
301, 20, 0.38173800706863403, 0.5028302669525146, -0.201026052236557, 0.9583593010902405
301, 21, 0.4851800501346588, 0.5111448168754578, -0.16623567044734955, 0.6532501578330994
301, 22, 0.3871457278728485, 0.4995368421077728, -0.17494235932826996, 0.9356405735015869
301, 23, 0.47727736830711365, 0.3769983947277069, -0.0017453853506594896, 0.905752420425415
301, 24, 0.44921937584877014, 0.3559805154800415, 0.0016575518529862165, 0.9404802322387695
301, 25, 0.46383291482925415, 0.44781219959259033, 0.08092261850833893, 0.02670065127313137
301, 26, 0.4303351044654846, 0.4280150532722473, 0.07322268187999725, 0.044915080070495605
301, 27, 0.4587603211402893, 0.4517970681190491, 0.23091547191143036, 0.04081891477108002
301, 28, 0.43689480423927307, 0.4344809949398041, 0.22350171208381653, 0.0247883889824152
301, 29, 0.45807021856307983, 0.4480363726615906, 0.2467128038406372, 0.028326384723186493
301, 30, 0.43851107358932495, 0.433471143245697, 0.2399889975786209, 0.01792891137301922
301, 31, 0.45285534858703613, 0.4711083769798279, 0.2384791076183319, 0.05051654577255249
301, 32, 0.4351469874382019, 0.44858524203300476, 0.23224329948425293, 0.026798782870173454
302, 0, 0.44047850370407104, 0.4452306926250458, -0.19859501719474792, 0.9788210391998291
302, 1, 0.4448161721229553, 0.4387199282646179, -0.20453186333179474, 0.9770721793174744
302, 2, 0.4473450183868408, 0.4392894208431244, -0.2045300304889679, 0.9758051037788391
302, 3, 0.44987791776657104, 0.4398099184036255, -0.2045482099056244, 0.9721142053604126
302, 4, 0.4378318190574646, 0.43490421772003174, -0.20419959723949432, 0.9817422032356262
302, 5, 0.43566790223121643, 0.4330795705318451, -0.2042471468448639, 0.9824878573417664
302, 6, 0.43351083993911743, 0.4312690198421478, -0.2043076753616333, 0.985901415348053
302, 7, 0.4587605893611908, 0.42916491627693176, -0.18792131543159485, 0.9210747480392456
302, 8, 0.43307870626449585, 0.4147343933582306, -0.18640555441379547, 0.9722818732261658
302, 9, 0.4466654658317566, 0.44351303577423096, -0.18798841536045074, 0.9706849455833435
302, 10, 0.4392966330051422, 0.43951383233070374, -0.18742002546787262, 0.977694034576416
302, 11, 0.48293057084083557, 0.42686575651168823, -0.14146776497364044, 0.9492749571800232
302, 12, 0.4244919419288635, 0.3888542056083679, -0.14468266069889069, 0.9779444336891174
302, 13, 0.5001492500305176, 0.482551246881485, -0.13147947192192078, 0.8985394835472107
302, 14, 0.39686983823776245, 0.424169659614563, -0.13866400718688965, 0.8352104425430298
302, 15, 0.49875959753990173, 0.5407440066337585, -0.17292146384716034, 0.9534153938293457
302, 16, 0.38671034574508667, 0.4912188947200775, -0.16604095697402954, 0.9476776123046875
302, 17, 0.5027499198913574, 0.557766318321228, -0.19792576134204865, 0.9391077160835266
302, 18, 0.3759147524833679, 0.5034103989601135, -0.19078078866004944, 0.9368759989738464
302, 19, 0.4937000870704651, 0.5538116693496704, -0.2027963101863861, 0.9421548843383789
302, 20, 0.38487353920936584, 0.507817268371582, -0.1965605616569519, 0.9412405490875244
302, 21, 0.4910782277584076, 0.545943021774292, -0.17728963494300842, 0.8995752930641174
302, 22, 0.39064350724220276, 0.5038251280784607, -0.17026259005069733, 0.9141075015068054
302, 23, 0.47717276215553284, 0.37393879890441895, -0.0006039642030373216, 0.941036581993103
302, 24, 0.450847864151001, 0.35300368070602417, 0.000523440248798579, 0.950954020023346
302, 25, 0.4637582302093506, 0.45658987760543823, 0.0746779665350914, 0.022953152656555176
302, 26, 0.4306487441062927, 0.4435798227787018, 0.06313897669315338, 0.062441136687994
302, 27, 0.4653037190437317, 0.4568798542022705, 0.21646328270435333, 0.05720141902565956
302, 28, 0.4501284658908844, 0.4456724524497986, 0.20251944661140442, 0.04004702717065811
302, 29, 0.4651549458503723, 0.452528178691864, 0.2315584123134613, 0.03526206687092781
302, 30, 0.4535658359527588, 0.4430154263973236, 0.21782977879047394, 0.032006483525037766
302, 31, 0.46282583475112915, 0.4762251079082489, 0.2229086458683014, 0.08576740324497223
302, 32, 0.45213890075683594, 0.4603527784347534, 0.20870967209339142, 0.05381026491522789
303, 0, 0.44678616523742676, 0.45239049196243286, -0.20849986374378204, 0.9731636047363281
303, 1, 0.45144614577293396, 0.44586801528930664, -0.21317844092845917, 0.9765288233757019
303, 2, 0.4539295732975006, 0.4463326334953308, -0.21316739916801453, 0.9738550186157227
303, 3, 0.4601675868034363, 0.4506264925003052, -0.2131970226764679, 0.9755038022994995
303, 4, 0.44461745023727417, 0.4424210488796234, -0.21381345391273499, 0.9818561673164368
303, 5, 0.4425026774406433, 0.44076821208000183, -0.21385887265205383, 0.9801581501960754
303, 6, 0.440389484167099, 0.4391325116157532, -0.2139139175415039, 0.9846327304840088
303, 7, 0.46479934453964233, 0.4348832964897156, -0.19109736382961273, 0.914700448513031
303, 8, 0.43943729996681213, 0.4220256507396698, -0.1941012293100357, 0.9655693769454956
303, 9, 0.4522250294685364, 0.44947144389152527, -0.1957886815071106, 0.970310628414154
303, 10, 0.44511598348617554, 0.44596558809280396, -0.19662024080753326, 0.975371241569519
303, 11, 0.4879900813102722, 0.43023809790611267, -0.14055368304252625, 0.939331591129303
303, 12, 0.4258175492286682, 0.3912244439125061, -0.1467152237892151, 0.9766417145729065
303, 13, 0.5005026459693909, 0.48087066411972046, -0.12673039734363556, 0.7808851599693298
303, 14, 0.39768266677856445, 0.4247954189777374, -0.13702663779258728, 0.8135030269622803
303, 15, 0.5007996559143066, 0.5393407344818115, -0.1656857281923294, 0.8776698708534241
303, 16, 0.3843387961387634, 0.49076399207115173, -0.16513559222221375, 0.916569173336029
303, 17, 0.5070405602455139, 0.5556970834732056, -0.19016866385936737, 0.847438395023346
303, 18, 0.37257975339889526, 0.5010204911231995, -0.19101107120513916, 0.9026422500610352
303, 19, 0.49722689390182495, 0.5516990423202515, -0.19644194841384888, 0.8540152907371521
303, 20, 0.38196703791618347, 0.5059524774551392, -0.19679318368434906, 0.9091721773147583
303, 21, 0.49344509840011597, 0.5441146492958069, -0.17040525376796722, 0.7811668515205383
303, 22, 0.3882695138454437, 0.5027972459793091, -0.16936491429805756, 0.8691915273666382
303, 23, 0.4823545515537262, 0.3737485110759735, -0.0011813098099082708, 0.9246816039085388
303, 24, 0.45201343297958374, 0.3527950346469879, 0.0010678359540179372, 0.9361345171928406
303, 25, 0.4745557904243469, 0.4571320712566376, 0.07807815819978714, 0.030241401866078377
303, 26, 0.43414992094039917, 0.4413592517375946, 0.07053931057453156, 0.051721103489398956
303, 27, 0.4730601906776428, 0.46567317843437195, 0.2297019064426422, 0.06455787271261215
303, 28, 0.44756564497947693, 0.44436532258987427, 0.2218906432390213, 0.0353110171854496
303, 29, 0.472836971282959, 0.46254029870033264, 0.24539902806282043, 0.03698437288403511
303, 30, 0.45018869638442993, 0.4422963559627533, 0.2380930632352829, 0.02457873523235321
303, 31, 0.46851810812950134, 0.4878147840499878, 0.22949285805225372, 0.09570249915122986
303, 32, 0.44789761304855347, 0.4593207538127899, 0.22373847663402557, 0.048846323043107986
304, 0, 0.44526204466819763, 0.45126280188560486, -0.21318170428276062, 0.9861927628517151
304, 1, 0.4499379098415375, 0.44380050897598267, -0.21666142344474792, 0.987686812877655
304, 2, 0.45251259207725525, 0.4440991282463074, -0.21664853394031525, 0.9870151281356812
304, 3, 0.46029597520828247, 0.44828522205352783, -0.21667543053627014, 0.9864398837089539
304, 4, 0.4429861903190613, 0.44089409708976746, -0.21780529618263245, 0.9897376894950867
304, 5, 0.44084233045578003, 0.4394807517528534, -0.21785768866539001, 0.9898607730865479
304, 6, 0.43870431184768677, 0.43808212876319885, -0.21791169047355652, 0.9917206764221191
304, 7, 0.463860422372818, 0.43211090564727783, -0.1901753693819046, 0.9575197100639343
304, 8, 0.437997043132782, 0.42119404673576355, -0.19557896256446838, 0.9824981093406677
304, 9, 0.4511248469352722, 0.44817107915878296, -0.1991243213415146, 0.9824329614639282
304, 10, 0.4439874291419983, 0.4453427493572235, -0.200676828622818, 0.9866107702255249
304, 11, 0.48901185393333435, 0.4217463731765747, -0.14243248105049133, 0.9536147713661194
304, 12, 0.4241639971733093, 0.3914085030555725, -0.14837528765201569, 0.9852557182312012
304, 13, 0.5080928802490234, 0.467528760433197, -0.1272600144147873, 0.8596040606498718
304, 14, 0.39769554138183594, 0.4253559410572052, -0.139810711145401, 0.8792856931686401
304, 15, 0.5110636949539185, 0.5278130769729614, -0.1634024828672409, 0.9115561246871948
304, 16, 0.38385409116744995, 0.4936538338661194, -0.166238933801651, 0.9479557275772095
304, 17, 0.5183950066566467, 0.5439582467079163, -0.1862715482711792, 0.8857427835464478
304, 18, 0.37272849678993225, 0.5054454803466797, -0.1908315271139145, 0.9376137256622314
304, 19, 0.5077627301216125, 0.5410187244415283, -0.1926245093345642, 0.890448272228241
304, 20, 0.3821159303188324, 0.5090314745903015, -0.19433645904064178, 0.9409735798835754
304, 21, 0.5033755898475647, 0.5338351130485535, -0.16780909895896912, 0.8208045959472656
304, 22, 0.3883131742477417, 0.5057671666145325, -0.1693171262741089, 0.9046362638473511
304, 23, 0.4817540645599365, 0.36683252453804016, -0.003017100505530834, 0.9207407236099243
304, 24, 0.45166105031967163, 0.34904375672340393, 0.0028700369875878096, 0.9323617815971375
304, 25, 0.4736293852329254, 0.44475144147872925, 0.08035440742969513, 0.02409287355840206
304, 26, 0.43481969833374023, 0.42908909916877747, 0.0775865986943245, 0.04790903255343437
304, 27, 0.4744654595851898, 0.4447307288646698, 0.2364766150712967, 0.05017370730638504
304, 28, 0.44957056641578674, 0.42732757329940796, 0.23023934662342072, 0.03653048351407051
304, 29, 0.4742930829524994, 0.43992993235588074, 0.2529231905937195, 0.030772412195801735
304, 30, 0.45245546102523804, 0.4242970645427704, 0.24701431393623352, 0.02781163528561592
304, 31, 0.4714934825897217, 0.46554481983184814, 0.24419717490673065, 0.053949952125549316
304, 32, 0.45130857825279236, 0.44173112511634827, 0.23931725323200226, 0.03732005134224892
305, 0, 0.44646841287612915, 0.44396793842315674, -0.23368391394615173, 0.968417763710022
305, 1, 0.45102009177207947, 0.4369770586490631, -0.23705963790416718, 0.9702011942863464
305, 2, 0.45355844497680664, 0.43734657764434814, -0.23705372214317322, 0.967762291431427
305, 3, 0.4621399939060211, 0.4426743686199188, -0.23708753287792206, 0.9664260149002075
305, 4, 0.4440355896949768, 0.43398743867874146, -0.2379991114139557, 0.9770697355270386
305, 5, 0.44184574484825134, 0.43259403109550476, -0.23805508017539978, 0.9769645929336548
305, 6, 0.4396621584892273, 0.4312213361263275, -0.23812155425548553, 0.9818474650382996
305, 7, 0.4645160138607025, 0.4265201985836029, -0.20790353417396545, 0.8876228928565979
305, 8, 0.4386710524559021, 0.4153248369693756, -0.2125207483768463, 0.9603908658027649
305, 9, 0.4521718919277191, 0.4415091574192047, -0.21850141882896423, 0.9571294784545898
305, 10, 0.444898784160614, 0.4386093020439148, -0.2198377549648285, 0.9670266509056091
305, 11, 0.4891544282436371, 0.42075759172439575, -0.1551150381565094, 0.9009873867034912
305, 12, 0.424170583486557, 0.3893228769302368, -0.16091249883174896, 0.9708766341209412
305, 13, 0.508762538433075, 0.4717578887939453, -0.14231827855110168, 0.86760014295578
305, 14, 0.3961332440376282, 0.4285842776298523, -0.15366554260253906, 0.8602564930915833
305, 15, 0.5148160457611084, 0.532872200012207, -0.18091437220573425, 0.916300892829895
305, 16, 0.3821306824684143, 0.49123555421829224, -0.18074657022953033, 0.9370731115341187
305, 17, 0.5222627520561218, 0.5495442748069763, -0.20519284904003143, 0.8873220682144165
305, 18, 0.37098100781440735, 0.5018442273139954, -0.20625850558280945, 0.9257465600967407
305, 19, 0.5126768350601196, 0.54688560962677, -0.21080851554870605, 0.8912251591682434
305, 20, 0.3802051544189453, 0.5042870044708252, -0.2104555368423462, 0.929455041885376
305, 21, 0.5082967877388, 0.5394096970558167, -0.18518269062042236, 0.816326916217804
305, 22, 0.3864434063434601, 0.5008148550987244, -0.18418799340724945, 0.886338472366333
305, 23, 0.48154640197753906, 0.3684704303741455, -0.0029687960632145405, 0.862195611000061
305, 24, 0.4522320628166199, 0.3509370982646942, 0.0028288806788623333, 0.8873860239982605
305, 25, 0.4721100330352783, 0.4480999708175659, 0.07999745011329651, 0.02089965157210827
305, 26, 0.4361371397972107, 0.43229347467422485, 0.0768793523311615, 0.04744325950741768
305, 27, 0.47355160117149353, 0.44741111993789673, 0.23712995648384094, 0.04498961940407753
305, 28, 0.45016518235206604, 0.42763015627861023, 0.22876255214214325, 0.03158378228545189
305, 29, 0.4734092354774475, 0.44260212779045105, 0.2536739110946655, 0.029434071853756905
305, 30, 0.4525420665740967, 0.4249570071697235, 0.24539916217327118, 0.023743819445371628
305, 31, 0.47054392099380493, 0.4675599932670593, 0.24323277175426483, 0.05660826712846756
305, 32, 0.4515257775783539, 0.4384501874446869, 0.23479846119880676, 0.0371088832616806
306, 0, 0.4404333233833313, 0.4563103914260864, -0.18587180972099304, 0.9765847325325012
306, 1, 0.4464673101902008, 0.45069316029548645, -0.19265291094779968, 0.9785829782485962
306, 2, 0.44917312264442444, 0.451550155878067, -0.19266588985919952, 0.9809483289718628
306, 3, 0.45840996503829956, 0.45698580145835876, -0.192711740732193, 0.9820190668106079
306, 4, 0.43934860825538635, 0.4455821216106415, -0.19384050369262695, 0.9835679531097412
306, 5, 0.4374159872531891, 0.4431198239326477, -0.19390860199928284, 0.9863856434822083
306, 6, 0.4335561692714691, 0.445110946893692, -0.19395811855793, 0.9864323735237122
306, 7, 0.46230077743530273, 0.4393272399902344, -0.1860782355070114, 0.9537145495414734
306, 8, 0.4361436367034912, 0.42063966393470764, -0.19082267582416534, 0.9755327701568604
306, 9, 0.4466160237789154, 0.4533901512622833, -0.17950452864170074, 0.9784718155860901
306, 10, 0.43900880217552185, 0.44781774282455444, -0.18092022836208344, 0.979188859462738
306, 11, 0.48579710721969604, 0.43102166056632996, -0.14329400658607483, 0.9539594650268555
306, 12, 0.4267963469028473, 0.38824382424354553, -0.14101506769657135, 0.9790120720863342
306, 13, 0.5017647743225098, 0.47588586807250977, -0.11026760190725327, 0.6238107681274414
306, 14, 0.3988841474056244, 0.4196526110172272, -0.12430255115032196, 0.9258541464805603
306, 15, 0.505013108253479, 0.532092809677124, -0.1166115254163742, 0.7588201761245728
306, 16, 0.382220059633255, 0.4888934791088104, -0.14094194769859314, 0.9687836170196533
306, 17, 0.5106289982795715, 0.5468894243240356, -0.13296306133270264, 0.7538210153579712
306, 18, 0.3765820860862732, 0.49826574325561523, -0.1606130301952362, 0.9624134302139282
306, 19, 0.5020721554756165, 0.5442609190940857, -0.13826389610767365, 0.7576341032981873
306, 20, 0.382613867521286, 0.5040405988693237, -0.16867505013942719, 0.962648332118988
306, 21, 0.49884915351867676, 0.537898063659668, -0.11926736682653427, 0.7090098261833191
306, 22, 0.3842149078845978, 0.5055590867996216, -0.14527961611747742, 0.9486814141273499
306, 23, 0.48788386583328247, 0.36228182911872864, -0.004440364893525839, 0.9878457188606262
306, 24, 0.45558515191078186, 0.3440849184989929, 0.004502793308347464, 0.9919431209564209
306, 25, 0.4971442222595215, 0.48620516061782837, 0.0016371693927794695, 0.18103595077991486
306, 26, 0.44865116477012634, 0.44631603360176086, 0.027987396344542503, 0.2898617684841156
306, 27, 0.5034153461456299, 0.5511829257011414, 0.09301552176475525, 0.27835363149642944
306, 28, 0.46012383699417114, 0.5115770101547241, 0.11921171098947525, 0.258769154548645
306, 29, 0.5042178630828857, 0.5564662218093872, 0.10179787874221802, 0.20086947083473206
306, 30, 0.4637965261936188, 0.5195467472076416, 0.12828755378723145, 0.2127896100282669
306, 31, 0.5011112093925476, 0.5889477729797363, 0.06757911294698715, 0.39591214060783386
306, 32, 0.4581957757472992, 0.5411484241485596, 0.10042951256036758, 0.3602815270423889
307, 0, 0.4402979016304016, 0.4547938108444214, -0.20513863861560822, 0.9874600172042847
307, 1, 0.44538959860801697, 0.4474855065345764, -0.2111302614212036, 0.9897910952568054
307, 2, 0.44802361726760864, 0.4482024312019348, -0.21113400161266327, 0.9905319213867188
307, 3, 0.4506661295890808, 0.44886210560798645, -0.2111770212650299, 0.9895604848861694
307, 4, 0.438603937625885, 0.44297802448272705, -0.21111612021923065, 0.9905210733413696
307, 5, 0.43532124161720276, 0.44425609707832336, -0.21116657555103302, 0.991253674030304
307, 6, 0.43213731050491333, 0.44141143560409546, -0.21120980381965637, 0.9922605156898499
307, 7, 0.4606392979621887, 0.4358673393726349, -0.1925656795501709, 0.9708552956581116
307, 8, 0.43540748953819275, 0.4193073809146881, -0.19229459762573242, 0.9844135046005249
307, 9, 0.44663649797439575, 0.45202478766441345, -0.19347736239433289, 0.9825953245162964
307, 10, 0.4396131634712219, 0.4474157691001892, -0.19336582720279694, 0.9848553538322449
307, 11, 0.48771175742149353, 0.42662519216537476, -0.1468765139579773, 0.9532976150512695
307, 12, 0.4265419840812683, 0.3830520212650299, -0.14775866270065308, 0.9755512475967407
307, 13, 0.5066894292831421, 0.4792405366897583, -0.12970668077468872, 0.8844570517539978
307, 14, 0.39841383695602417, 0.4192197918891907, -0.13496090471744537, 0.8828632235527039
307, 15, 0.506315290927887, 0.5421767830848694, -0.1658959537744522, 0.9376500248908997
307, 16, 0.381858229637146, 0.4869424104690552, -0.16529496014118195, 0.9544334411621094
307, 17, 0.5125088095664978, 0.5600838661193848, -0.19078880548477173, 0.923344612121582
307, 18, 0.3762471675872803, 0.4993765652179718, -0.19084309041500092, 0.9473274350166321
307, 19, 0.5019006729125977, 0.5547850131988525, -0.19746650755405426, 0.9286545515060425
307, 20, 0.3796708285808563, 0.5026452541351318, -0.19750632345676422, 0.9528746604919434
307, 21, 0.4982224404811859, 0.5464946627616882, -0.1704365611076355, 0.8779489398002625
307, 22, 0.3858028054237366, 0.500170886516571, -0.1698182225227356, 0.9255500435829163
307, 23, 0.48503485321998596, 0.3574571907520294, -0.0024547921493649483, 0.9417567849159241
307, 24, 0.4564468264579773, 0.336864709854126, 0.0023684457410126925, 0.9488108158111572
307, 25, 0.47616854310035706, 0.43295708298683167, 0.08546175807714462, 0.02968968078494072
307, 26, 0.43883681297302246, 0.417922705411911, 0.08672525733709335, 0.041002221405506134
307, 27, 0.4780817925930023, 0.43049854040145874, 0.24754425883293152, 0.059841588139534
307, 28, 0.4501940608024597, 0.41293925046920776, 0.2473783791065216, 0.034612249583005905
307, 29, 0.47818470001220703, 0.4256232678890228, 0.26465198397636414, 0.0396890789270401
307, 30, 0.4522278904914856, 0.4097316861152649, 0.2650217115879059, 0.028254974633455276
307, 31, 0.4742903709411621, 0.45103704929351807, 0.2547526955604553, 0.054661013185977936
307, 32, 0.4499838352203369, 0.42551863193511963, 0.25682684779167175, 0.03233053907752037
308, 0, 0.438121497631073, 0.4406643211841583, -0.2193193882703781, 0.9286848902702332
308, 1, 0.4431704580783844, 0.4335038363933563, -0.22276869416236877, 0.9213893413543701
308, 2, 0.4457477629184723, 0.43435466289520264, -0.2227788269519806, 0.9118747711181641
308, 3, 0.4483257234096527, 0.43514785170555115, -0.22280625998973846, 0.9056822061538696
308, 4, 0.4362066686153412, 0.42913326621055603, -0.22349479794502258, 0.9413061738014221
308, 5, 0.4340771734714508, 0.42724692821502686, -0.22354891896247864, 0.9414858818054199
308, 6, 0.43195343017578125, 0.4253776967525482, -0.22362801432609558, 0.9555788040161133
308, 7, 0.45754557847976685, 0.4261443614959717, -0.19705595076084137, 0.6992799043655396
308, 8, 0.43191927671432495, 0.4100576937198639, -0.2002350389957428, 0.9082781076431274
308, 9, 0.44417303800582886, 0.44052737951278687, -0.20558679103851318, 0.8843571543693542
308, 10, 0.43678441643714905, 0.4360976219177246, -0.20648708939552307, 0.9191923141479492
308, 11, 0.48089131712913513, 0.4282305836677551, -0.14753156900405884, 0.8943492770195007
308, 12, 0.42150697112083435, 0.387154757976532, -0.15445438027381897, 0.9669339060783386
308, 13, 0.4956842362880707, 0.47652143239974976, -0.13727310299873352, 0.7546133399009705
308, 14, 0.3914823532104492, 0.41940566897392273, -0.1490742564201355, 0.857485830783844
308, 15, 0.49295586347579956, 0.5277341604232788, -0.1803487241268158, 0.9160227179527283
308, 16, 0.3828192353248596, 0.48752671480178833, -0.1772315502166748, 0.9723808169364929
308, 17, 0.4971924424171448, 0.5421270132064819, -0.20559902489185333, 0.9105370044708252
308, 18, 0.3733065724372864, 0.5000979900360107, -0.20227256417274475, 0.9683085680007935
308, 19, 0.4887484014034271, 0.5372875928878784, -0.21083888411521912, 0.9145734906196594
308, 20, 0.3823707401752472, 0.5032329559326172, -0.2087325155735016, 0.9700854420661926
308, 21, 0.485813707113266, 0.5305543541908264, -0.18493062257766724, 0.8572609424591064
308, 22, 0.38775187730789185, 0.49926650524139404, -0.18170210719108582, 0.9508981108665466
308, 23, 0.47676485776901245, 0.370747834444046, -0.0028066751547157764, 0.9512280225753784
308, 24, 0.4499723017215729, 0.35017499327659607, 0.002704319078475237, 0.9640320539474487
308, 25, 0.4650760591030121, 0.4387248456478119, 0.08683899790048599, 0.022247442975640297
308, 26, 0.4332614839076996, 0.42316195368766785, 0.07854273915290833, 0.03901365026831627
308, 27, 0.46960359811782837, 0.4370003640651703, 0.24059811234474182, 0.04697324335575104
308, 28, 0.4505990445613861, 0.4187268614768982, 0.23312529921531677, 0.024626892060041428
308, 29, 0.46996840834617615, 0.43274986743927, 0.25697576999664307, 0.0338074266910553
308, 30, 0.45307499170303345, 0.41630303859710693, 0.2502436935901642, 0.01990691013634205
308, 31, 0.46619686484336853, 0.45306485891342163, 0.2506842315196991, 0.06116287037730217
308, 32, 0.45298871397972107, 0.42647987604141235, 0.24441857635974884, 0.029444381594657898
309, 0, 0.4432950019836426, 0.44515958428382874, -0.22990325093269348, 0.9490330815315247
309, 1, 0.44853097200393677, 0.4378361701965332, -0.23465478420257568, 0.950867235660553
309, 2, 0.4511755108833313, 0.4385705292224884, -0.23465123772621155, 0.9488005042076111
309, 3, 0.45820721983909607, 0.4423317313194275, -0.23469004034996033, 0.9400526881217957
309, 4, 0.44143691658973694, 0.43366724252700806, -0.23558548092842102, 0.9607521891593933
309, 5, 0.43930524587631226, 0.43185243010520935, -0.23564282059669495, 0.9621308445930481
309, 6, 0.4371858239173889, 0.4300551116466522, -0.23571714758872986, 0.967808187007904
309, 7, 0.462609201669693, 0.42936328053474426, -0.20784850418567657, 0.8499165177345276
309, 8, 0.4364219605922699, 0.4143745005130768, -0.21193274855613708, 0.9404283761978149
309, 9, 0.4489576816558838, 0.44407129287719727, -0.2147153913974762, 0.934872567653656
309, 10, 0.4415121078491211, 0.4398256540298462, -0.21602186560630798, 0.9563447833061218
309, 11, 0.4865120053291321, 0.4256717264652252, -0.15653686225414276, 0.9285576343536377
309, 12, 0.4224247336387634, 0.3887370526790619, -0.15942198038101196, 0.9840304851531982
309, 13, 0.5090281367301941, 0.4592460095882416, -0.127884641289711, 0.8342848420143127
309, 14, 0.39264461398124695, 0.41988465189933777, -0.1410433053970337, 0.9340817332267761
309, 15, 0.5078300833702087, 0.5076297521591187, -0.15152719616889954, 0.82593834400177
309, 16, 0.38187628984451294, 0.484142005443573, -0.1656566560268402, 0.9682612419128418
309, 17, 0.5145206451416016, 0.51922607421875, -0.17171300947666168, 0.7903509736061096
309, 18, 0.37311962246894836, 0.4936378598213196, -0.18811152875423431, 0.9608986973762512
309, 19, 0.504935622215271, 0.5158616900444031, -0.17916250228881836, 0.7979535460472107
309, 20, 0.3816649913787842, 0.49712130427360535, -0.193076491355896, 0.9635869264602661
309, 21, 0.5005703568458557, 0.5104493498802185, -0.15550583600997925, 0.6959499716758728
309, 22, 0.3867388069629669, 0.4944485127925873, -0.1687450259923935, 0.9388273358345032
309, 23, 0.47787004709243774, 0.3704623281955719, -0.003019723342731595, 0.9197865724563599
309, 24, 0.4499897360801697, 0.3497176766395569, 0.002907681744545698, 0.9491479992866516
309, 25, 0.4645931124687195, 0.433167427778244, 0.09415070712566376, 0.027933605015277863
309, 26, 0.4330810010433197, 0.4080940783023834, 0.09397880733013153, 0.04391949251294136
309, 27, 0.46346616744995117, 0.4247687757015228, 0.26180705428123474, 0.039229866117239
309, 28, 0.43844667077064514, 0.40732425451278687, 0.25950589776039124, 0.026070985943078995
309, 29, 0.46346864104270935, 0.4187687635421753, 0.28003567457199097, 0.030890105292201042
309, 30, 0.4397236704826355, 0.40495699644088745, 0.27814266085624695, 0.021535173058509827
309, 31, 0.4588564932346344, 0.4428144097328186, 0.2785656750202179, 0.03042316436767578
309, 32, 0.4370262026786804, 0.4206172823905945, 0.2766645550727844, 0.018979933112859726
310, 0, 0.4436711370944977, 0.4472511410713196, -0.21024951338768005, 0.9457142949104309
310, 1, 0.4489946961402893, 0.4394252300262451, -0.2160748541355133, 0.9442570805549622
310, 2, 0.45167437195777893, 0.4402391314506531, -0.21607081592082977, 0.9425851106643677
310, 3, 0.4543444514274597, 0.4410099983215332, -0.21610626578330994, 0.9331425428390503
310, 4, 0.4417301118373871, 0.4350361227989197, -0.21649475395679474, 0.9531548619270325
310, 5, 0.4395153522491455, 0.4331493079662323, -0.2165398895740509, 0.9534992575645447
310, 6, 0.4373196065425873, 0.43128105998039246, -0.2166081964969635, 0.9604749083518982
310, 7, 0.4627901613712311, 0.431729793548584, -0.19422796368598938, 0.8397859334945679
310, 8, 0.4360617697238922, 0.4159836769104004, -0.19572852551937103, 0.9336237907409668
310, 9, 0.4491705298423767, 0.4469555616378784, -0.19679835438728333, 0.9357211589813232
310, 10, 0.44139593839645386, 0.4422970712184906, -0.19735465943813324, 0.9529192447662354
310, 11, 0.48511558771133423, 0.43009746074676514, -0.1448657512664795, 0.9474644064903259
310, 12, 0.42221370339393616, 0.393921434879303, -0.1478138267993927, 0.9870402216911316
310, 13, 0.5061902403831482, 0.46378186345100403, -0.11637403815984726, 0.8096972703933716
310, 14, 0.3927391469478607, 0.422102153301239, -0.13322322070598602, 0.9341340661048889
310, 15, 0.5000566244125366, 0.5097222328186035, -0.13554590940475464, 0.8561260104179382
310, 16, 0.3818335235118866, 0.4882644712924957, -0.15919125080108643, 0.9787811040878296
310, 17, 0.5049285888671875, 0.5212158560752869, -0.1541917473077774, 0.8277942538261414
310, 18, 0.3728806972503662, 0.4986066520214081, -0.18141527473926544, 0.9722509980201721
310, 19, 0.4950782358646393, 0.5173166990280151, -0.16148309409618378, 0.8355686664581299
310, 20, 0.38138964772224426, 0.5022399425506592, -0.1850569099187851, 0.9743568301200867
310, 21, 0.4914894998073578, 0.5120171904563904, -0.13943424820899963, 0.7521376013755798
310, 22, 0.3864171802997589, 0.49905574321746826, -0.16191811859607697, 0.9574823379516602
310, 23, 0.47727537155151367, 0.3745564818382263, -0.003059603739529848, 0.946766197681427
310, 24, 0.44936996698379517, 0.35465365648269653, 0.0029606791213154793, 0.9667237401008606
310, 25, 0.46648818254470825, 0.4396419823169708, 0.08884640783071518, 0.03570570424199104
310, 26, 0.4340750277042389, 0.4166635274887085, 0.0881134644150734, 0.0535217747092247
310, 27, 0.4626317024230957, 0.43517306447029114, 0.24632593989372253, 0.055753618478775024
310, 28, 0.43815216422080994, 0.4167631268501282, 0.24541178345680237, 0.03298293426632881
310, 29, 0.4618944227695465, 0.42994004487991333, 0.26362988352775574, 0.03841714933514595
310, 30, 0.43905314803123474, 0.4147907793521881, 0.26326408982276917, 0.023793907836079597
310, 31, 0.4579567015171051, 0.45309558510780334, 0.2628379762172699, 0.04969271272420883
310, 32, 0.43767809867858887, 0.4293614625930786, 0.26281195878982544, 0.02879655919969082
311, 0, 0.4547662138938904, 0.4255917966365814, -0.21672196686267853, 0.9940639138221741
311, 1, 0.45879706740379333, 0.4184851348400116, -0.2223939150571823, 0.9949885010719299
311, 2, 0.4611419141292572, 0.41893815994262695, -0.22238174080848694, 0.9940996170043945
311, 3, 0.46348610520362854, 0.4193374514579773, -0.2224261313676834, 0.9936730861663818
311, 4, 0.4520990252494812, 0.4160429537296295, -0.22250418365001678, 0.995812714099884
311, 5, 0.4498771131038666, 0.4150376617908478, -0.22254614531993866, 0.995324969291687
311, 6, 0.4476591646671295, 0.41404905915260315, -0.2225925475358963, 0.9960914254188538
311, 7, 0.4690709710121155, 0.41166186332702637, -0.19828982651233673, 0.9821174740791321
311, 8, 0.4442073404788971, 0.4029058814048767, -0.19863323867321014, 0.9930764436721802
311, 9, 0.45888957381248474, 0.4254978895187378, -0.20230552554130554, 0.9921483993530273
311, 10, 0.4515627920627594, 0.42265236377716064, -0.20250454545021057, 0.993729829788208
311, 11, 0.48791083693504333, 0.41143926978111267, -0.13806866109371185, 0.9734449982643127
311, 12, 0.4242554306983948, 0.388786643743515, -0.1424276977777481, 0.9913996458053589
311, 13, 0.5050146579742432, 0.44604936242103577, -0.10857031494379044, 0.8414648175239563
311, 14, 0.3952288031578064, 0.42301231622695923, -0.11786267906427383, 0.9041088819503784
311, 15, 0.5044999122619629, 0.49962955713272095, -0.13266326487064362, 0.9233312010765076
311, 16, 0.38077521324157715, 0.4904836118221283, -0.137260302901268, 0.9639521837234497
311, 17, 0.5105558633804321, 0.5125418305397034, -0.15183840692043304, 0.8879985809326172
311, 18, 0.37593603134155273, 0.5062987804412842, -0.15860339999198914, 0.951185941696167
311, 19, 0.5008785724639893, 0.5114269256591797, -0.15873044729232788, 0.8939130902290344
311, 20, 0.3807644844055176, 0.5066258907318115, -0.16268177330493927, 0.9561300277709961
311, 21, 0.4967805743217468, 0.5064966082572937, -0.13668084144592285, 0.8258953094482422
311, 22, 0.3902139365673065, 0.5043234825134277, -0.14003616571426392, 0.9338504076004028
311, 23, 0.47550398111343384, 0.37234920263290405, -0.0010863258503377438, 0.9794299602508545
311, 24, 0.44563761353492737, 0.35639217495918274, 0.0009745935094542801, 0.9848796725273132
311, 25, 0.46631449460983276, 0.4424138069152832, 0.07854576408863068, 0.04537755995988846
311, 26, 0.43013209104537964, 0.42980989813804626, 0.0752485990524292, 0.09029736369848251
311, 27, 0.4575476050376892, 0.44641587138175964, 0.23109719157218933, 0.048967547714710236
311, 28, 0.43466752767562866, 0.4323357343673706, 0.22189068794250488, 0.04087980464100838
311, 29, 0.4557286202907562, 0.4432196617126465, 0.24744446575641632, 0.033654436469078064
311, 30, 0.4359235167503357, 0.4304482638835907, 0.23793812096118927, 0.030579116195440292
311, 31, 0.4543783664703369, 0.4659969210624695, 0.23841388523578644, 0.06936235725879669
311, 32, 0.43385401368141174, 0.4485892951488495, 0.22787347435951233, 0.047461580485105515
312, 0, 0.4542272686958313, 0.428189754486084, -0.22154328227043152, 0.9784591197967529
312, 1, 0.45855116844177246, 0.42206525802612305, -0.22752125561237335, 0.9799994230270386
312, 2, 0.460888534784317, 0.4225417375564575, -0.22751295566558838, 0.9773786067962646
312, 3, 0.463224321603775, 0.4229699969291687, -0.22756116092205048, 0.9747543334960938
312, 4, 0.4518984854221344, 0.41966015100479126, -0.22799710929393768, 0.9842807054519653
312, 5, 0.4497242569923401, 0.4187074303627014, -0.2280389964580536, 0.9830697774887085
312, 6, 0.4475553035736084, 0.4177759885787964, -0.22809311747550964, 0.9857116341590881
312, 7, 0.4689781665802002, 0.41593509912490845, -0.20373792946338654, 0.9350457787513733
312, 8, 0.44437235593795776, 0.4071502983570099, -0.20571203529834747, 0.9760501980781555
312, 9, 0.45821452140808105, 0.4277344048023224, -0.20704850554466248, 0.9742100238800049
312, 10, 0.4510050415992737, 0.42493167519569397, -0.207732155919075, 0.9804497957229614
312, 11, 0.4872521758079529, 0.41403400897979736, -0.1454981118440628, 0.9653496742248535
312, 12, 0.42375969886779785, 0.391690731048584, -0.1505715250968933, 0.9907564520835876
312, 13, 0.5069883465766907, 0.4407479465007782, -0.11623775959014893, 0.8428624868392944
312, 14, 0.3967632055282593, 0.4260924756526947, -0.12700940668582916, 0.9178053736686707
312, 15, 0.5073453783988953, 0.4871613383293152, -0.13592350482940674, 0.876087486743927
312, 16, 0.38612130284309387, 0.4852577745914459, -0.14352832734584808, 0.9635322093963623
312, 17, 0.5134142637252808, 0.4981079399585724, -0.15348383784294128, 0.8311177492141724
312, 18, 0.3768174648284912, 0.49947860836982727, -0.1635560393333435, 0.9528366327285767
312, 19, 0.5041837096214294, 0.4974516034126282, -0.15995238721370697, 0.8369289040565491
312, 20, 0.38621148467063904, 0.4993855655193329, -0.16706855595111847, 0.957149863243103
312, 21, 0.5000784993171692, 0.4930869936943054, -0.13944299519062042, 0.7533475756645203
312, 22, 0.3911835253238678, 0.49527648091316223, -0.14582303166389465, 0.9338176250457764
312, 23, 0.4742623269557953, 0.3732864260673523, -0.0015184757066890597, 0.9685161709785461
312, 24, 0.4453129172325134, 0.35743680596351624, 0.0014029393205419183, 0.9787026047706604
312, 25, 0.46418675780296326, 0.44089415669441223, 0.08180218189954758, 0.04495801404118538
312, 26, 0.43085479736328125, 0.4268830716609955, 0.07877491414546967, 0.07913392037153244
312, 27, 0.45470529794692993, 0.44472935795783997, 0.23278160393238068, 0.05334974452853203
312, 28, 0.43402689695358276, 0.4294382333755493, 0.22467966377735138, 0.04046192020177841
312, 29, 0.452984482049942, 0.44110652804374695, 0.24918846786022186, 0.03734767064452171
312, 30, 0.4349498152732849, 0.4277266561985016, 0.24081043899059296, 0.02879706770181656
312, 31, 0.4504614770412445, 0.46489864587783813, 0.2438356578350067, 0.06049072742462158
312, 32, 0.43265122175216675, 0.44470900297164917, 0.23364362120628357, 0.03866982087492943
313, 0, 0.45535212755203247, 0.42079928517341614, -0.19725589454174042, 0.9865793585777283
313, 1, 0.45976632833480835, 0.4154338538646698, -0.20528197288513184, 0.9874497652053833
313, 2, 0.46215373277664185, 0.41584455966949463, -0.2052774876356125, 0.9874039888381958
313, 3, 0.4645368456840515, 0.4162052869796753, -0.20532956719398499, 0.9838511347770691
313, 4, 0.45301538705825806, 0.41350311040878296, -0.2057967483997345, 0.9900387525558472
313, 5, 0.450808584690094, 0.4127488136291504, -0.2058359831571579, 0.9901794195175171
313, 6, 0.4485994279384613, 0.4119957685470581, -0.20588353276252747, 0.9911764860153198
313, 7, 0.4701933264732361, 0.4107096493244171, -0.19118474423885345, 0.9715968370437622
313, 8, 0.44550204277038574, 0.4031200110912323, -0.19304797053337097, 0.987784206867218
313, 9, 0.45935529470443726, 0.420624315738678, -0.18614929914474487, 0.9838946461677551
313, 10, 0.45190438628196716, 0.4182295799255371, -0.1868828386068344, 0.9888597726821899
313, 11, 0.48815661668777466, 0.4090178310871124, -0.1402566283941269, 0.9736661314964294
313, 12, 0.4247487187385559, 0.39310866594314575, -0.14398424327373505, 0.9909959435462952
313, 13, 0.5133278369903564, 0.44175392389297485, -0.1078513115644455, 0.9482821226119995
313, 14, 0.39681917428970337, 0.4263879656791687, -0.11556534469127655, 0.9216226935386658
313, 15, 0.5184699892997742, 0.49670839309692383, -0.1109267920255661, 0.9510598182678223
313, 16, 0.3849813938140869, 0.49656835198402405, -0.11819460242986679, 0.9635289311408997
313, 17, 0.5259587168693542, 0.5091988444328308, -0.12534044682979584, 0.923667848110199
313, 18, 0.3761351406574249, 0.5100573897361755, -0.13421730697155, 0.9586361646652222
313, 19, 0.5174756646156311, 0.5101360082626343, -0.1292760670185089, 0.925752580165863
313, 20, 0.38469481468200684, 0.5112934112548828, -0.13609685003757477, 0.9629393815994263
313, 21, 0.5128521919250488, 0.5051868557929993, -0.11279803514480591, 0.8646523356437683
313, 22, 0.38930007815361023, 0.5068085193634033, -0.11925749480724335, 0.9399755597114563
313, 23, 0.4732495844364166, 0.3770015835762024, -0.0013477193424478173, 0.9883197546005249
313, 24, 0.44515877962112427, 0.36375290155410767, 0.0012691332958638668, 0.989001989364624
313, 25, 0.46437254548072815, 0.43832987546920776, 0.0780525952577591, 0.06606443226337433
313, 26, 0.4334556460380554, 0.4275064766407013, 0.07854126393795013, 0.10927260667085648
313, 27, 0.45705533027648926, 0.4380825161933899, 0.22043156623840332, 0.0762007087469101
313, 28, 0.43647271394729614, 0.4307665526866913, 0.2146918773651123, 0.0539921410381794
313, 29, 0.454953134059906, 0.43465927243232727, 0.23632097244262695, 0.05018419027328491
313, 30, 0.43687933683395386, 0.42887258529663086, 0.22991330921649933, 0.04353822395205498
313, 31, 0.45588845014572144, 0.4553331732749939, 0.23505708575248718, 0.0697818472981453
313, 32, 0.43711861968040466, 0.4461495280265808, 0.2260466367006302, 0.04968351870775223
314, 0, 0.4518330991268158, 0.42488861083984375, -0.17884430289268494, 0.9917532205581665
314, 1, 0.45622292160987854, 0.4184116721153259, -0.18758195638656616, 0.9935500621795654
314, 2, 0.45863422751426697, 0.4187135100364685, -0.18758298456668854, 0.9941515326499939
314, 3, 0.4610496163368225, 0.41892707347869873, -0.1876557171344757, 0.9924507737159729
314, 4, 0.44954004883766174, 0.41662296652793884, -0.18809720873832703, 0.9941080808639526
314, 5, 0.4473760724067688, 0.4158015251159668, -0.18813490867614746, 0.994403064250946
314, 6, 0.4451982378959656, 0.4149283170700073, -0.18816760182380676, 0.9948694705963135
314, 7, 0.46735984086990356, 0.4134153723716736, -0.18151749670505524, 0.9891581535339355
314, 8, 0.44296199083328247, 0.4053146243095398, -0.18331369757652283, 0.992602527141571
314, 9, 0.45627671480178833, 0.42480194568634033, -0.17124676704406738, 0.9893426895141602
314, 10, 0.44880396127700806, 0.42275145649909973, -0.17192544043064117, 0.9908406734466553
314, 11, 0.48767557740211487, 0.4128444790840149, -0.13415668904781342, 0.977169930934906
314, 12, 0.4251883625984192, 0.39654654264450073, -0.14105327427387238, 0.9868788123130798
314, 13, 0.509462833404541, 0.4501881003379822, -0.09764531254768372, 0.948362410068512
314, 14, 0.39517518877983093, 0.42703977227211, -0.11089315265417099, 0.9004862904548645
314, 15, 0.5135882496833801, 0.5003939867019653, -0.08921213448047638, 0.9299978017807007
314, 16, 0.38198351860046387, 0.4902304708957672, -0.10187127441167831, 0.9447096586227417
314, 17, 0.5206408500671387, 0.5115163922309875, -0.10091321170330048, 0.9002338647842407
314, 18, 0.37236958742141724, 0.5021030902862549, -0.11442311853170395, 0.9428980946540833
314, 19, 0.5135497450828552, 0.5107634663581848, -0.10369698703289032, 0.9039394855499268
314, 20, 0.3804017901420593, 0.5033985376358032, -0.11626081168651581, 0.9472036361694336
314, 21, 0.5089799165725708, 0.5058271884918213, -0.0902901217341423, 0.8076843619346619
314, 22, 0.38537314534187317, 0.500069260597229, -0.10251699388027191, 0.9226277470588684
314, 23, 0.4734613299369812, 0.38219454884529114, 0.0006570814875885844, 0.9940105080604553
314, 24, 0.44490915536880493, 0.3708450198173523, -0.0006757955998182297, 0.9922952651977539
314, 25, 0.4673622250556946, 0.443114310503006, 0.07603440433740616, 0.08448608219623566
314, 26, 0.4366333484649658, 0.43606439232826233, 0.07611256837844849, 0.11647666245698929
314, 27, 0.4588736891746521, 0.44748932123184204, 0.20615991950035095, 0.11747787147760391
314, 28, 0.4388289451599121, 0.44586172699928284, 0.20208969712257385, 0.07862121611833572
314, 29, 0.456327348947525, 0.44439244270324707, 0.22072991728782654, 0.07604631036520004
314, 30, 0.43915170431137085, 0.4441753923892975, 0.21609175205230713, 0.06637819856405258
314, 31, 0.458458811044693, 0.4678369164466858, 0.2206163853406906, 0.04905584827065468
314, 32, 0.43974438309669495, 0.46567273139953613, 0.21462714672088623, 0.044350944459438324
315, 0, 0.44971829652786255, 0.4237957298755646, -0.14620596170425415, 0.9591758847236633
315, 1, 0.4555141031742096, 0.4175678789615631, -0.15419085323810577, 0.9660923480987549
315, 2, 0.4580894410610199, 0.41835159063339233, -0.15420112013816833, 0.9698283672332764
315, 3, 0.4606661796569824, 0.41906458139419556, -0.1542728990316391, 0.9650229811668396
315, 4, 0.4484412670135498, 0.41459134221076965, -0.15468905866146088, 0.965115487575531
315, 5, 0.4461234211921692, 0.41335761547088623, -0.15470467507839203, 0.9662097692489624
315, 6, 0.4437904953956604, 0.41208139061927795, -0.15474079549312592, 0.9705978035926819
315, 7, 0.46697625517845154, 0.41490453481674194, -0.14983202517032623, 0.9572895765304565
315, 8, 0.44133439660072327, 0.40258359909057617, -0.1509084552526474, 0.9640880227088928
315, 9, 0.4536537528038025, 0.4247012138366699, -0.1397504359483719, 0.9702185988426208
315, 10, 0.4456478953361511, 0.42103415727615356, -0.14029118418693542, 0.9753000140190125
315, 11, 0.48181670904159546, 0.4187585115432739, -0.10650811344385147, 0.9821738004684448
315, 12, 0.4218612611293793, 0.39256414771080017, -0.11479337513446808, 0.9869818091392517
315, 13, 0.49439674615859985, 0.45363926887512207, -0.06973801553249359, 0.7702251076698303
315, 14, 0.39407384395599365, 0.4203009307384491, -0.08009573817253113, 0.8110285997390747
315, 15, 0.49088701605796814, 0.5003372430801392, -0.06526751071214676, 0.8112372159957886
315, 16, 0.3810018301010132, 0.4847780764102936, -0.07505683600902557, 0.9489755630493164
315, 17, 0.4957047998905182, 0.5117429494857788, -0.07540878653526306, 0.8147729635238647
315, 18, 0.3739253878593445, 0.49954360723495483, -0.08784168213605881, 0.9595131278038025
315, 19, 0.4885879456996918, 0.508929967880249, -0.07952354103326797, 0.8254051208496094
315, 20, 0.3795554041862488, 0.4996127784252167, -0.0899057388305664, 0.9633356928825378
315, 21, 0.4850234091281891, 0.5037006139755249, -0.06679952144622803, 0.7128461599349976
315, 22, 0.3843629062175751, 0.496167927980423, -0.07589472830295563, 0.9410731196403503
315, 23, 0.4680336117744446, 0.38904136419296265, -0.0018498850986361504, 0.9964542388916016
315, 24, 0.4407590329647064, 0.37357157468795776, 0.0018815381918102503, 0.9948946237564087
315, 25, 0.4619692862033844, 0.4427430033683777, 0.0686899870634079, 0.10047692060470581
315, 26, 0.43370485305786133, 0.4280828833580017, 0.07362952083349228, 0.0758829191327095
315, 27, 0.45458346605300903, 0.44691044092178345, 0.18874114751815796, 0.12973859906196594
315, 28, 0.4361805021762848, 0.44163209199905396, 0.1908901482820511, 0.07575327903032303
315, 29, 0.45221376419067383, 0.44388991594314575, 0.20234277844429016, 0.09872420877218246
315, 30, 0.43658486008644104, 0.4409521818161011, 0.2035844773054123, 0.07120288908481598
315, 31, 0.4526730179786682, 0.4656190574169159, 0.202830508351326, 0.050632964819669724
315, 32, 0.4370114803314209, 0.460948646068573, 0.20039181411266327, 0.0395556315779686
316, 0, 0.45515137910842896, 0.42272013425827026, -0.19748452305793762, 0.9973741769790649
316, 1, 0.45910733938217163, 0.41812413930892944, -0.20659324526786804, 0.9978238344192505
316, 2, 0.46105608344078064, 0.4179495871067047, -0.2066081315279007, 0.9979839324951172
316, 3, 0.46300244331359863, 0.4176749885082245, -0.2067045271396637, 0.9976509213447571
316, 4, 0.4535791277885437, 0.4180023968219757, -0.2065393477678299, 0.9982293248176575
316, 5, 0.4518009126186371, 0.41775214672088623, -0.2065761834383011, 0.9981614947319031
316, 6, 0.4500008523464203, 0.4174257814884186, -0.20660850405693054, 0.9983152151107788
316, 7, 0.46770429611206055, 0.4123358130455017, -0.2014964371919632, 0.9959405660629272
316, 8, 0.4474250376224518, 0.40946999192237854, -0.20046932995319366, 0.9972315430641174
316, 9, 0.45792555809020996, 0.4205035865306854, -0.1896238625049591, 0.994204580783844
316, 10, 0.4518267512321472, 0.4200505018234253, -0.1895771473646164, 0.9948350191116333
316, 11, 0.4846058487892151, 0.40597090125083923, -0.15740859508514404, 0.9814289808273315
316, 12, 0.42592477798461914, 0.4040866792201996, -0.15802301466464996, 0.9883785843849182
316, 13, 0.5112521052360535, 0.4417630434036255, -0.1219959408044815, 0.9944859147071838
316, 14, 0.393132746219635, 0.4266725182533264, -0.12388032674789429, 0.9032207131385803
316, 15, 0.5211548805236816, 0.4989928901195526, -0.10562572628259659, 0.9615650773048401
316, 16, 0.37919119000434875, 0.48533251881599426, -0.11651407182216644, 0.8925697803497314
316, 17, 0.5293277502059937, 0.5118364095687866, -0.11631312221288681, 0.9275158047676086
316, 18, 0.3708372712135315, 0.4979088306427002, -0.1303987205028534, 0.8666197657585144
316, 19, 0.5238692760467529, 0.5146645307540894, -0.11826231330633163, 0.9232079386711121
316, 20, 0.37743040919303894, 0.49857398867607117, -0.12958353757858276, 0.8640585541725159
316, 21, 0.5186606645584106, 0.5086578726768494, -0.1059647649526596, 0.8018049001693726
316, 22, 0.382002592086792, 0.49400076270103455, -0.11629463732242584, 0.8011185526847839
316, 23, 0.4667281210422516, 0.387853741645813, -0.0019191090250387788, 0.9961320161819458
316, 24, 0.4408420920372009, 0.38519909977912903, 0.001876697177067399, 0.993725597858429
316, 25, 0.46312522888183594, 0.4460887610912323, 0.08293578028678894, 0.0993686243891716
316, 26, 0.4365982413291931, 0.44124776124954224, 0.0872340127825737, 0.14106084406375885
316, 27, 0.45791563391685486, 0.4560392498970032, 0.2119368016719818, 0.1503773033618927
316, 28, 0.44058480858802795, 0.4568597674369812, 0.20987895131111145, 0.10312816500663757
316, 29, 0.45506590604782104, 0.45255473256111145, 0.227218359708786, 0.11021709442138672
316, 30, 0.44016027450561523, 0.4547255337238312, 0.22387340664863586, 0.11031156778335571
316, 31, 0.46171680092811584, 0.4816257357597351, 0.23087625205516815, 0.024784868583083153
316, 32, 0.44444307684898376, 0.4808978736400604, 0.2249164879322052, 0.031924810260534286
317, 0, 0.4531475007534027, 0.4221706688404083, -0.16303780674934387, 0.9962978959083557
317, 1, 0.4564736783504486, 0.41791924834251404, -0.17241321504116058, 0.9968199729919434
317, 2, 0.4583011269569397, 0.41768965125083923, -0.17243734002113342, 0.9968234300613403
317, 3, 0.4601207673549652, 0.4173743724822998, -0.17251649498939514, 0.9967448711395264
317, 4, 0.4512285590171814, 0.41809093952178955, -0.17190490663051605, 0.997658371925354
317, 5, 0.44948750734329224, 0.41795632243156433, -0.1719326227903366, 0.9975816011428833
317, 6, 0.4477185606956482, 0.41776788234710693, -0.17197956144809723, 0.9979180693626404
317, 7, 0.4644108712673187, 0.41263559460639954, -0.17571772634983063, 0.9939188957214355
317, 8, 0.4452945590019226, 0.41116997599601746, -0.17313063144683838, 0.9962253570556641
317, 9, 0.4559940695762634, 0.42039668560028076, -0.1591993272304535, 0.9942119717597961
317, 10, 0.4501309394836426, 0.42039650678634644, -0.15856054425239563, 0.9944698810577393
317, 11, 0.47954338788986206, 0.40714237093925476, -0.14294421672821045, 0.9762536883354187
317, 12, 0.42780059576034546, 0.40938812494277954, -0.13924409449100494, 0.9777005314826965
317, 13, 0.5046189427375793, 0.44492000341415405, -0.12653614580631256, 0.996988832950592
317, 14, 0.4046364724636078, 0.43659645318984985, -0.1180008202791214, 0.5285958051681519
317, 15, 0.5253875255584717, 0.5019497275352478, -0.12976597249507904, 0.9798758029937744
317, 16, 0.3870105743408203, 0.4889668822288513, -0.11934266984462738, 0.5466065406799316
317, 17, 0.536095142364502, 0.5160143375396729, -0.14406225085258484, 0.9556499123573303
317, 18, 0.37810802459716797, 0.5020485520362854, -0.13438725471496582, 0.5475648641586304
317, 19, 0.5312617421150208, 0.5204819440841675, -0.14309363067150116, 0.951894998550415
317, 20, 0.38478559255599976, 0.503278374671936, -0.13440151512622833, 0.5476976037025452
317, 21, 0.5254768133163452, 0.513949990272522, -0.1297910362482071, 0.859450101852417
317, 22, 0.38946035504341125, 0.498527854681015, -0.1200648695230484, 0.4669632017612457
317, 23, 0.4635930061340332, 0.39426925778388977, -0.0008243635529652238, 0.9983130693435669
317, 24, 0.44054070115089417, 0.39252451062202454, 0.0007533186580985785, 0.9960395097732544
317, 25, 0.4598984122276306, 0.44625264406204224, 0.07298487424850464, 0.0523112416267395
317, 26, 0.43641534447669983, 0.4454318881034851, 0.07329190522432327, 0.0839509442448616
317, 27, 0.4560295045375824, 0.4537852704524994, 0.1858198493719101, 0.10605911165475845
317, 28, 0.4445837438106537, 0.4571671783924103, 0.18089666962623596, 0.062370285391807556
317, 29, 0.45311102271080017, 0.45031487941741943, 0.19912828505039215, 0.0724116861820221
317, 30, 0.444573312997818, 0.4546754062175751, 0.1926485151052475, 0.0772174596786499
317, 31, 0.4614306092262268, 0.47711050510406494, 0.20065608620643616, 0.025581860914826393
317, 32, 0.45013466477394104, 0.47863054275512695, 0.18958939611911774, 0.029614543542265892
318, 0, 0.44907790422439575, 0.42295393347740173, -0.15603674948215485, 0.9922154545783997
318, 1, 0.4533894658088684, 0.4168139696121216, -0.16676698625087738, 0.9931457042694092
318, 2, 0.45554018020629883, 0.4166823923587799, -0.16679206490516663, 0.9940569400787354
318, 3, 0.4576953053474426, 0.4164394438266754, -0.1668836623430252, 0.9924126267433167
318, 4, 0.4473145604133606, 0.41690322756767273, -0.1665080338716507, 0.9943525791168213
318, 5, 0.44528770446777344, 0.4167690575122833, -0.16654305160045624, 0.9953058362007141
318, 6, 0.44323110580444336, 0.4165605306625366, -0.1665951907634735, 0.9953450560569763
318, 7, 0.4626384675502777, 0.4128063917160034, -0.17349901795387268, 0.9897601008415222
318, 8, 0.4406402111053467, 0.41031989455223083, -0.17153075337409973, 0.9928433299064636
318, 9, 0.45231300592422485, 0.42255347967147827, -0.15306434035301208, 0.9887328147888184
318, 10, 0.4454520642757416, 0.42224448919296265, -0.15268854796886444, 0.9898833632469177
318, 11, 0.47927775979042053, 0.410727322101593, -0.1399044543504715, 0.9806531667709351
318, 12, 0.42082124948501587, 0.41199493408203125, -0.13888055086135864, 0.9887353777885437
318, 13, 0.5021791458129883, 0.4421602785587311, -0.10835941135883331, 0.9944047927856445
318, 14, 0.3915087580680847, 0.43401047587394714, -0.1044548898935318, 0.6571536064147949
318, 15, 0.516517162322998, 0.49033403396606445, -0.09567338973283768, 0.942557156085968
318, 16, 0.3818436563014984, 0.4892738461494446, -0.09294676780700684, 0.6889286041259766
318, 17, 0.5260640382766724, 0.5002409219741821, -0.10588182508945465, 0.9064176678657532
318, 18, 0.37436410784721375, 0.5010443329811096, -0.1036110371351242, 0.7023116946220398
318, 19, 0.5212737321853638, 0.502399206161499, -0.10606245696544647, 0.9008796215057373
318, 20, 0.38166773319244385, 0.5007868409156799, -0.10500426590442657, 0.7026181817054749
318, 21, 0.5157324075698853, 0.49760109186172485, -0.09549795091152191, 0.7386344075202942
318, 22, 0.3859604597091675, 0.49691513180732727, -0.09328742325305939, 0.6292458176612854
318, 23, 0.46383410692214966, 0.3968826234340668, -0.0005202135653235018, 0.9986453652381897
318, 24, 0.4381771683692932, 0.39458733797073364, 0.00048363316454924643, 0.9976683259010315
318, 25, 0.45829862356185913, 0.44479459524154663, 0.07644446939229965, 0.04368089884519577
318, 26, 0.432429701089859, 0.4434749186038971, 0.07666172087192535, 0.12479417026042938
318, 27, 0.4548695981502533, 0.4472857117652893, 0.1910918653011322, 0.10436040908098221
318, 28, 0.4399961829185486, 0.45117732882499695, 0.18704338371753693, 0.1106140986084938
318, 29, 0.452170193195343, 0.443218857049942, 0.2048720419406891, 0.0944991409778595
318, 30, 0.4405055642127991, 0.4475855827331543, 0.19940738379955292, 0.1664937287569046
318, 31, 0.45839643478393555, 0.4696510434150696, 0.21173802018165588, 0.00950642116367817
318, 32, 0.4431900084018707, 0.473677396774292, 0.20203416049480438, 0.018924247473478317
319, 0, 0.4488556385040283, 0.41432780027389526, -0.1615252047777176, 0.9967629909515381
319, 1, 0.4522891044616699, 0.4091304838657379, -0.17257817089557648, 0.9964542388916016
319, 2, 0.45409661531448364, 0.4092601239681244, -0.1726074516773224, 0.9964362382888794
319, 3, 0.45590490102767944, 0.4092983305454254, -0.1726844608783722, 0.9962514042854309
319, 4, 0.44704824686050415, 0.40891700983047485, -0.1718854308128357, 0.997450053691864
319, 5, 0.4452357888221741, 0.4088263213634491, -0.17192880809307098, 0.9976755976676941
319, 6, 0.4433961510658264, 0.40867874026298523, -0.17197975516319275, 0.997927188873291
319, 7, 0.4596157670021057, 0.40758782625198364, -0.18069100379943848, 0.9932003617286682
319, 8, 0.44088464975357056, 0.4047778248786926, -0.17739985883235931, 0.9970778226852417
319, 9, 0.4515461027622223, 0.41509711742401123, -0.1589457243680954, 0.9963427186012268
319, 10, 0.4455350339412689, 0.41458290815353394, -0.15818354487419128, 0.9963865280151367
319, 11, 0.4743538796901703, 0.4104763865470886, -0.14740179479122162, 0.992590069770813
319, 12, 0.4235575795173645, 0.4095573127269745, -0.14474132657051086, 0.994419276714325
319, 13, 0.49101686477661133, 0.43979209661483765, -0.12508931756019592, 0.9933106899261475
319, 14, 0.4019608497619629, 0.4287673830986023, -0.11813126504421234, 0.5557262301445007
319, 15, 0.5085901021957397, 0.4784330129623413, -0.12381553649902344, 0.9537647366523743
319, 16, 0.38870829343795776, 0.46253013610839844, -0.11308220773935318, 0.5193999409675598
319, 17, 0.5172432065010071, 0.4895174205303192, -0.1362839788198471, 0.9053084254264832
319, 18, 0.3814130425453186, 0.471990704536438, -0.12702389061450958, 0.47230345010757446
319, 19, 0.512885332107544, 0.4914420545101166, -0.13693730533123016, 0.8966497182846069
319, 20, 0.38762325048446655, 0.4718312621116638, -0.1281004101037979, 0.46617481112480164
319, 21, 0.5081592798233032, 0.4859485626220703, -0.12439791858196259, 0.7248131632804871
319, 22, 0.3918758034706116, 0.46823763847351074, -0.11399451643228531, 0.38381442427635193
319, 23, 0.4626668393611908, 0.38816213607788086, -0.001175230136141181, 0.9989913105964661
319, 24, 0.4399070739746094, 0.38737428188323975, 0.0011326202657073736, 0.9978298544883728
319, 25, 0.46134892106056213, 0.44181403517723083, 0.07544248551130295, 0.03205748647451401
319, 26, 0.4355476498603821, 0.44433730840682983, 0.07529916614294052, 0.08338253945112228
319, 27, 0.46007880568504333, 0.4487192928791046, 0.19459359347820282, 0.06311522424221039
319, 28, 0.4455563426017761, 0.45296549797058105, 0.1880389004945755, 0.06897623091936111
319, 29, 0.4573186933994293, 0.44551488757133484, 0.20869724452495575, 0.05657705292105675
319, 30, 0.4460720121860504, 0.45030081272125244, 0.2003938853740692, 0.0943901538848877
319, 31, 0.46597567200660706, 0.47157320380210876, 0.21173906326293945, 0.01099303737282753
319, 32, 0.4513016641139984, 0.4741900861263275, 0.19835121929645538, 0.0243539996445179
320, 0, 0.44917529821395874, 0.4127565026283264, -0.1746503710746765, 0.9978510141372681
320, 1, 0.45261865854263306, 0.40774425864219666, -0.18486052751541138, 0.9975519776344299
320, 2, 0.4545721411705017, 0.40762582421302795, -0.18487179279327393, 0.9975550770759583
320, 3, 0.45652303099632263, 0.40741732716560364, -0.18494176864624023, 0.99693763256073
320, 4, 0.4470638632774353, 0.4081101417541504, -0.18477502465248108, 0.9982847571372986
320, 5, 0.44521087408065796, 0.40822359919548035, -0.1848190724849701, 0.998482882976532
320, 6, 0.4433341920375824, 0.4082801938056946, -0.18486817181110382, 0.9985983967781067
320, 7, 0.460949569940567, 0.40539392828941345, -0.1879454404115677, 0.9952136278152466
320, 8, 0.44081220030784607, 0.40430212020874023, -0.1872139275074005, 0.9978694915771484
320, 9, 0.4524398446083069, 0.41327133774757385, -0.17013338208198547, 0.9955607652664185
320, 10, 0.4462171196937561, 0.4132835268974304, -0.1701277643442154, 0.9964141249656677
320, 11, 0.4778751730918884, 0.4064491391181946, -0.15029987692832947, 0.9812373518943787
320, 12, 0.4210340082645416, 0.4112321734428406, -0.15011321008205414, 0.992368757724762
320, 13, 0.4970865845680237, 0.4420081377029419, -0.12322218716144562, 0.9932352900505066
320, 14, 0.3962177634239197, 0.4416985511779785, -0.12200301885604858, 0.6620969176292419
320, 15, 0.5126177072525024, 0.48942217230796814, -0.1130833849310875, 0.9661538004875183
320, 16, 0.38177645206451416, 0.4855133593082428, -0.1130748987197876, 0.709538459777832
320, 17, 0.5213592648506165, 0.5008346438407898, -0.12400390207767487, 0.9256924986839294
320, 18, 0.374186635017395, 0.49730241298675537, -0.1253119856119156, 0.6761512160301208
320, 19, 0.5165590643882751, 0.5031941533088684, -0.12423829734325409, 0.9206368327140808
320, 20, 0.38115185499191284, 0.4951987862586975, -0.12591266632080078, 0.6760111451148987
320, 21, 0.5115299224853516, 0.4977019727230072, -0.11323972046375275, 0.7866500616073608
320, 22, 0.3854534924030304, 0.4907315969467163, -0.11337437480688095, 0.5810022950172424
320, 23, 0.46327972412109375, 0.39235296845436096, -0.0027578503359109163, 0.9985686540603638
320, 24, 0.4379403591156006, 0.3917505145072937, 0.0026673830579966307, 0.9976624250411987
320, 25, 0.459629625082016, 0.4473283886909485, 0.07157604396343231, 0.048810865730047226
320, 26, 0.4324257969856262, 0.44668883085250854, 0.0737881287932396, 0.13612383604049683
320, 27, 0.45967918634414673, 0.4551428556442261, 0.1860833764076233, 0.07662912458181381
320, 28, 0.4438318610191345, 0.4578302204608917, 0.18162745237350464, 0.0866990014910698
320, 29, 0.45742836594581604, 0.452862411737442, 0.19963239133358002, 0.05781465023756027
320, 30, 0.4448540210723877, 0.45534151792526245, 0.19363026320934296, 0.10939377546310425
320, 31, 0.4652847647666931, 0.47678342461586, 0.2033466398715973, 0.01415772270411253
320, 32, 0.44978252053260803, 0.4801327586174011, 0.1931452751159668, 0.028816817328333855
321, 0, 0.4495270252227783, 0.42573434114456177, -0.16338911652565002, 0.992809534072876
321, 1, 0.4539051651954651, 0.4199445843696594, -0.17408141493797302, 0.9930464625358582
321, 2, 0.456077516078949, 0.4199588894844055, -0.17410103976726532, 0.9936913251876831
321, 3, 0.45825234055519104, 0.41986072063446045, -0.17418770492076874, 0.9920833110809326
321, 4, 0.4476732611656189, 0.41943657398223877, -0.1734296679496765, 0.9944869875907898
321, 5, 0.4456014037132263, 0.41906318068504333, -0.17346614599227905, 0.9951785802841187
321, 6, 0.4435012936592102, 0.4186118543148041, -0.17351879179477692, 0.9954338669776917
321, 7, 0.4632590413093567, 0.41561004519462585, -0.17993900179862976, 0.9886399507522583
321, 8, 0.44075584411621094, 0.4111332297325134, -0.17628023028373718, 0.9930247068405151
321, 9, 0.45275363326072693, 0.4249418377876282, -0.1600811928510666, 0.9897762537002563
321, 10, 0.4457573890686035, 0.4240954518318176, -0.15924373269081116, 0.990965723991394
321, 11, 0.48001617193222046, 0.41328519582748413, -0.1447763293981552, 0.9788464307785034
321, 12, 0.421400249004364, 0.4091387391090393, -0.1418083906173706, 0.9899774789810181
321, 13, 0.5021851658821106, 0.4487106204032898, -0.1135379821062088, 0.9934422969818115
321, 14, 0.39650774002075195, 0.43386396765708923, -0.10907727479934692, 0.7597445249557495
321, 15, 0.5156146287918091, 0.49951881170272827, -0.10025135427713394, 0.9503146409988403
321, 16, 0.3808494806289673, 0.4867320954799652, -0.10071791708469391, 0.8066081404685974
321, 17, 0.5250635147094727, 0.5105295181274414, -0.1109144538640976, 0.9189578890800476
321, 18, 0.37324729561805725, 0.4981319308280945, -0.11258842796087265, 0.7981389760971069
321, 19, 0.5200419425964355, 0.5117177963256836, -0.11152051389217377, 0.9142582416534424
321, 20, 0.38019004464149475, 0.49835798144340515, -0.1140320673584938, 0.7942638397216797
321, 21, 0.5144997239112854, 0.5063443183898926, -0.10022451728582382, 0.7683936953544617
321, 22, 0.38453465700149536, 0.49471381306648254, -0.10132305324077606, 0.7351052761077881
321, 23, 0.46533721685409546, 0.39243951439857483, -0.00034167879493907094, 0.9973426461219788
321, 24, 0.43965792655944824, 0.3883506655693054, 0.0003120963228866458, 0.9957349300384521
321, 25, 0.45932310819625854, 0.4462500214576721, 0.07399624586105347, 0.05684236064553261
321, 26, 0.43381911516189575, 0.4427589476108551, 0.074334517121315, 0.13071946799755096
321, 27, 0.4547056555747986, 0.4532478451728821, 0.18978483974933624, 0.11796404421329498
321, 28, 0.43897348642349243, 0.45617371797561646, 0.18574237823486328, 0.10596350580453873
321, 29, 0.45192474126815796, 0.44951528310775757, 0.2034728080034256, 0.10227720439434052
321, 30, 0.43904250860214233, 0.45381519198417664, 0.1981501579284668, 0.13833284378051758
321, 31, 0.4573318362236023, 0.47700995206832886, 0.20741307735443115, 0.012743184342980385
321, 32, 0.4419541358947754, 0.4792855978012085, 0.19822350144386292, 0.02205093391239643
322, 0, 0.44978731870651245, 0.42334577441215515, -0.16004864871501923, 0.9937739372253418
322, 1, 0.45450878143310547, 0.416503369808197, -0.1679658442735672, 0.9946534633636475
322, 2, 0.45702463388442993, 0.416952520608902, -0.1679607480764389, 0.9949830770492554
322, 3, 0.4595469832420349, 0.4173342287540436, -0.16801100969314575, 0.9940295219421387
322, 4, 0.4475289285182953, 0.4143625795841217, -0.16837003827095032, 0.9949697852134705
322, 5, 0.4452095031738281, 0.41342848539352417, -0.1683933138847351, 0.9950062036514282
322, 6, 0.44288045167922974, 0.412466824054718, -0.1684294193983078, 0.9954984188079834
322, 7, 0.4659108519554138, 0.41200247406959534, -0.1619933396577835, 0.9904178977012634
322, 8, 0.440486341714859, 0.4028956890106201, -0.16367389261722565, 0.9934301972389221
322, 9, 0.4543781876564026, 0.42376378178596497, -0.153151735663414, 0.9931632280349731
322, 10, 0.4464925229549408, 0.4213094115257263, -0.15374980866909027, 0.9942254424095154
322, 11, 0.48431891202926636, 0.41461294889450073, -0.11858353763818741, 0.989304780960083
322, 12, 0.4231949746608734, 0.3935065269470215, -0.12398041784763336, 0.9913830161094666
322, 13, 0.5034703612327576, 0.45572665333747864, -0.09119029343128204, 0.9441752433776855
322, 14, 0.39652934670448303, 0.424187034368515, -0.09969744831323624, 0.8515332937240601
322, 15, 0.5038420557975769, 0.5060960054397583, -0.09714397042989731, 0.9517080783843994
322, 16, 0.3827821612358093, 0.490101158618927, -0.09781007468700409, 0.9395506381988525
322, 17, 0.5095058083534241, 0.5182678699493408, -0.11070378124713898, 0.9337034821510315
322, 18, 0.37310609221458435, 0.502622127532959, -0.11109589040279388, 0.9407609105110168
322, 19, 0.502007246017456, 0.5163038969039917, -0.113322913646698, 0.9380115270614624
322, 20, 0.3816130459308624, 0.5046151280403137, -0.11346353590488434, 0.9472185373306274
322, 21, 0.49822109937667847, 0.5112787485122681, -0.0986935943365097, 0.8783891201019287
322, 22, 0.3865370750427246, 0.5012403726577759, -0.09901829063892365, 0.9222126603126526
322, 23, 0.4701925218105316, 0.3833410441875458, 0.00045180629240348935, 0.9960991144180298
322, 24, 0.4419504702091217, 0.368937611579895, -0.0004961946979165077, 0.994925856590271
322, 25, 0.46483319997787476, 0.44476497173309326, 0.07490649819374084, 0.07275353372097015
322, 26, 0.43281427025794983, 0.43795156478881836, 0.06968093663454056, 0.10726229101419449
322, 27, 0.45679205656051636, 0.44989585876464844, 0.19791436195373535, 0.10689248144626617
322, 28, 0.43853721022605896, 0.446108341217041, 0.19123491644859314, 0.07465770095586777
322, 29, 0.4542608857154846, 0.44718503952026367, 0.2114594429731369, 0.06946708261966705
322, 30, 0.4394311010837555, 0.4446675479412079, 0.2043960988521576, 0.060649555176496506
322, 31, 0.455577552318573, 0.4688771665096283, 0.2096438854932785, 0.07140795886516571
322, 32, 0.439574658870697, 0.46377208828926086, 0.20078155398368835, 0.05764520540833473
323, 0, 0.4518860876560211, 0.4246390163898468, -0.19373522698879242, 0.9921082854270935
323, 1, 0.45591220259666443, 0.41810497641563416, -0.2022818624973297, 0.9922852516174316
323, 2, 0.45828598737716675, 0.4182800352573395, -0.2022767961025238, 0.9926930665969849
323, 3, 0.46459299325942993, 0.4289402365684509, -0.20233359932899475, 0.9913430213928223
323, 4, 0.4493234157562256, 0.41666510701179504, -0.20240041613578796, 0.9935310482978821
323, 5, 0.4471460282802582, 0.4159531593322754, -0.2024371325969696, 0.9934942126274109
323, 6, 0.44495946168899536, 0.41522860527038574, -0.20247642695903778, 0.993948221206665
323, 7, 0.4666832387447357, 0.4119756519794464, -0.194437637925148, 0.9806500673294067
323, 8, 0.4424007534980774, 0.4055223762989044, -0.19487451016902924, 0.9893025755882263
323, 9, 0.4563816487789154, 0.4240676164627075, -0.18549327552318573, 0.9860246777534485
323, 10, 0.4489784836769104, 0.422376811504364, -0.18574602901935577, 0.9883216023445129
323, 11, 0.48661860823631287, 0.41191530227661133, -0.14534473419189453, 0.97197026014328
323, 12, 0.42416754364967346, 0.3961843252182007, -0.1504995971918106, 0.98164302110672
323, 13, 0.5087390542030334, 0.45488440990448, -0.11837758868932724, 0.9629441499710083
323, 14, 0.39598625898361206, 0.4241444766521454, -0.12641388177871704, 0.8474907279014587
323, 15, 0.5141867995262146, 0.5123188495635986, -0.12324969470500946, 0.9664262533187866
323, 16, 0.3836003541946411, 0.4945656955242157, -0.12789295613765717, 0.9277312159538269
323, 17, 0.5214320421218872, 0.5255155563354492, -0.1385706663131714, 0.945684552192688
323, 18, 0.3739624619483948, 0.5084241032600403, -0.14429765939712524, 0.924511194229126
323, 19, 0.5139181017875671, 0.5253190994262695, -0.1417451649904251, 0.9478724598884583
323, 20, 0.38275301456451416, 0.5096995234489441, -0.14682185649871826, 0.933610737323761
323, 21, 0.509381115436554, 0.5198426246643066, -0.12508225440979004, 0.893825888633728
323, 22, 0.38777199387550354, 0.5053061246871948, -0.12947173416614532, 0.9031731486320496
323, 23, 0.4722144603729248, 0.38064906001091003, 0.0009023338789120317, 0.9917317032814026
323, 24, 0.4429832100868225, 0.3697749972343445, -0.000980186858214438, 0.9888899326324463
323, 25, 0.46629220247268677, 0.44589173793792725, 0.08024812489748001, 0.04957319051027298
323, 26, 0.4336841106414795, 0.44520729780197144, 0.07712768763303757, 0.09824053198099136
323, 27, 0.45616793632507324, 0.45381900668144226, 0.2159094512462616, 0.05985813960433006
323, 28, 0.4364977478981018, 0.45144927501678467, 0.20727753639221191, 0.046147122979164124
323, 29, 0.45293623208999634, 0.4511869549751282, 0.23092179000377655, 0.03770483285188675
323, 30, 0.43638744950294495, 0.4504219591617584, 0.22154304385185242, 0.03818250447511673
323, 31, 0.4565064311027527, 0.47601035237312317, 0.22701029479503632, 0.05703962594270706
323, 32, 0.4385523200035095, 0.47197264432907104, 0.2156657874584198, 0.04685034230351448
324, 0, 0.45146995782852173, 0.42484280467033386, -0.198525071144104, 0.991664707660675
324, 1, 0.4561777710914612, 0.4198354482650757, -0.20669987797737122, 0.9915651082992554
324, 2, 0.45850619673728943, 0.42023223638534546, -0.20670807361602783, 0.9915903210639954
324, 3, 0.4608353078365326, 0.4205622375011444, -0.2067687064409256, 0.988889217376709
324, 4, 0.4496340751647949, 0.41800883412361145, -0.20685641467571259, 0.9937706589698792
324, 5, 0.44752320647239685, 0.4172482490539551, -0.2069021761417389, 0.9939707517623901
324, 6, 0.44539618492126465, 0.4164605140686035, -0.20695166289806366, 0.994519054889679
324, 7, 0.4668079912662506, 0.41558027267456055, -0.19712485373020172, 0.9794872403144836
324, 8, 0.4428477883338928, 0.4075322151184082, -0.1973896473646164, 0.992393970489502
324, 9, 0.45531925559043884, 0.4244045317173004, -0.189431831240654, 0.9876061081886292
324, 10, 0.4481613039970398, 0.4221527576446533, -0.18967056274414062, 0.991326630115509
324, 11, 0.4845760464668274, 0.4157613217830658, -0.14425599575042725, 0.9715291261672974
324, 12, 0.4218493402004242, 0.3973539471626282, -0.1514560431241989, 0.990168571472168
324, 13, 0.5042253732681274, 0.4516187012195587, -0.10990498214960098, 0.9277469515800476
324, 14, 0.39298832416534424, 0.423209011554718, -0.1194436177611351, 0.8733760118484497
324, 15, 0.5074462890625, 0.5028056502342224, -0.10626532137393951, 0.9331624507904053
324, 16, 0.3828739821910858, 0.4861820936203003, -0.11566339433193207, 0.9502553343772888
324, 17, 0.5141311287879944, 0.5145676136016846, -0.1195845827460289, 0.9095352292060852
324, 18, 0.37456193566322327, 0.4983292818069458, -0.13107264041900635, 0.9478361010551453
324, 19, 0.5073190331459045, 0.5143334269523621, -0.12384600937366486, 0.909776508808136
324, 20, 0.38239869475364685, 0.4991381764411926, -0.13384953141212463, 0.9516662955284119
324, 21, 0.5030049681663513, 0.5089725255966187, -0.10825487226247787, 0.8276336193084717
324, 22, 0.38698312640190125, 0.4950311481952667, -0.11704584211111069, 0.9274263978004456
324, 23, 0.46942242980003357, 0.3867718577384949, -0.0007573619368486106, 0.9950816631317139
324, 24, 0.4412198066711426, 0.3745737373828888, 0.0007142770336940885, 0.9938510656356812
324, 25, 0.462256520986557, 0.44905805587768555, 0.07849825173616409, 0.07292957603931427
324, 26, 0.43162697553634644, 0.4416678547859192, 0.07649704813957214, 0.12590618431568146
324, 27, 0.4548422694206238, 0.45419374108314514, 0.21321329474449158, 0.0943451002240181
324, 28, 0.43647852540016174, 0.44940438866615295, 0.20702266693115234, 0.06591452658176422
324, 29, 0.4523025453090668, 0.45038262009620667, 0.22839638590812683, 0.06505469977855682
324, 30, 0.4366843104362488, 0.44738438725471497, 0.22132840752601624, 0.05374421551823616
324, 31, 0.4537506699562073, 0.47576725482940674, 0.2272244393825531, 0.06376225501298904
324, 32, 0.43826302886009216, 0.4678020179271698, 0.21684741973876953, 0.047674547880887985
325, 0, 0.44866329431533813, 0.4219872057437897, -0.18678951263427734, 0.9876437187194824
325, 1, 0.45329684019088745, 0.41621291637420654, -0.19537055492401123, 0.9889050722122192
325, 2, 0.45563656091690063, 0.41658470034599304, -0.19537821412086487, 0.9896786212921143
325, 3, 0.45797985792160034, 0.41687101125717163, -0.1954469233751297, 0.9861100912094116
325, 4, 0.44678157567977905, 0.41439956426620483, -0.19571122527122498, 0.9909427762031555
325, 5, 0.4446912407875061, 0.4136013388633728, -0.1957525908946991, 0.9913780689239502
325, 6, 0.44258326292037964, 0.4127589762210846, -0.1957978755235672, 0.991908848285675
325, 7, 0.4641755223274231, 0.4117782711982727, -0.1880941241979599, 0.9770564436912537
325, 8, 0.440380334854126, 0.4035641551017761, -0.18903851509094238, 0.9890323877334595
325, 9, 0.45272165536880493, 0.4217842221260071, -0.17852069437503815, 0.9817279577255249
325, 10, 0.4455026686191559, 0.4196597635746002, -0.17898467183113098, 0.9858560562133789
325, 11, 0.4834228456020355, 0.41252103447914124, -0.13878756761550903, 0.9719852805137634
325, 12, 0.4215066432952881, 0.39428067207336426, -0.14540566504001617, 0.9865856170654297
325, 13, 0.5058838129043579, 0.45017847418785095, -0.10312166064977646, 0.9433671832084656
325, 14, 0.39492547512054443, 0.4197452664375305, -0.11180596053600311, 0.8505544066429138
325, 15, 0.5093381404876709, 0.5026258230209351, -0.09601516276597977, 0.9429081678390503
325, 16, 0.3812132477760315, 0.4872637987136841, -0.10158798843622208, 0.9392048716545105
325, 17, 0.516075611114502, 0.5148158669471741, -0.10826633125543594, 0.9274992346763611
325, 18, 0.37224793434143066, 0.49996811151504517, -0.11459095776081085, 0.9406989812850952
325, 19, 0.5093618631362915, 0.5141130685806274, -0.11126600205898285, 0.9292422533035278
325, 20, 0.3800143003463745, 0.5011106729507446, -0.1165219098329544, 0.9443408250808716
325, 21, 0.5049951672554016, 0.5087350606918335, -0.09728890657424927, 0.8478052020072937
325, 22, 0.3847261667251587, 0.4973081946372986, -0.10232213884592056, 0.9157599806785583
325, 23, 0.46949321031570435, 0.38089022040367126, 0.00026197638362646103, 0.9939066767692566
325, 24, 0.4416657090187073, 0.36941948533058167, -0.00028539684717543423, 0.9921461939811707
325, 25, 0.46379202604293823, 0.4418262839317322, 0.07865922152996063, 0.06383108347654343
325, 26, 0.43484336137771606, 0.4341798424720764, 0.07790835201740265, 0.11272267997264862
325, 27, 0.45624154806137085, 0.4479154348373413, 0.20999154448509216, 0.09251881390810013
325, 28, 0.4376562237739563, 0.4449852705001831, 0.20450548827648163, 0.06771954149007797
325, 29, 0.45355135202407837, 0.4447179436683655, 0.224935382604599, 0.0692441314458847
325, 30, 0.4374150335788727, 0.4437377452850342, 0.21865887939929962, 0.061674557626247406
325, 31, 0.4553908705711365, 0.4691604673862457, 0.22527924180030823, 0.039854638278484344
325, 32, 0.43920010328292847, 0.4636555016040802, 0.21609024703502655, 0.03535744547843933
326, 0, 0.44984665513038635, 0.4212516248226166, -0.1949656754732132, 0.9825551509857178
326, 1, 0.45414218306541443, 0.41495561599731445, -0.20247378945350647, 0.9832725524902344
326, 2, 0.4564935266971588, 0.4152809977531433, -0.20246434211730957, 0.9828003644943237
326, 3, 0.45884472131729126, 0.41554969549179077, -0.2025110274553299, 0.9805724620819092
326, 4, 0.44751089811325073, 0.4132523536682129, -0.20263633131980896, 0.9858043193817139
326, 5, 0.4453047811985016, 0.41251128911972046, -0.20267173647880554, 0.9853218793869019
326, 6, 0.44309085607528687, 0.41176456212997437, -0.2027176320552826, 0.98785400390625
326, 7, 0.46446627378463745, 0.4100012183189392, -0.18962456285953522, 0.9613532423973083
326, 8, 0.44022640585899353, 0.40292200446128845, -0.19004879891872406, 0.9800950288772583
326, 9, 0.4539484977722168, 0.42139577865600586, -0.18499208986759186, 0.979516327381134
326, 10, 0.44655904173851013, 0.4193277060985565, -0.18528206646442413, 0.9841431379318237
326, 11, 0.4817662239074707, 0.41285061836242676, -0.1368420422077179, 0.9747217893600464
326, 12, 0.4215046763420105, 0.3949260413646698, -0.14307814836502075, 0.988867461681366
326, 13, 0.49732622504234314, 0.45004716515541077, -0.1068122610449791, 0.8327999114990234
326, 14, 0.39283034205436707, 0.4282597303390503, -0.11944697052240372, 0.8470752835273743
326, 15, 0.49698179960250854, 0.4985817074775696, -0.11451051384210587, 0.8921300768852234
326, 16, 0.3836953043937683, 0.4915478527545929, -0.12768888473510742, 0.9459222555160522
326, 17, 0.5025564432144165, 0.5098012685775757, -0.12958472967147827, 0.863423228263855
326, 18, 0.3748696744441986, 0.504321813583374, -0.14526976644992828, 0.9423198699951172
326, 19, 0.49504464864730835, 0.5081607699394226, -0.13457998633384705, 0.8689891695976257
326, 20, 0.3831137418746948, 0.5053149461746216, -0.14828316867351532, 0.9478498697280884
326, 21, 0.49128618836402893, 0.5035524368286133, -0.11718057096004486, 0.7827011346817017
326, 22, 0.387807697057724, 0.5012115240097046, -0.12964564561843872, 0.9193750619888306
326, 23, 0.4688042104244232, 0.37854140996932983, -0.0005350860883481801, 0.9915468096733093
326, 24, 0.44081631302833557, 0.3665074110031128, 0.0004677202960010618, 0.9916872382164001
326, 25, 0.46253958344459534, 0.4419224262237549, 0.07908760011196136, 0.04954107478260994
326, 26, 0.431035578250885, 0.435531347990036, 0.07474487274885178, 0.08488203585147858
326, 27, 0.45367375016212463, 0.4500718414783478, 0.21339397132396698, 0.05936838313937187
326, 28, 0.43625521659851074, 0.44366392493247986, 0.20562079548835754, 0.04617266356945038
326, 29, 0.4511900842189789, 0.4479231834411621, 0.22798022627830505, 0.03989582136273384
326, 30, 0.4371701180934906, 0.44279593229293823, 0.21982979774475098, 0.03308233991265297
326, 31, 0.45161867141723633, 0.468974232673645, 0.22233808040618896, 0.06592083722352982
326, 32, 0.4370591640472412, 0.45943138003349304, 0.2124437838792801, 0.0479581244289875
327, 0, 0.4503735601902008, 0.4108266234397888, -0.1764737069606781, 0.9955365657806396
327, 1, 0.4538513720035553, 0.4069046974182129, -0.18512876331806183, 0.9952877759933472
327, 2, 0.4557201862335205, 0.4069449007511139, -0.18513981997966766, 0.9945479035377502
327, 3, 0.4575856626033783, 0.4069175720214844, -0.18519213795661926, 0.9935137033462524
327, 4, 0.4485638737678528, 0.4066835641860962, -0.18558694422245026, 0.9969165325164795
327, 5, 0.4467940330505371, 0.40663936734199524, -0.18562445044517517, 0.9966548681259155
327, 6, 0.44500789046287537, 0.40654611587524414, -0.18567928671836853, 0.9970752000808716
327, 7, 0.4621291756629944, 0.40487051010131836, -0.1820884346961975, 0.990312933921814
327, 8, 0.44272318482398987, 0.4019455015659332, -0.18362633883953094, 0.9956415891647339
327, 9, 0.45360302925109863, 0.4106929898262024, -0.17008377611637115, 0.9919387698173523
327, 10, 0.4476196765899658, 0.4102727770805359, -0.1707356721162796, 0.9940212368965149
327, 11, 0.47734013199806213, 0.40603509545326233, -0.1422322392463684, 0.9846371412277222
327, 12, 0.42338138818740845, 0.40316349267959595, -0.14243899285793304, 0.9928064346313477
327, 13, 0.4981805682182312, 0.44200950860977173, -0.11449937522411346, 0.9834963083267212
327, 14, 0.3977159559726715, 0.42962464690208435, -0.11342344433069229, 0.6381433010101318
327, 15, 0.5095627307891846, 0.48599594831466675, -0.10529108345508575, 0.9427101016044617
327, 16, 0.3823688328266144, 0.4741317629814148, -0.10151688754558563, 0.7372000813484192
327, 17, 0.5178613066673279, 0.49572762846946716, -0.1151234358549118, 0.9003516435623169
327, 18, 0.37532979249954224, 0.48479533195495605, -0.11232024431228638, 0.7302914261817932
327, 19, 0.513532280921936, 0.4982847571372986, -0.11603877693414688, 0.8974992036819458
327, 20, 0.3818734586238861, 0.4842028021812439, -0.11270606517791748, 0.7315137386322021
327, 21, 0.5086681246757507, 0.4934696555137634, -0.1053977981209755, 0.7662924528121948
327, 22, 0.3857662081718445, 0.48010602593421936, -0.1015908345580101, 0.6464099287986755
327, 23, 0.46310657262802124, 0.3896774351596832, -0.00378815527074039, 0.998674750328064
327, 24, 0.4404482841491699, 0.38626179099082947, 0.0036780755035579205, 0.9982024431228638
327, 25, 0.461059033870697, 0.44532597064971924, 0.07092349231243134, 0.06624012440443039
327, 26, 0.44011932611465454, 0.4418941140174866, 0.07264643162488937, 0.10714339464902878
327, 27, 0.4584251046180725, 0.4606892764568329, 0.1775563806295395, 0.14049707353115082
327, 28, 0.4547646939754486, 0.4630819857120514, 0.17335347831249237, 0.11952537298202515
327, 29, 0.456352174282074, 0.4583876430988312, 0.19003728032112122, 0.10392680019140244
327, 30, 0.456550657749176, 0.4613826274871826, 0.18447597324848175, 0.12930311262607574
327, 31, 0.46214956045150757, 0.48463326692581177, 0.19209876656532288, 0.04282788187265396
327, 32, 0.46177762746810913, 0.48847833275794983, 0.18222080171108246, 0.05347486957907677
328, 0, 0.4481908679008484, 0.4206351339817047, -0.17069615423679352, 0.9876238107681274
328, 1, 0.45181822776794434, 0.4170922040939331, -0.1803903877735138, 0.9862455129623413
328, 2, 0.4537266790866852, 0.41719961166381836, -0.18041174113750458, 0.9865610003471375
328, 3, 0.45563822984695435, 0.4172177314758301, -0.1804811954498291, 0.9840505719184875
328, 4, 0.4463692605495453, 0.4163324236869812, -0.18005360662937164, 0.9898591637611389
328, 5, 0.44457903504371643, 0.41594091057777405, -0.18009276688098907, 0.990053117275238
328, 6, 0.4427647590637207, 0.4154866635799408, -0.18015284836292267, 0.9911683797836304
328, 7, 0.4604688584804535, 0.41349634528160095, -0.1827644407749176, 0.9726091623306274
328, 8, 0.4406326413154602, 0.4084385633468628, -0.18050923943519592, 0.9825356006622314
328, 9, 0.45141154527664185, 0.41936641931533813, -0.16626012325286865, 0.9732577800750732
328, 10, 0.4453621506690979, 0.4183443784713745, -0.1657833606004715, 0.976527988910675
328, 11, 0.4773789346218109, 0.40988948941230774, -0.1462607979774475, 0.9583827257156372
328, 12, 0.42203959822654724, 0.4047691226005554, -0.1442878097295761, 0.9797430634498596
328, 13, 0.5004988312721252, 0.4474732577800751, -0.11824718862771988, 0.9875002503395081
328, 14, 0.39623647928237915, 0.4288291037082672, -0.11913031339645386, 0.7352543473243713
328, 15, 0.5130057334899902, 0.4962939918041229, -0.107163205742836, 0.9505642652511597
328, 16, 0.37959277629852295, 0.4783462882041931, -0.11522265523672104, 0.8309023380279541
328, 17, 0.5215016007423401, 0.5074784159660339, -0.11845026910305023, 0.9199506044387817
328, 18, 0.37205013632774353, 0.49012884497642517, -0.12826581299304962, 0.8215375542640686
328, 19, 0.5170305967330933, 0.5095083713531494, -0.11964200437068939, 0.9176945090293884
328, 20, 0.3787440359592438, 0.49039068818092346, -0.12982837855815887, 0.8218640685081482
328, 21, 0.5119842886924744, 0.5038712024688721, -0.1075270026922226, 0.7946418523788452
328, 22, 0.3828715682029724, 0.48605650663375854, -0.11613239347934723, 0.7582868337631226
328, 23, 0.46392422914505005, 0.388222873210907, -0.0019950824789702892, 0.9966615438461304
328, 24, 0.44000664353370667, 0.3844563066959381, 0.0019211698090657592, 0.9949225783348083
328, 25, 0.4596870541572571, 0.4417230486869812, 0.07158782333135605, 0.05057934671640396
328, 26, 0.43503960967063904, 0.43862831592559814, 0.07226906716823578, 0.09858280420303345
328, 27, 0.45608797669410706, 0.4554119110107422, 0.1792650669813156, 0.10936486721038818
328, 28, 0.44356828927993774, 0.4552304446697235, 0.17693237960338593, 0.08328808099031448
328, 29, 0.4538823664188385, 0.45277291536331177, 0.19185881316661835, 0.0909355953335762
328, 30, 0.4442783296108246, 0.45306941866874695, 0.18859438598155975, 0.10338006168603897
328, 31, 0.4593731462955475, 0.48020079731941223, 0.19320476055145264, 0.02295096032321453
328, 32, 0.44850364327430725, 0.4789775013923645, 0.1869453340768814, 0.03103271685540676
329, 0, 0.4478587210178375, 0.4159739911556244, -0.15775980055332184, 0.9922316074371338
329, 1, 0.4526026248931885, 0.41146549582481384, -0.16872791945934296, 0.9920921921730042
329, 2, 0.4547916352748871, 0.41181501746177673, -0.16874581575393677, 0.9927994012832642
329, 3, 0.4569873809814453, 0.41206568479537964, -0.16882699728012085, 0.9900367259979248
329, 4, 0.4463404715061188, 0.4103547930717468, -0.16852697730064392, 0.9934157133102417
329, 5, 0.4442714750766754, 0.4099217355251312, -0.1685652881860733, 0.9943867921829224
329, 6, 0.44217848777770996, 0.40940797328948975, -0.16861750185489655, 0.9945384860038757
329, 7, 0.4620819687843323, 0.40985843539237976, -0.17532184720039368, 0.9884436726570129
329, 8, 0.4395599961280823, 0.40331822633743286, -0.1735289841890335, 0.9918105006217957
329, 9, 0.4509398341178894, 0.4164189100265503, -0.15461058914661407, 0.9888323545455933
329, 10, 0.44398850202560425, 0.4148896038532257, -0.15429605543613434, 0.9910454154014587
329, 11, 0.4783114790916443, 0.410793274641037, -0.138859823346138, 0.9837659001350403
329, 12, 0.4195733964443207, 0.4016677141189575, -0.1389283835887909, 0.9944167137145996
329, 13, 0.4987507462501526, 0.44216054677963257, -0.10195612907409668, 0.9811660647392273
329, 14, 0.3949095904827118, 0.425353467464447, -0.10518179833889008, 0.810215175151825
329, 15, 0.506676197052002, 0.48259612917900085, -0.0808883085846901, 0.8849280476570129
329, 16, 0.3802242875099182, 0.47519540786743164, -0.09352108091115952, 0.8722751140594482
329, 17, 0.5142396688461304, 0.4912564158439636, -0.08862882852554321, 0.8354580402374268
329, 18, 0.3731846809387207, 0.4849695563316345, -0.10286132991313934, 0.8693860769271851
329, 19, 0.5093753933906555, 0.4907286465167999, -0.08992181718349457, 0.8295422196388245
329, 20, 0.3801114857196808, 0.48526737093925476, -0.10485265403985977, 0.8693907856941223
329, 21, 0.5046223998069763, 0.48621928691864014, -0.08081286400556564, 0.6433121562004089
329, 22, 0.38416895270347595, 0.48229289054870605, -0.09391419589519501, 0.8205707669258118
329, 23, 0.4645172953605652, 0.39205172657966614, -0.0014902350958436728, 0.9987667798995972
329, 24, 0.4388551712036133, 0.3858158588409424, 0.0014834253815934062, 0.9984633922576904
329, 25, 0.4581936299800873, 0.43992915749549866, 0.07356312870979309, 0.06282810866832733
329, 26, 0.43168550729751587, 0.43393054604530334, 0.07573901116847992, 0.13366730511188507
329, 27, 0.4526820778846741, 0.4452909231185913, 0.1858394742012024, 0.12222111225128174
329, 28, 0.4390544295310974, 0.4475403130054474, 0.1848820298910141, 0.1303454041481018
329, 29, 0.4501599669456482, 0.4416270852088928, 0.1991008222103119, 0.11480072885751724
329, 30, 0.43980544805526733, 0.44511666893959045, 0.19709613919258118, 0.16664263606071472
329, 31, 0.45405665040016174, 0.46724769473075867, 0.2050844132900238, 0.014983117580413818
329, 32, 0.44209399819374084, 0.47044453024864197, 0.1985088437795639, 0.027326686307787895
330, 0, 0.44871529936790466, 0.4119872748851776, -0.17597082257270813, 0.9913452863693237
330, 1, 0.4518718123435974, 0.40857619047164917, -0.18458124995231628, 0.9897038340568542
330, 2, 0.4536990523338318, 0.4085336923599243, -0.1845967024564743, 0.9894803762435913
330, 3, 0.455523818731308, 0.4084140658378601, -0.1846519112586975, 0.9859676957130432
330, 4, 0.446687787771225, 0.40834856033325195, -0.18458010256290436, 0.9930451512336731
330, 5, 0.4450048804283142, 0.40821078419685364, -0.18461859226226807, 0.9934624433517456
330, 6, 0.44330650568008423, 0.40802115201950073, -0.18467546999454498, 0.9940831065177917
330, 7, 0.46024179458618164, 0.4056263267993927, -0.1806807816028595, 0.9789049029350281
330, 8, 0.44129452109336853, 0.4025556445121765, -0.18015414476394653, 0.9902862906455994
330, 9, 0.4520753026008606, 0.41125962138175964, -0.16913454234600067, 0.9785606265068054
330, 10, 0.44633132219314575, 0.4107937812805176, -0.1691184788942337, 0.9840067028999329
330, 11, 0.4766244888305664, 0.40453431010246277, -0.13877680897712708, 0.9551382660865784
330, 12, 0.4231230616569519, 0.402479887008667, -0.14162644743919373, 0.9836964011192322
330, 13, 0.49759215116500854, 0.44346728920936584, -0.11431990563869476, 0.9804428219795227
330, 14, 0.3965446650981903, 0.43139564990997314, -0.11703904718160629, 0.6245701313018799
330, 15, 0.5101808905601501, 0.4888548254966736, -0.1095622330904007, 0.9461036324501038
330, 16, 0.3809061348438263, 0.47739821672439575, -0.11274303495883942, 0.7753533124923706
330, 17, 0.5186142325401306, 0.4993716776371002, -0.12045041471719742, 0.908662736415863
330, 18, 0.37334364652633667, 0.48863551020622253, -0.12497367709875107, 0.7758795022964478
330, 19, 0.5137832164764404, 0.5013582706451416, -0.1211208924651146, 0.9035844802856445
330, 20, 0.38038164377212524, 0.48792827129364014, -0.12569911777973175, 0.780051589012146
330, 21, 0.5090163350105286, 0.4960196316242218, -0.10984896123409271, 0.7680898308753967
330, 22, 0.3844916820526123, 0.48354339599609375, -0.11314110457897186, 0.6971972584724426
330, 23, 0.4620346128940582, 0.3887636065483093, -0.002199306385591626, 0.9963846206665039
330, 24, 0.43945059180259705, 0.3852517306804657, 0.0020864407997578382, 0.9947123527526855
330, 25, 0.45586806535720825, 0.4377906024456024, 0.0700233057141304, 0.03087417036294937
330, 26, 0.4319544732570648, 0.4361797273159027, 0.06997454166412354, 0.09183847904205322
330, 27, 0.4515318274497986, 0.4452729821205139, 0.17619633674621582, 0.06314229965209961
330, 28, 0.44089269638061523, 0.4455451965332031, 0.1709773987531662, 0.0676184892654419
330, 29, 0.44909876585006714, 0.4429362118244171, 0.18867240846157074, 0.0543036162853241
330, 30, 0.44173941016197205, 0.44293344020843506, 0.18229611217975616, 0.09548746049404144
330, 31, 0.4545728266239166, 0.4650861918926239, 0.19223342835903168, 0.014161664992570877
330, 32, 0.44584059715270996, 0.4652149975299835, 0.18207979202270508, 0.02469492144882679
331, 0, 0.4507768750190735, 0.4171910881996155, -0.1766599416732788, 0.9941710829734802
331, 1, 0.45408767461776733, 0.41408395767211914, -0.18535403907299042, 0.9929988384246826
331, 2, 0.455951064825058, 0.41395074129104614, -0.1853639781475067, 0.9926209449768066
331, 3, 0.4578135013580322, 0.41374045610427856, -0.18541865050792694, 0.9911438226699829
331, 4, 0.4488074779510498, 0.4140303432941437, -0.1854003518819809, 0.995606005191803
331, 5, 0.4470900595188141, 0.413910448551178, -0.18543635308742523, 0.995559573173523
331, 6, 0.445349782705307, 0.41374367475509644, -0.18548934161663055, 0.9961100220680237
331, 7, 0.462505966424942, 0.4096277356147766, -0.18322961032390594, 0.9837659597396851
331, 8, 0.44311389327049255, 0.4072675406932831, -0.18284916877746582, 0.9929614663124084
331, 9, 0.45403677225112915, 0.4153599739074707, -0.17066404223442078, 0.986671507358551
331, 10, 0.44822263717651367, 0.4150213897228241, -0.17070437967777252, 0.9899353384971619
331, 11, 0.47913819551467896, 0.40371501445770264, -0.1441289186477661, 0.9711520075798035
331, 12, 0.4235686659812927, 0.4044850170612335, -0.14401303231716156, 0.9908315539360046
331, 13, 0.5027031302452087, 0.44034555554389954, -0.11909051239490509, 0.9899011850357056
331, 14, 0.39388248324394226, 0.42356377840042114, -0.11915693432092667, 0.8260557651519775
331, 15, 0.5166409015655518, 0.4892406463623047, -0.11250951141119003, 0.9706634879112244
331, 16, 0.38125282526016235, 0.4771572947502136, -0.11505924165248871, 0.9013140201568604
331, 17, 0.5253028869628906, 0.5003044605255127, -0.12440874427556992, 0.9479506611824036
331, 18, 0.37376877665519714, 0.4891333281993866, -0.12816406786441803, 0.8861332535743713
331, 19, 0.5207344889640808, 0.5033884048461914, -0.12540636956691742, 0.9459788203239441
331, 20, 0.3803446292877197, 0.4886327385902405, -0.12920306622982025, 0.8867216110229492
331, 21, 0.5157259702682495, 0.4981316924095154, -0.11295769363641739, 0.8642145991325378
331, 22, 0.3844074010848999, 0.48388752341270447, -0.11566551774740219, 0.835369884967804
331, 23, 0.46409517526626587, 0.3865777254104614, -0.0027587267104536295, 0.9965116381645203
331, 24, 0.43981581926345825, 0.3847031593322754, 0.0026414257008582354, 0.9952823519706726
331, 25, 0.4622589945793152, 0.4450778663158417, 0.06963204592466354, 0.06143282353878021
331, 26, 0.43728822469711304, 0.444548636674881, 0.07174962759017944, 0.11591651290655136
331, 27, 0.45949310064315796, 0.4603363573551178, 0.1764458268880844, 0.1266595870256424
331, 28, 0.447983980178833, 0.46045222878456116, 0.17338110506534576, 0.0953274667263031
331, 29, 0.4574187397956848, 0.45812132954597473, 0.18884271383285522, 0.1014309674501419
331, 30, 0.4489082396030426, 0.4582127034664154, 0.1846153438091278, 0.11039337515830994
331, 31, 0.46327075362205505, 0.48470985889434814, 0.1889667958021164, 0.041917067021131516
331, 32, 0.45438724756240845, 0.48364371061325073, 0.18133899569511414, 0.04624095931649208
332, 0, 0.4491439759731293, 0.4436606466770172, -0.15763898193836212, 0.8282226324081421
332, 1, 0.44665390253067017, 0.4506021738052368, -0.16110168397426605, 0.942543625831604
332, 2, 0.4452517032623291, 0.450697124004364, -0.1611148566007614, 0.9110370874404907
332, 3, 0.4438557028770447, 0.45077621936798096, -0.16118182241916656, 0.9119645357131958
332, 4, 0.45042482018470764, 0.4510195553302765, -0.15958364307880402, 0.9310373067855835
332, 5, 0.45166015625, 0.4513603746891022, -0.15960842370986938, 0.8984066247940063
332, 6, 0.452890008687973, 0.4516904056072235, -0.1596483290195465, 0.8928670883178711
332, 7, 0.4410201907157898, 0.45245468616485596, -0.14900049567222595, 0.9581762552261353
332, 8, 0.4541119635105133, 0.45360666513442993, -0.14189523458480835, 0.9540077447891235
332, 9, 0.44686824083328247, 0.43965598940849304, -0.14988034963607788, 0.986192524433136
332, 10, 0.4510844349861145, 0.44000160694122314, -0.1478826403617859, 0.9881858825683594
332, 11, 0.4310910701751709, 0.4361187517642975, -0.12355349212884903, 0.9961073994636536
332, 12, 0.46391454339027405, 0.43705517053604126, -0.10723783820867538, 0.9944044351577759
332, 13, 0.4298318028450012, 0.389936238527298, -0.11044035106897354, 0.4252374768257141
332, 14, 0.469582736492157, 0.3950461447238922, -0.08880241215229034, 0.37137848138809204
332, 15, 0.4364818036556244, 0.362973153591156, -0.11106453090906143, 0.26591411232948303
332, 16, 0.4608083665370941, 0.37121614813804626, -0.09431473165750504, 0.23987342417240143
332, 17, 0.43630021810531616, 0.35633134841918945, -0.11911587417125702, 0.2535244822502136
332, 18, 0.4602317810058594, 0.3637218177318573, -0.10009993612766266, 0.2524576485157013
332, 19, 0.43883785605430603, 0.35948508977890015, -0.12361488491296768, 0.2620292901992798
332, 20, 0.45718440413475037, 0.36905792355537415, -0.10512653738260269, 0.2856358587741852
332, 21, 0.43994706869125366, 0.36232268810272217, -0.11237011849880219, 0.26362892985343933
332, 22, 0.45640498399734497, 0.3721521496772766, -0.0959964394569397, 0.29616159200668335
332, 23, 0.4394015669822693, 0.39572030305862427, -0.005325552076101303, 0.9997072815895081
332, 24, 0.45790281891822815, 0.399179071187973, 0.005304277408868074, 0.9997010827064514
332, 25, 0.43821215629577637, 0.3869185447692871, -0.039082612842321396, 0.6312922835350037
332, 26, 0.47247713804244995, 0.3940836489200592, -0.00187415792606771, 0.3741251230239868
332, 27, 0.44956034421920776, 0.38916027545928955, 0.07214275002479553, 0.06060980260372162
332, 28, 0.4616779685020447, 0.38358449935913086, 0.08645547926425934, 0.05245004594326019
332, 29, 0.45107895135879517, 0.3930097222328186, 0.08473877608776093, 0.07695641368627548
332, 30, 0.45831483602523804, 0.3838233947753906, 0.09670227020978928, 0.044059716165065765
332, 31, 0.45233869552612305, 0.3784904181957245, 0.08359953761100769, 0.0951717421412468
332, 32, 0.46355897188186646, 0.3713163137435913, 0.09449072927236557, 0.06684214621782303
333, 0, 0.4389280378818512, 0.43217960000038147, -0.14672666788101196, 0.999448835849762
333, 1, 0.4411538541316986, 0.4338759481906891, -0.16231761872768402, 0.9995920062065125
333, 2, 0.4424501061439514, 0.4343870282173157, -0.16231800615787506, 0.999470055103302
333, 3, 0.4437423646450043, 0.4348756968975067, -0.16234946250915527, 0.9991260170936584
333, 4, 0.43727999925613403, 0.43210890889167786, -0.16354691982269287, 0.9997790455818176
333, 5, 0.4359465539455414, 0.43135684728622437, -0.16357076168060303, 0.9997419714927673
333, 6, 0.4345916211605072, 0.43057364225387573, -0.16358928382396698, 0.999714195728302
333, 7, 0.4470806121826172, 0.4342789947986603, -0.183943971991539, 0.9990741014480591
333, 8, 0.4332498610019684, 0.42709583044052124, -0.1886747181415558, 0.9998124241828918
333, 9, 0.44134825468063354, 0.43115994334220886, -0.14691899716854095, 0.9997895359992981
333, 10, 0.4370233416557312, 0.4292353689670563, -0.14853495359420776, 0.9998835325241089
333, 11, 0.4584195017814636, 0.4351132810115814, -0.1463831216096878, 0.999772846698761
333, 12, 0.42712339758872986, 0.4095625579357147, -0.1601404994726181, 0.999925971031189
333, 13, 0.46403926610946655, 0.4117593467235565, -0.07394663989543915, 0.916370153427124
333, 14, 0.4259733259677887, 0.3725231885910034, -0.09566934406757355, 0.9852966666221619
333, 15, 0.45450344681739807, 0.4187496602535248, -0.03747968003153801, 0.581019937992096
333, 16, 0.4242928922176361, 0.36411988735198975, -0.07230593264102936, 0.9421347975730896
333, 17, 0.45524653792381287, 0.42116814851760864, -0.048335812985897064, 0.5882461071014404
333, 18, 0.4221875071525574, 0.3595951795578003, -0.08598792552947998, 0.9108532667160034
333, 19, 0.45194125175476074, 0.42223164439201355, -0.05720936134457588, 0.5530135631561279
333, 20, 0.42297372221946716, 0.363151878118515, -0.09298524260520935, 0.9122730493545532
333, 21, 0.45048609375953674, 0.4201291501522064, -0.04056456312537193, 0.5348107814788818
333, 22, 0.4244385361671448, 0.3660408556461334, -0.07472514361143112, 0.9232974648475647
333, 23, 0.45423609018325806, 0.39786139130592346, 0.002749356906861067, 0.999911904335022
333, 24, 0.43960851430892944, 0.38491562008857727, -0.002597095910459757, 0.9998964071273804
333, 25, 0.45661240816116333, 0.42202067375183105, 0.13782727718353271, 0.4151943325996399
333, 26, 0.43038758635520935, 0.40342140197753906, 0.12991036474704742, 0.13594450056552887
333, 27, 0.45300453901290894, 0.419439435005188, 0.3090726137161255, 0.4423297643661499
333, 28, 0.4191102087497711, 0.41419246792793274, 0.2939384877681732, 0.10137908905744553
333, 29, 0.4520454406738281, 0.4152584969997406, 0.3289699852466583, 0.4549708068370819
333, 30, 0.41608375310897827, 0.4127750098705292, 0.31219732761383057, 0.08160825818777084
333, 31, 0.45239344239234924, 0.4329262673854828, 0.33812642097473145, 0.05576026812195778
333, 32, 0.417778879404068, 0.4295045733451843, 0.3190910816192627, 0.01345465425401926
334, 0, 0.4398755133152008, 0.42225685715675354, -0.1828467696905136, 0.7868428826332092
334, 1, 0.43948692083358765, 0.42520901560783386, -0.19506247341632843, 0.9143876433372498
334, 2, 0.4393220841884613, 0.42543357610702515, -0.1950671523809433, 0.898383378982544
334, 3, 0.43915802240371704, 0.425629585981369, -0.19511333107948303, 0.8870449066162109
334, 4, 0.43971794843673706, 0.42493119835853577, -0.19503243267536163, 0.9350516200065613
334, 5, 0.4397069811820984, 0.4248603284358978, -0.19507694244384766, 0.9212319254875183
334, 6, 0.4396851658821106, 0.4247570037841797, -0.1950920969247818, 0.9270573258399963
334, 7, 0.4390810430049896, 0.4266676902770996, -0.2000148743391037, 0.9414817690849304
334, 8, 0.439784437417984, 0.42474472522735596, -0.1999296098947525, 0.9745833277702332
334, 9, 0.4398976266384125, 0.42026135325431824, -0.17761225998401642, 0.9641530513763428
334, 10, 0.4399757981300354, 0.41989052295684814, -0.1777711808681488, 0.9705305695533752
334, 11, 0.4403109550476074, 0.42741936445236206, -0.15872250497341156, 0.9988705515861511
334, 12, 0.44276541471481323, 0.4164465069770813, -0.1561756283044815, 0.9979092478752136
334, 13, 0.43516844511032104, 0.40450114011764526, -0.10621096193790436, 0.7673945426940918
334, 14, 0.44937118887901306, 0.39432334899902344, -0.08766709268093109, 0.6440132856369019
334, 15, 0.4388064742088318, 0.39860934019088745, -0.09291848540306091, 0.5373739004135132
334, 16, 0.44350332021713257, 0.38226285576820374, -0.056140799075365067, 0.357783704996109
334, 17, 0.4406251013278961, 0.3985316753387451, -0.10615029186010361, 0.4651028513908386
334, 18, 0.4421859383583069, 0.37901368737220764, -0.06498239934444427, 0.29099398851394653
334, 19, 0.4410801827907562, 0.40167921781539917, -0.10981867462396622, 0.44806477427482605
334, 20, 0.4409067630767822, 0.3819694221019745, -0.07066845893859863, 0.31517547369003296
334, 21, 0.4402112066745758, 0.4006860554218292, -0.09424072504043579, 0.36665719747543335
334, 22, 0.4410211145877838, 0.3835912346839905, -0.0579087920486927, 0.33483558893203735
334, 23, 0.44431963562965393, 0.3987765908241272, 0.0008847850258462131, 0.9988975524902344
334, 24, 0.44754141569137573, 0.3943830132484436, -0.0007301829755306244, 0.9985249638557434
334, 25, 0.4404008388519287, 0.42168697714805603, 0.12911871075630188, 0.06564707309007645
334, 26, 0.44624704122543335, 0.4211319088935852, 0.13425467908382416, 0.032535675913095474
334, 27, 0.437286376953125, 0.4227060079574585, 0.28671401739120483, 0.10362840443849564
334, 28, 0.44255608320236206, 0.4249156415462494, 0.2877546548843384, 0.019558001309633255
334, 29, 0.43703967332839966, 0.42067861557006836, 0.3045043647289276, 0.1311296820640564
334, 30, 0.4401997923851013, 0.42399144172668457, 0.3047844171524048, 0.020182976499199867
334, 31, 0.4352189898490906, 0.42765405774116516, 0.3062498867511749, 0.05487893149256706
334, 32, 0.4441390037536621, 0.427457332611084, 0.3055182695388794, 0.013717660680413246
335, 0, 0.44808441400527954, 0.4168332517147064, -0.1766558140516281, 0.9898438453674316
335, 1, 0.45158281922340393, 0.41167718172073364, -0.1840776801109314, 0.9927355051040649
335, 2, 0.4533981382846832, 0.4118175208568573, -0.18409380316734314, 0.9916568994522095
335, 3, 0.4552026689052582, 0.4118627905845642, -0.18416906893253326, 0.9909840822219849
335, 4, 0.4465157985687256, 0.4108523428440094, -0.18390978872776031, 0.9937826991081238
335, 5, 0.44486474990844727, 0.41043204069137573, -0.18394415080547333, 0.9932065010070801
335, 6, 0.44319605827331543, 0.4099348783493042, -0.18397541344165802, 0.9944921731948853
335, 7, 0.46011239290237427, 0.4088660478591919, -0.18171000480651855, 0.9867638945579529
335, 8, 0.44194430112838745, 0.40371230244636536, -0.1802106499671936, 0.9907209873199463
335, 9, 0.45167818665504456, 0.41686707735061646, -0.17148981988430023, 0.9843572974205017
335, 10, 0.4458896517753601, 0.4157392382621765, -0.17135412991046906, 0.9855441451072693
335, 11, 0.4737670421600342, 0.40953513979911804, -0.14486917853355408, 0.9796881079673767
335, 12, 0.42998164892196655, 0.40564483404159546, -0.1455802023410797, 0.983747661113739
335, 13, 0.48660191893577576, 0.44106927514076233, -0.11086636781692505, 0.9600470662117004
335, 14, 0.40536633133888245, 0.43496260046958923, -0.12000936269760132, 0.6728674173355103
335, 15, 0.4939313530921936, 0.47706475853919983, -0.09142235666513443, 0.7614258527755737
335, 16, 0.3821105360984802, 0.47173598408699036, -0.10568787902593613, 0.7198386192321777
335, 17, 0.5002699494361877, 0.48560211062431335, -0.10056175291538239, 0.6524674296379089
335, 18, 0.37710699439048767, 0.48917722702026367, -0.11856244504451752, 0.6610028147697449
335, 19, 0.4972725510597229, 0.4874202311038971, -0.10336373001337051, 0.6579850912094116
335, 20, 0.3813828229904175, 0.4884151816368103, -0.1167224645614624, 0.6523745656013489
335, 21, 0.4931921064853668, 0.4827255606651306, -0.09224051982164383, 0.4262516498565674
335, 22, 0.38254714012145996, 0.4821486473083496, -0.1052151694893837, 0.5614504218101501
335, 23, 0.46318235993385315, 0.3905809223651886, -0.0033497153781354427, 0.9987379908561707
335, 24, 0.4457210600376129, 0.38808488845825195, 0.003323566634207964, 0.9986095428466797
335, 25, 0.46047884225845337, 0.4457148313522339, 0.0766989141702652, 0.06579586863517761
335, 26, 0.4448159635066986, 0.44723808765411377, 0.07799620926380157, 0.07755789905786514
335, 27, 0.45923954248428345, 0.460317999124527, 0.18919605016708374, 0.10507545620203018
335, 28, 0.46315836906433105, 0.4668722450733185, 0.18683059513568878, 0.10322677344083786
335, 29, 0.4577670693397522, 0.45792028307914734, 0.2026343047618866, 0.08588138222694397
335, 30, 0.46588438749313354, 0.46455973386764526, 0.19876742362976074, 0.09794383496046066
335, 31, 0.46272897720336914, 0.4809940755367279, 0.20562370121479034, 0.03267541527748108
335, 32, 0.4703477919101715, 0.4904946982860565, 0.19867919385433197, 0.05205335095524788
336, 0, 0.4460908770561218, 0.41358041763305664, -0.15680348873138428, 0.9754026532173157
336, 1, 0.44994625449180603, 0.4078843891620636, -0.16685481369495392, 0.9805960655212402
336, 2, 0.45174846053123474, 0.40828263759613037, -0.16688351333141327, 0.9830315113067627
336, 3, 0.45354804396629333, 0.40860259532928467, -0.16696494817733765, 0.9776186347007751
336, 4, 0.4449857771396637, 0.40634456276893616, -0.16588781774044037, 0.9829186201095581
336, 5, 0.4432462751865387, 0.40558505058288574, -0.16592594981193542, 0.9866847395896912
336, 6, 0.44150152802467346, 0.40473777055740356, -0.1659528762102127, 0.9862821698188782
336, 7, 0.458305299282074, 0.4061172604560852, -0.17382779717445374, 0.9808415174484253
336, 8, 0.440329372882843, 0.3979729115962982, -0.16892901062965393, 0.9899542331695557
336, 9, 0.4493563771247864, 0.4139181673526764, -0.15473903715610504, 0.9804845452308655
336, 10, 0.4433460831642151, 0.4120578467845917, -0.1535291075706482, 0.9824298620223999
336, 11, 0.4680824279785156, 0.4118559658527374, -0.13488012552261353, 0.9916055202484131
336, 12, 0.431715726852417, 0.39569154381752014, -0.13416223227977753, 0.99358069896698
336, 13, 0.4732694625854492, 0.4426439106464386, -0.08349855989217758, 0.5313173532485962
336, 14, 0.4137834906578064, 0.4150729775428772, -0.08142529428005219, 0.22511301934719086
336, 15, 0.47706103324890137, 0.46444815397262573, -0.05523461848497391, 0.20688709616661072
336, 16, 0.40191707015037537, 0.44456925988197327, -0.04789574816823006, 0.40991535782814026
336, 17, 0.48155125975608826, 0.4709826707839966, -0.060816168785095215, 0.20302000641822815
336, 18, 0.39706170558929443, 0.4508056342601776, -0.0537603385746479, 0.44742992520332336
336, 19, 0.4783309996128082, 0.46869269013404846, -0.06369729340076447, 0.20901866257190704
336, 20, 0.40105685591697693, 0.45209836959838867, -0.05481148511171341, 0.45014688372612
336, 21, 0.4750545620918274, 0.4649547040462494, -0.05552563816308975, 0.1090330109000206
336, 22, 0.40408697724342346, 0.45083487033843994, -0.047549862414598465, 0.38253289461135864
336, 23, 0.460274875164032, 0.3913913667201996, -0.001849890104494989, 0.9997244477272034
336, 24, 0.446817547082901, 0.38654816150665283, 0.0019180920207872987, 0.999707043170929
336, 25, 0.4565034508705139, 0.44005778431892395, 0.08175783604383469, 0.03508520871400833
336, 26, 0.442624032497406, 0.4446958005428314, 0.08722510188817978, 0.024575425311923027
336, 27, 0.45207270979881287, 0.4490467607975006, 0.2043335884809494, 0.11969632655382156
336, 28, 0.4545719027519226, 0.45496833324432373, 0.20686140656471252, 0.09773851931095123
336, 29, 0.44952306151390076, 0.4476214051246643, 0.21879740059375763, 0.10444033890962601
336, 30, 0.4550333619117737, 0.4541543424129486, 0.21958322823047638, 0.09660685062408447
336, 31, 0.4540952742099762, 0.4640335142612457, 0.22043249011039734, 0.01969708688557148
336, 32, 0.46153250336647034, 0.4686293601989746, 0.21673130989074707, 0.02949286252260208
337, 0, 0.4469277858734131, 0.4091368317604065, -0.15076354146003723, 0.995005190372467
337, 1, 0.450401246547699, 0.40248993039131165, -0.16128942370414734, 0.9960218071937561
337, 2, 0.4523342251777649, 0.40237268805503845, -0.1613239049911499, 0.9960154891014099
337, 3, 0.45426011085510254, 0.4021895229816437, -0.16139423847198486, 0.9955246448516846
337, 4, 0.44495949149131775, 0.40285760164260864, -0.16102991998195648, 0.9964190721511841
337, 5, 0.4430716931819916, 0.4029405415058136, -0.16105812788009644, 0.9965804219245911
337, 6, 0.44117680191993713, 0.4029439389705658, -0.1610974818468094, 0.9965497255325317
337, 7, 0.4587288498878479, 0.40071946382522583, -0.16751539707183838, 0.9956759810447693
337, 8, 0.4391838014125824, 0.3990318179130554, -0.1665220409631729, 0.9961742758750916
337, 9, 0.45050063729286194, 0.4099370837211609, -0.14802590012550354, 0.9949772953987122
337, 10, 0.4440303444862366, 0.410047322511673, -0.1479453593492508, 0.9950953722000122
337, 11, 0.470367431640625, 0.40620917081832886, -0.13416174054145813, 0.992639422416687
337, 12, 0.4276638627052307, 0.4054322838783264, -0.13328874111175537, 0.9946464896202087
337, 13, 0.4841057360172272, 0.4383879005908966, -0.10176239907741547, 0.9658550024032593
337, 14, 0.4033204913139343, 0.4292568564414978, -0.09690184891223907, 0.2984195947647095
337, 15, 0.49517661333084106, 0.4724772870540619, -0.09487585723400116, 0.8391262888908386
337, 16, 0.3911947011947632, 0.4617581367492676, -0.08204872906208038, 0.3663738965988159
337, 17, 0.5025388598442078, 0.4806593656539917, -0.10445642471313477, 0.7534100413322449
337, 18, 0.3859561085700989, 0.46940934658050537, -0.09185200184583664, 0.3613692820072174
337, 19, 0.4982958734035492, 0.4819507598876953, -0.10535562038421631, 0.7593600153923035
337, 20, 0.39179885387420654, 0.46927160024642944, -0.09223335236310959, 0.3774305582046509
337, 21, 0.49405354261398315, 0.4778164029121399, -0.09505005180835724, 0.5318945646286011
337, 22, 0.3947718143463135, 0.46692955493927, -0.08220385760068893, 0.3171198070049286
337, 23, 0.46028923988342285, 0.3935287594795227, -0.0006239440990611911, 0.9998552799224854
337, 24, 0.44487565755844116, 0.39146214723587036, 0.0005930133047513664, 0.9997546076774597
337, 25, 0.4530925750732422, 0.44188356399536133, 0.0873020812869072, 0.04185384511947632
337, 26, 0.4388539791107178, 0.44924572110176086, 0.08562798798084259, 0.08830713480710983
337, 27, 0.44854116439819336, 0.4473890960216522, 0.20842142403125763, 0.10934918373823166
337, 28, 0.4534075856208801, 0.4547356367111206, 0.20751269161701202, 0.11704511195421219
337, 29, 0.4460791051387787, 0.4458259642124176, 0.22272586822509766, 0.08121220022439957
337, 30, 0.45520395040512085, 0.4527631402015686, 0.22037473320960999, 0.10378838330507278
337, 31, 0.45072174072265625, 0.46028274297714233, 0.22780053317546844, 0.028048701584339142
337, 32, 0.4578896462917328, 0.46836453676223755, 0.22030779719352722, 0.04085109755396843
338, 0, 0.44633206725120544, 0.4161757528781891, -0.17766410112380981, 0.9879170060157776
338, 1, 0.44938674569129944, 0.4110197424888611, -0.18620377779006958, 0.9870411157608032
338, 2, 0.4513053297996521, 0.4108767509460449, -0.18621759116649628, 0.9850938320159912
338, 3, 0.4532201886177063, 0.41063201427459717, -0.18628527224063873, 0.9832893013954163
338, 4, 0.443957656621933, 0.4109022319316864, -0.18624280393123627, 0.991582453250885
338, 5, 0.44220900535583496, 0.410760760307312, -0.18627746403217316, 0.9912446141242981
338, 6, 0.4404413104057312, 0.4105469286441803, -0.18633489310741425, 0.9926631450653076
338, 7, 0.4583480954170227, 0.40739378333091736, -0.18329556286334991, 0.9714738726615906
338, 8, 0.4387483596801758, 0.40454837679862976, -0.18301662802696228, 0.9856014847755432
338, 9, 0.45033544301986694, 0.4156252443790436, -0.17158626019954681, 0.9770044684410095
338, 10, 0.4441383481025696, 0.4154050648212433, -0.17166516184806824, 0.9818222522735596
338, 11, 0.47661980986595154, 0.40802285075187683, -0.14546482264995575, 0.9633278846740723
338, 12, 0.42402368783950806, 0.40726011991500854, -0.14588934183120728, 0.9863220453262329
338, 13, 0.4964759945869446, 0.44538620114326477, -0.12113241851329803, 0.9888936877250671
338, 14, 0.39618346095085144, 0.4323781430721283, -0.12760470807552338, 0.703133225440979
338, 15, 0.5091240406036377, 0.4862402081489563, -0.11530649662017822, 0.9261120557785034
338, 16, 0.38043278455734253, 0.47421795129776, -0.12762883305549622, 0.7893561720848083
338, 17, 0.5178208947181702, 0.49569448828697205, -0.12671764194965363, 0.8641106486320496
338, 18, 0.37008315324783325, 0.4814694821834564, -0.14153608679771423, 0.7491721510887146
338, 19, 0.5135889649391174, 0.497761607170105, -0.12819744646549225, 0.8592737317085266
338, 20, 0.3761943280696869, 0.4811233878135681, -0.14164595305919647, 0.7487218976020813
338, 21, 0.5085896253585815, 0.4926430284976959, -0.11589956283569336, 0.6743322610855103
338, 22, 0.38029974699020386, 0.47756075859069824, -0.1280776709318161, 0.6850343942642212
338, 23, 0.46365174651145935, 0.3884566128253937, -0.0013239738764241338, 0.9953959584236145
338, 24, 0.441671758890152, 0.38573774695396423, 0.0012240910436958075, 0.994293749332428
338, 25, 0.458825021982193, 0.44335949420928955, 0.07013524323701859, 0.041277121752500534
338, 26, 0.4384588301181793, 0.44782891869544983, 0.06844045966863632, 0.10991664230823517
338, 27, 0.4530808925628662, 0.4545075595378876, 0.17597903311252594, 0.08840485662221909
338, 28, 0.4506390690803528, 0.45941099524497986, 0.17004123330116272, 0.09159136563539505
338, 29, 0.45039406418800354, 0.45113223791122437, 0.18853046000003815, 0.076317198574543
338, 30, 0.45171886682510376, 0.4559791684150696, 0.18121729791164398, 0.10324167460203171
338, 31, 0.45680680871009827, 0.47783517837524414, 0.19175371527671814, 0.01987403817474842
338, 32, 0.4573097825050354, 0.48203545808792114, 0.1806148737668991, 0.03648918867111206
339, 0, 0.4444316029548645, 0.41785648465156555, -0.17531642317771912, 0.9774553775787354
339, 1, 0.4475347399711609, 0.4115922749042511, -0.18402685225009918, 0.976713240146637
339, 2, 0.4496079981327057, 0.41132768988609314, -0.18404631316661835, 0.9742138981819153
339, 3, 0.45167380571365356, 0.4109596312046051, -0.18412064015865326, 0.9711332321166992
339, 4, 0.44163966178894043, 0.4116031527519226, -0.18403492867946625, 0.9844186305999756
339, 5, 0.4397597908973694, 0.4114287197589874, -0.18407399952411652, 0.9847373366355896
339, 6, 0.4378604292869568, 0.41118595004081726, -0.18413780629634857, 0.9871467351913452
339, 7, 0.4572076201438904, 0.4069788157939911, -0.18239392340183258, 0.9508969187736511
339, 8, 0.4360571503639221, 0.4046889543533325, -0.18221230804920197, 0.9764022827148438
339, 9, 0.4489319920539856, 0.4175422787666321, -0.16968780755996704, 0.9599124789237976
339, 10, 0.4422089457511902, 0.4175270199775696, -0.1697554588317871, 0.9685265421867371
339, 11, 0.47642987966537476, 0.40754029154777527, -0.14409670233726501, 0.9405993223190308
339, 12, 0.42247167229652405, 0.40821048617362976, -0.14694994688034058, 0.9773728251457214
339, 13, 0.4952051043510437, 0.44454461336135864, -0.1226317435503006, 0.9891790151596069
339, 14, 0.396564781665802, 0.43573129177093506, -0.12726172804832458, 0.6065437197685242
339, 15, 0.5082632899284363, 0.48904767632484436, -0.11784537136554718, 0.9255162477493286
339, 16, 0.3814774751663208, 0.4796139597892761, -0.12208344042301178, 0.6885494589805603
339, 17, 0.5170239210128784, 0.4989304840564728, -0.12961865961551666, 0.8613833785057068
339, 18, 0.37193235754966736, 0.49198323488235474, -0.134908527135849, 0.6633588671684265
339, 19, 0.512495219707489, 0.5008645057678223, -0.12990127503871918, 0.8530333638191223
339, 20, 0.37846243381500244, 0.49117130041122437, -0.1358940601348877, 0.6616750359535217
339, 21, 0.5074874758720398, 0.4957806169986725, -0.11812829971313477, 0.6583303213119507
339, 22, 0.3826824724674225, 0.4875594973564148, -0.12273070961236954, 0.6073528528213501
339, 23, 0.4644708037376404, 0.3877407908439636, 0.0007804504712112248, 0.9961450099945068
339, 24, 0.4404749274253845, 0.38452979922294617, -0.0008640751475468278, 0.9943760633468628
339, 25, 0.45907193422317505, 0.44100266695022583, 0.07196417450904846, 0.032246384769678116
339, 26, 0.4326530992984772, 0.4444504678249359, 0.06524067372083664, 0.09618110954761505
339, 27, 0.45240432024002075, 0.44965073466300964, 0.17940986156463623, 0.05616756156086922
339, 28, 0.44136399030685425, 0.45207154750823975, 0.1718090921640396, 0.05120624974370003
339, 29, 0.4499470591545105, 0.44624656438827515, 0.19210025668144226, 0.04878012463450432
339, 30, 0.44224587082862854, 0.4486946165561676, 0.18363447487354279, 0.06017862632870674
339, 31, 0.4544757306575775, 0.47264865040779114, 0.1961689442396164, 0.013969805091619492
339, 32, 0.44511574506759644, 0.4735944867134094, 0.18479543924331665, 0.021841825917363167
340, 0, 0.44745102524757385, 0.4123248755931854, -0.13958221673965454, 0.9847601056098938
340, 1, 0.4503922462463379, 0.4060026705265045, -0.1485632061958313, 0.9907324314117432
340, 2, 0.45207923650741577, 0.4062081575393677, -0.14859874546527863, 0.9902216196060181
340, 3, 0.4537598192691803, 0.40630820393562317, -0.14867225289344788, 0.9908902049064636
340, 4, 0.44575586915016174, 0.40536460280418396, -0.1481708437204361, 0.9916409254074097
340, 5, 0.4441215395927429, 0.4050580859184265, -0.14819587767124176, 0.9914593696594238
340, 6, 0.4424779415130615, 0.4046527147293091, -0.1482323855161667, 0.9926896691322327
340, 7, 0.45757460594177246, 0.404784619808197, -0.1549822837114334, 0.9891411066055298
340, 8, 0.44116106629371643, 0.40010398626327515, -0.15322358906269073, 0.9933810234069824
340, 9, 0.4507066607475281, 0.4131420850753784, -0.13779786229133606, 0.9885667562484741
340, 10, 0.444949209690094, 0.4122827649116516, -0.13747593760490417, 0.9887322187423706
340, 11, 0.4671018123626709, 0.4105859398841858, -0.12744010984897614, 0.9906152486801147
340, 12, 0.4349408745765686, 0.4036884009838104, -0.12578831613063812, 0.9894038438796997
340, 13, 0.4790570139884949, 0.44723865389823914, -0.10546596348285675, 0.9756805896759033
340, 14, 0.4160250723361969, 0.4220981299877167, -0.10056383907794952, 0.25023117661476135
340, 15, 0.49139800667762756, 0.4784400463104248, -0.10503987222909927, 0.8092370629310608
340, 16, 0.399589478969574, 0.4431893527507782, -0.08928702771663666, 0.2611611485481262
340, 17, 0.49806490540504456, 0.4878956973552704, -0.11645887047052383, 0.7217186093330383
340, 18, 0.39408624172210693, 0.44940996170043945, -0.10091699659824371, 0.21250545978546143
340, 19, 0.4954065680503845, 0.48862364888191223, -0.11681622266769409, 0.7346742749214172
340, 20, 0.3976564407348633, 0.45044687390327454, -0.09939191490411758, 0.2158917784690857
340, 21, 0.4915104806423187, 0.4840245842933655, -0.1054547056555748, 0.4653104841709137
340, 22, 0.40055912733078003, 0.44884318113327026, -0.0890561193227768, 0.19466553628444672
340, 23, 0.4594962000846863, 0.3914593458175659, -0.0005969428457319736, 0.9995540976524353
340, 24, 0.44686776399612427, 0.38840624690055847, 0.0005904156132601202, 0.9993855953216553
340, 25, 0.4550105035305023, 0.43932706117630005, 0.07972222566604614, 0.03995157778263092
340, 26, 0.4402953088283539, 0.448635071516037, 0.07693415880203247, 0.035487279295921326
340, 27, 0.45220130681991577, 0.4471212923526764, 0.19283005595207214, 0.10062461346387863
340, 28, 0.45585861802101135, 0.45100435614585876, 0.19062040746212006, 0.06643582135438919
340, 29, 0.4504796862602234, 0.4462334215641022, 0.20602920651435852, 0.07545480877161026
340, 30, 0.45794981718063354, 0.4486740529537201, 0.20277471840381622, 0.06856223195791245
340, 31, 0.45411738753318787, 0.46080291271209717, 0.20824149250984192, 0.01738893985748291
340, 32, 0.46078410744667053, 0.4644470512866974, 0.20284196734428406, 0.02299800142645836
341, 0, 0.4493049681186676, 0.41698867082595825, -0.18577200174331665, 0.9974880218505859
341, 1, 0.45312315225601196, 0.411862850189209, -0.193575918674469, 0.9966033697128296
341, 2, 0.45520323514938354, 0.4121294319629669, -0.1935901939868927, 0.9959251880645752
341, 3, 0.4572787880897522, 0.4123173952102661, -0.1936335563659668, 0.9953578114509583
341, 4, 0.4471507966518402, 0.41082972288131714, -0.19348937273025513, 0.9977929592132568
341, 5, 0.44510501623153687, 0.4104140102863312, -0.193517804145813, 0.9978398084640503
341, 6, 0.4430430829524994, 0.40995073318481445, -0.19356490671634674, 0.998161256313324
341, 7, 0.4623655676841736, 0.4094178378582001, -0.1879327893257141, 0.990314781665802
341, 8, 0.44075995683670044, 0.40368393063545227, -0.18700721859931946, 0.9964693784713745
341, 9, 0.45323318243026733, 0.41757601499557495, -0.1790015995502472, 0.9937856197357178
341, 10, 0.44651514291763306, 0.416077196598053, -0.17886242270469666, 0.9947060942649841
341, 11, 0.4780903458595276, 0.41182243824005127, -0.14784163236618042, 0.9877132177352905
341, 12, 0.42209863662719727, 0.40203478932380676, -0.14741864800453186, 0.9932777285575867
341, 13, 0.4938264489173889, 0.454629123210907, -0.12839403748512268, 0.9896557331085205
341, 14, 0.39244896173477173, 0.42942336201667786, -0.1296822726726532, 0.7083640098571777
341, 15, 0.5066226720809937, 0.50404953956604, -0.13537852466106415, 0.9757761359214783
341, 16, 0.37860745191574097, 0.479065865278244, -0.13136938214302063, 0.8759551644325256
341, 17, 0.513858437538147, 0.5169206857681274, -0.14923535287380219, 0.9566035866737366
341, 18, 0.3717978894710541, 0.4955504238605499, -0.1470009684562683, 0.8498468399047852
341, 19, 0.5093473792076111, 0.5188552737236023, -0.1497737467288971, 0.954809308052063
341, 20, 0.379617840051651, 0.49510061740875244, -0.14777502417564392, 0.8474248647689819
341, 21, 0.5052591562271118, 0.513329029083252, -0.13618795573711395, 0.8810031414031982
341, 22, 0.38387465476989746, 0.4900762736797333, -0.13245393335819244, 0.7823625206947327
341, 23, 0.46398812532424927, 0.3868258595466614, -0.0046303123235702515, 0.9977066516876221
341, 24, 0.44079169631004333, 0.3805758059024811, 0.00448590936139226, 0.9968427419662476
341, 25, 0.4608330726623535, 0.4487285912036896, 0.0734449103474617, 0.037034112960100174
341, 26, 0.44035929441452026, 0.4490882456302643, 0.0719091147184372, 0.08534189313650131
341, 27, 0.4580613076686859, 0.4660625159740448, 0.1842319220304489, 0.10271324217319489
341, 28, 0.462222158908844, 0.4719510078430176, 0.17508962750434875, 0.11034202575683594
341, 29, 0.45589637756347656, 0.463481605052948, 0.1973133534193039, 0.08333394676446915
341, 30, 0.4650559425354004, 0.47000089287757874, 0.1864967942237854, 0.125711128115654
341, 31, 0.46111422777175903, 0.4912237524986267, 0.2005668431520462, 0.03844413533806801
341, 32, 0.47101855278015137, 0.49795642495155334, 0.18398666381835938, 0.05682714283466339
342, 0, 0.45035290718078613, 0.4122144877910614, -0.22625131905078888, 0.9925066828727722
342, 1, 0.45358628034591675, 0.40746426582336426, -0.22946400940418243, 0.9767930507659912
342, 2, 0.4550660252571106, 0.40833476185798645, -0.2294742316007614, 0.9715726971626282
342, 3, 0.4565299451351166, 0.40916138887405396, -0.22947493195533752, 0.9821313619613647
342, 4, 0.4495472013950348, 0.4050268530845642, -0.23153778910636902, 0.9922425746917725
342, 5, 0.44799304008483887, 0.40420448780059814, -0.2315816879272461, 0.992179274559021
342, 6, 0.4464254379272461, 0.4033573567867279, -0.23161275684833527, 0.9920641779899597
342, 7, 0.4598940908908844, 0.4086012840270996, -0.20663347840309143, 0.9560288190841675
342, 8, 0.4447968602180481, 0.3992440402507782, -0.21579988300800323, 0.9865759015083313
342, 9, 0.45326098799705505, 0.41500476002693176, -0.21391868591308594, 0.9826421737670898
342, 10, 0.4481295943260193, 0.41211727261543274, -0.2167886197566986, 0.9823128581047058
342, 11, 0.46891719102859497, 0.4221470355987549, -0.1590386927127838, 0.9894990921020508
342, 12, 0.4300503134727478, 0.3985494077205658, -0.1622278243303299, 0.9939047694206238
342, 13, 0.47251763939857483, 0.45934489369392395, -0.13967901468276978, 0.7697116136550903
342, 14, 0.4053858816623688, 0.42871353030204773, -0.15152205526828766, 0.947625458240509
342, 15, 0.477468878030777, 0.4918217062950134, -0.16136708855628967, 0.7323623895645142
342, 16, 0.38168999552726746, 0.472457617521286, -0.16016322374343872, 0.9222243428230286
342, 17, 0.48335474729537964, 0.5005888342857361, -0.17606323957443237, 0.8045950531959534
342, 18, 0.37489283084869385, 0.48349910974502563, -0.1784037947654724, 0.9140567779541016
342, 19, 0.4805162847042084, 0.5016379356384277, -0.1792782098054886, 0.8419304490089417
342, 20, 0.38087913393974304, 0.4863099753856659, -0.1792103797197342, 0.9209824800491333
342, 21, 0.4772090017795563, 0.4974866509437561, -0.1634564995765686, 0.7116919159889221
342, 22, 0.3851225972175598, 0.4827733337879181, -0.16160321235656738, 0.8417292237281799
342, 23, 0.46315836906433105, 0.3866066038608551, -0.005046818405389786, 0.9970113039016724
342, 24, 0.447380930185318, 0.3782210350036621, 0.004848082549870014, 0.997340738773346
342, 25, 0.4638703465461731, 0.4545895457267761, 0.07791639119386673, 0.030332272872328758
342, 26, 0.4483799338340759, 0.4491021931171417, 0.060732316225767136, 0.05328160896897316
342, 27, 0.465660959482193, 0.4801788330078125, 0.19867759943008423, 0.03349949046969414
342, 28, 0.4746142029762268, 0.4811632037162781, 0.1616022139787674, 0.07244175672531128
342, 29, 0.4654460549354553, 0.4793331027030945, 0.21243219077587128, 0.02714676968753338
342, 30, 0.47811418771743774, 0.48209553956985474, 0.17262382805347443, 0.0472777858376503
342, 31, 0.46581435203552246, 0.5046809315681458, 0.2098061591386795, 0.09219175577163696
342, 32, 0.481029748916626, 0.5051907300949097, 0.16515958309173584, 0.1220715269446373
343, 0, 0.44913578033447266, 0.41026419401168823, -0.23312067985534668, 0.9832400679588318
343, 1, 0.45275864005088806, 0.4046942889690399, -0.2376810610294342, 0.9677291512489319
343, 2, 0.45446306467056274, 0.40558475255966187, -0.23769819736480713, 0.9645860195159912
343, 3, 0.4561604857444763, 0.4064459204673767, -0.2377367466688156, 0.9764470458030701
343, 4, 0.44818615913391113, 0.4020719826221466, -0.23904113471508026, 0.9837835431098938
343, 5, 0.4465482831001282, 0.40109938383102417, -0.23908379673957825, 0.9831745028495789
343, 6, 0.44490742683410645, 0.40013304352760315, -0.23910661041736603, 0.9841164946556091
343, 7, 0.46022334694862366, 0.4056169390678406, -0.2160746306180954, 0.9468916654586792
343, 8, 0.4433615803718567, 0.3954613208770752, -0.2221759855747223, 0.9762001633644104
343, 9, 0.4524592459201813, 0.41389256715774536, -0.22042088210582733, 0.9780988693237305
343, 10, 0.4467136859893799, 0.4105437695980072, -0.22229953110218048, 0.9740133285522461
343, 11, 0.46928471326828003, 0.4223335385322571, -0.16179785132408142, 0.9856513738632202
343, 12, 0.4297974705696106, 0.3965359032154083, -0.17044880986213684, 0.9889320135116577
343, 13, 0.4688677191734314, 0.4620007872581482, -0.14448340237140656, 0.8197563886642456
343, 14, 0.4035744071006775, 0.4306267499923706, -0.15976764261722565, 0.9655473828315735
343, 15, 0.4687179923057556, 0.4978083372116089, -0.17301754653453827, 0.760684072971344
343, 16, 0.37874025106430054, 0.4709831178188324, -0.17821814119815826, 0.9328632950782776
343, 17, 0.47322311997413635, 0.5079379081726074, -0.19227933883666992, 0.7614743709564209
343, 18, 0.37368014454841614, 0.48403066396713257, -0.20079727470874786, 0.9278037548065186
343, 19, 0.4690486788749695, 0.506034791469574, -0.19797593355178833, 0.7924003005027771
343, 20, 0.38052111864089966, 0.48535922169685364, -0.20349650084972382, 0.9356385469436646
343, 21, 0.46616631746292114, 0.5007322430610657, -0.17696510255336761, 0.6450574994087219
343, 22, 0.3848516047000885, 0.4823288917541504, -0.18088814616203308, 0.8728533983230591
343, 23, 0.46261778473854065, 0.391133189201355, -0.0012755607021972537, 0.9976633787155151
343, 24, 0.4448907971382141, 0.380585253238678, 0.0011689601233229041, 0.9974982142448425
343, 25, 0.4584696888923645, 0.4524843990802765, 0.07919753342866898, 0.021027464419603348
343, 26, 0.4313083291053772, 0.44816556572914124, 0.07141246646642685, 0.04463069885969162
343, 27, 0.4565407633781433, 0.46044522523880005, 0.21885451674461365, 0.01472757663577795
343, 28, 0.4488011300563812, 0.45043814182281494, 0.20855650305747986, 0.029474640265107155
343, 29, 0.4561086595058441, 0.4576273262500763, 0.23441514372825623, 0.01600651815533638
343, 30, 0.4512730538845062, 0.4478397071361542, 0.2232973873615265, 0.023383235558867455
343, 31, 0.45544537901878357, 0.4802510440349579, 0.22898784279823303, 0.05144435539841652
343, 32, 0.45108136534690857, 0.4669211208820343, 0.21653644740581512, 0.059049900621175766
344, 0, 0.4513375163078308, 0.41601625084877014, -0.22485432028770447, 0.9936766028404236
344, 1, 0.45466312766075134, 0.41067442297935486, -0.23192723095417023, 0.9828857183456421
344, 2, 0.45646849274635315, 0.4112720191478729, -0.23194937407970428, 0.979162871837616
344, 3, 0.4582726061344147, 0.41181543469429016, -0.231979638338089, 0.9865832924842834
344, 4, 0.44934144616127014, 0.408693790435791, -0.23295660316944122, 0.9922375082969666
344, 5, 0.4474407136440277, 0.4080023169517517, -0.2330140620470047, 0.9920544624328613
344, 6, 0.44552451372146606, 0.40729501843452454, -0.23305292427539825, 0.9937636256217957
344, 7, 0.4620490074157715, 0.4098200798034668, -0.22053804993629456, 0.9555766582489014
344, 8, 0.44272738695144653, 0.40185558795928955, -0.22509722411632538, 0.9867412447929382
344, 9, 0.4546523094177246, 0.41839662194252014, -0.2157125025987625, 0.9899380207061768
344, 10, 0.44843488931655884, 0.41587555408477783, -0.2171160727739334, 0.9892080426216125
344, 11, 0.475666344165802, 0.41849175095558167, -0.172359898686409, 0.9757171273231506
344, 12, 0.4235761761665344, 0.40193334221839905, -0.17986103892326355, 0.9924027919769287
344, 13, 0.48726505041122437, 0.4600391089916229, -0.16104143857955933, 0.9798276424407959
344, 14, 0.39647138118743896, 0.4348934590816498, -0.17580321431159973, 0.9791410565376282
344, 15, 0.49708884954452515, 0.499068945646286, -0.17746947705745697, 0.9532488584518433
344, 16, 0.378304123878479, 0.48252126574516296, -0.18944835662841797, 0.9712080955505371
344, 17, 0.5047591328620911, 0.5087741017341614, -0.19453634321689606, 0.9318398833274841
344, 18, 0.37118056416511536, 0.4946899712085724, -0.21191063523292542, 0.9656202793121338
344, 19, 0.5000331401824951, 0.5100334882736206, -0.19939559698104858, 0.9352487325668335
344, 20, 0.3780759274959564, 0.4952596426010132, -0.21308037638664246, 0.9676725268363953
344, 21, 0.4958844780921936, 0.5049946904182434, -0.18070663511753082, 0.8588618636131287
344, 22, 0.38230639696121216, 0.49101245403289795, -0.19149401783943176, 0.9411937594413757
344, 23, 0.46578115224838257, 0.384109765291214, -0.0023755254223942757, 0.9960377216339111
344, 24, 0.44293347001075745, 0.37647324800491333, 0.002211990300565958, 0.9947866201400757
344, 25, 0.46152248978614807, 0.4533085823059082, 0.07082447409629822, 0.03676336258649826
344, 26, 0.43027740716934204, 0.45389649271965027, 0.06408120691776276, 0.09109917283058167
344, 27, 0.459219366312027, 0.4612368643283844, 0.20558083057403564, 0.031171029433608055
344, 28, 0.44733867049217224, 0.4550994336605072, 0.19067490100860596, 0.04758279398083687
344, 29, 0.45794877409935, 0.4562436044216156, 0.22079679369926453, 0.027127312496304512
344, 30, 0.4493633210659027, 0.4499267041683197, 0.20427517592906952, 0.03648771345615387
344, 31, 0.46131467819213867, 0.48614901304244995, 0.21902844309806824, 0.07880696654319763
344, 32, 0.4524058699607849, 0.4763799011707306, 0.1988445669412613, 0.10153351724147797
345, 0, 0.4503397047519684, 0.4138525724411011, -0.19022345542907715, 0.9881957769393921
345, 1, 0.4540022015571594, 0.4099876284599304, -0.1992655098438263, 0.9812362194061279
345, 2, 0.45581310987472534, 0.41053634881973267, -0.1992887705564499, 0.9800584316253662
345, 3, 0.4576229453086853, 0.4110123813152313, -0.19935542345046997, 0.9800351858139038
345, 4, 0.44880422949790955, 0.4084412753582001, -0.19924922287464142, 0.987667441368103
345, 5, 0.44703763723373413, 0.4078991413116455, -0.19928903877735138, 0.9879608750343323
345, 6, 0.44525232911109924, 0.4073221981525421, -0.19932764768600464, 0.9894066452980042
345, 7, 0.4620979428291321, 0.4095328152179718, -0.197936549782753, 0.9544171690940857
345, 8, 0.4434430003166199, 0.4022587537765503, -0.19725680351257324, 0.9789388179779053
345, 9, 0.45363134145736694, 0.4151655435562134, -0.1843947470188141, 0.9765300750732422
345, 10, 0.4477948248386383, 0.41303133964538574, -0.18437054753303528, 0.9749476909637451
345, 11, 0.4765874743461609, 0.41533714532852173, -0.15841735899448395, 0.9761305451393127
345, 12, 0.4253252148628235, 0.4020618498325348, -0.15961810946464539, 0.9837530851364136
345, 13, 0.4893556535243988, 0.4569861888885498, -0.13543249666690826, 0.9825824499130249
345, 14, 0.39748716354370117, 0.4317833483219147, -0.14084364473819733, 0.7994866967201233
345, 15, 0.5004755854606628, 0.5036507248878479, -0.1338498890399933, 0.9386486411094666
345, 16, 0.3791773319244385, 0.4808576703071594, -0.14159786701202393, 0.8526930212974548
345, 17, 0.5073068141937256, 0.5161505937576294, -0.14744573831558228, 0.8864488005638123
345, 18, 0.3702634871006012, 0.4938724637031555, -0.15910762548446655, 0.8288614153862
345, 19, 0.5027071237564087, 0.5173646807670593, -0.14923690259456635, 0.8777615427970886
345, 20, 0.377357542514801, 0.4938274323940277, -0.15989206731319427, 0.8269778490066528
345, 21, 0.49879270792007446, 0.5112013220787048, -0.13511542975902557, 0.7322059273719788
345, 22, 0.3821328282356262, 0.48938578367233276, -0.1428111046552658, 0.7433391809463501
345, 23, 0.4648486077785492, 0.38700032234191895, -0.0038956720381975174, 0.9977808594703674
345, 24, 0.44276896119117737, 0.3803909718990326, 0.0037721688859164715, 0.9961737990379333
345, 25, 0.45988187193870544, 0.4510365426540375, 0.07865328341722488, 0.02781783975660801
345, 26, 0.43435969948768616, 0.44820472598075867, 0.07899080216884613, 0.04340887442231178
345, 27, 0.4595481753349304, 0.4620828330516815, 0.20481348037719727, 0.05143513157963753
345, 28, 0.4490486979484558, 0.4585965871810913, 0.19844041764736176, 0.03815693408250809
345, 29, 0.45806020498275757, 0.45785391330718994, 0.21983352303504944, 0.05075046047568321
345, 30, 0.4506351351737976, 0.4550169110298157, 0.21166853606700897, 0.04762950539588928
345, 31, 0.4625190794467926, 0.48744967579841614, 0.22370347380638123, 0.02470301277935505
345, 32, 0.4547698497772217, 0.4816359579563141, 0.2100791484117508, 0.028301719576120377
346, 0, 0.4470272958278656, 0.4194890856742859, -0.20742833614349365, 0.9954794645309448
346, 1, 0.45111149549484253, 0.41428282856941223, -0.21316449344158173, 0.9909287095069885
346, 2, 0.45290714502334595, 0.415121853351593, -0.21318957209587097, 0.9922760128974915
346, 3, 0.45469459891319275, 0.4158826470375061, -0.21321967244148254, 0.993557870388031
346, 4, 0.4462638795375824, 0.41164711117744446, -0.21435371041297913, 0.9947575330734253
346, 5, 0.44454431533813477, 0.4106243848800659, -0.21440741419792175, 0.995692789554596
346, 6, 0.4428098797798157, 0.40952178835868835, -0.2144227772951126, 0.9949162006378174
346, 7, 0.4591788649559021, 0.41346582770347595, -0.20127448439598083, 0.9885629415512085
346, 8, 0.4414009153842926, 0.4027232825756073, -0.2056562453508377, 0.9931641221046448
346, 9, 0.45042935013771057, 0.420831561088562, -0.19891750812530518, 0.9887967109680176
346, 10, 0.4446955621242523, 0.4174221158027649, -0.20044060051441193, 0.9874792695045471
346, 11, 0.47104114294052124, 0.41746920347213745, -0.15612120926380157, 0.9922911524772644
346, 12, 0.4269595742225647, 0.39759668707847595, -0.15969106554985046, 0.9876452088356018
346, 13, 0.4809918999671936, 0.45496290922164917, -0.11889238655567169, 0.8959084749221802
346, 14, 0.404191255569458, 0.4248436391353607, -0.13289561867713928, 0.9521426558494568
346, 15, 0.48111492395401, 0.48781728744506836, -0.10667882859706879, 0.8239418268203735
346, 16, 0.37991151213645935, 0.4684141278266907, -0.122877337038517, 0.9608478546142578
346, 17, 0.4864153265953064, 0.4952009320259094, -0.11596526205539703, 0.8849719166755676
346, 18, 0.3761105537414551, 0.4847886860370636, -0.13788282871246338, 0.9548711776733398
346, 19, 0.4838259220123291, 0.49616941809654236, -0.12150685489177704, 0.8972389101982117
346, 20, 0.38093340396881104, 0.4862697720527649, -0.13719713687896729, 0.9533675909042358
346, 21, 0.48036426305770874, 0.4918597340583801, -0.10868148505687714, 0.7654775381088257
346, 22, 0.38480809330940247, 0.4824351370334625, -0.12300843000411987, 0.9002501368522644
346, 23, 0.4625073969364166, 0.3825781047344208, -0.007947091944515705, 0.9989297986030579
346, 24, 0.44520068168640137, 0.376955509185791, 0.007861392572522163, 0.9978941082954407
346, 25, 0.46811994910240173, 0.4515286386013031, 0.07563316076993942, 0.1266462802886963
346, 26, 0.45165687799453735, 0.4469362795352936, 0.07040032744407654, 0.07388630509376526
346, 27, 0.47631412744522095, 0.4810051918029785, 0.19053611159324646, 0.28062471747398376
346, 28, 0.47634854912757874, 0.4801298677921295, 0.1709752380847931, 0.20563633739948273
346, 29, 0.47635936737060547, 0.48028090596199036, 0.20391738414764404, 0.16971610486507416
346, 30, 0.4790779948234558, 0.479861319065094, 0.18205614387989044, 0.14647991955280304
346, 31, 0.47889798879623413, 0.5072544813156128, 0.20022901892662048, 0.14135757088661194
346, 32, 0.48390763998031616, 0.5066649317741394, 0.17412163317203522, 0.10854233801364899
347, 0, 0.440349280834198, 0.4264857769012451, -0.23286740481853485, 0.991473913192749
347, 1, 0.4445827901363373, 0.42212575674057007, -0.23832280933856964, 0.9911119341850281
347, 2, 0.44646158814430237, 0.4232248067855835, -0.23833492398262024, 0.9896671772003174
347, 3, 0.4483396112918854, 0.4242768883705139, -0.23839148879051208, 0.9892933368682861
347, 4, 0.4397854208946228, 0.4180448353290558, -0.2401655614376068, 0.9924236536026001
347, 5, 0.4383174777030945, 0.41640505194664, -0.2402036488056183, 0.992403507232666
347, 6, 0.43683061003685, 0.4147413372993469, -0.24023060500621796, 0.993118166923523
347, 7, 0.45337772369384766, 0.42226502299308777, -0.21862101554870605, 0.9799689650535583
347, 8, 0.43607816100120544, 0.40808990597724915, -0.22709278762340546, 0.9905257225036621
347, 9, 0.44350919127464294, 0.4288385212421417, -0.220377117395401, 0.9938649535179138
347, 10, 0.4376913905143738, 0.42423999309539795, -0.2229805886745453, 0.9937692284584045
347, 11, 0.46309056878089905, 0.4304550588130951, -0.16100838780403137, 0.9985963702201843
347, 12, 0.4271954596042633, 0.3999076783657074, -0.17247304320335388, 0.9985105395317078
347, 13, 0.46486014127731323, 0.4416864216327667, -0.1089436262845993, 0.5617405772209167
347, 14, 0.4112812876701355, 0.41453051567077637, -0.14600011706352234, 0.9800338745117188
347, 15, 0.4586970806121826, 0.44841331243515015, -0.09186369180679321, 0.379351943731308
347, 16, 0.40048831701278687, 0.442809134721756, -0.14226233959197998, 0.9896605014801025
347, 17, 0.4608747959136963, 0.4518446922302246, -0.10178939253091812, 0.3649318218231201
347, 18, 0.39505961537361145, 0.448872834444046, -0.15881966054439545, 0.976568341255188
347, 19, 0.45769554376602173, 0.4469453990459442, -0.11209871619939804, 0.33354002237319946
347, 20, 0.39902636408805847, 0.4485001564025879, -0.16131338477134705, 0.970328688621521
347, 21, 0.45561355352401733, 0.4448167681694031, -0.09591754525899887, 0.21562132239341736
347, 22, 0.40192127227783203, 0.4472787082195282, -0.1437617987394333, 0.9527561068534851
347, 23, 0.458240807056427, 0.3906194567680359, 8.20026034489274e-05, 0.9994562268257141
347, 24, 0.4428192973136902, 0.3789924085140228, -1.5352867194451392e-05, 0.9992175102233887
347, 25, 0.45169591903686523, 0.43373557925224304, 0.08962473273277283, 0.05659453198313713
347, 26, 0.43226146697998047, 0.42268770933151245, 0.09765666723251343, 0.06211498752236366
347, 27, 0.4439653754234314, 0.4322991967201233, 0.24426333606243134, 0.039284829050302505
347, 28, 0.431720495223999, 0.4284815192222595, 0.24629366397857666, 0.04522723704576492
347, 29, 0.4430624842643738, 0.4274997413158417, 0.26111310720443726, 0.04043874889612198
347, 30, 0.43130365014076233, 0.42542755603790283, 0.26172760128974915, 0.03920863941311836
347, 31, 0.4424077570438385, 0.45083746314048767, 0.25447946786880493, 0.016786033287644386
347, 32, 0.43145591020584106, 0.4462340176105499, 0.25228726863861084, 0.018972259014844894
348, 0, 0.4443369507789612, 0.4207085371017456, -0.23887339234352112, 0.9962659478187561
348, 1, 0.4473246932029724, 0.41885095834732056, -0.24724087119102478, 0.9984748959541321
348, 2, 0.4487769603729248, 0.4195069968700409, -0.2472485601902008, 0.9979965090751648
348, 3, 0.4502168595790863, 0.4201353192329407, -0.2472984343767166, 0.9976154565811157
348, 4, 0.4433571696281433, 0.41643521189689636, -0.249348446726799, 0.9990070462226868
348, 5, 0.44204002618789673, 0.4154506325721741, -0.24939016997814178, 0.9988245368003845
348, 6, 0.44070014357566833, 0.41445082426071167, -0.24940916895866394, 0.9988411068916321
348, 7, 0.4535909593105316, 0.41883957386016846, -0.2322700321674347, 0.9957801103591919
348, 8, 0.4391392171382904, 0.41027700901031494, -0.24121472239494324, 0.9994055032730103
348, 9, 0.44648465514183044, 0.4208889305591583, -0.22625473141670227, 0.9984800219535828
348, 10, 0.44157037138938904, 0.41822364926338196, -0.2290019690990448, 0.9984449744224548
348, 11, 0.4612273573875427, 0.42511290311813354, -0.1661325991153717, 0.9988942742347717
348, 12, 0.4293951094150543, 0.4011914134025574, -0.18192581832408905, 0.9987956285476685
348, 13, 0.46098241209983826, 0.43576839566230774, -0.1151854544878006, 0.7659332156181335
348, 14, 0.4204421937465668, 0.402163028717041, -0.12435939162969589, 0.981183648109436
348, 15, 0.45621711015701294, 0.4502665102481842, -0.11575083434581757, 0.8411405682563782
348, 16, 0.4216674864292145, 0.4239412844181061, -0.10403724014759064, 0.9810020327568054
348, 17, 0.4581674039363861, 0.455769419670105, -0.13162952661514282, 0.8200165629386902
348, 18, 0.4190593361854553, 0.42903631925582886, -0.11946002393960953, 0.9602988362312317
348, 19, 0.45471104979515076, 0.4538528323173523, -0.14235812425613403, 0.8090400099754333
348, 20, 0.4227348864078522, 0.4287947416305542, -0.12484611570835114, 0.9550321698188782
348, 21, 0.45277056097984314, 0.45097050070762634, -0.12092618644237518, 0.7281356453895569
348, 22, 0.4244747757911682, 0.4273216128349304, -0.10591019690036774, 0.947255551815033
348, 23, 0.45616087317466736, 0.38883909583091736, 0.001761027262546122, 0.9997815489768982
348, 24, 0.44322890043258667, 0.38079389929771423, -0.0016544880345463753, 0.9995954632759094
348, 25, 0.4573907256126404, 0.4248347282409668, 0.11066524684429169, 0.09522583335638046
348, 26, 0.4399799704551697, 0.413674533367157, 0.11699800193309784, 0.054528530687093735
348, 27, 0.44780150055885315, 0.4170951843261719, 0.2882348597049713, 0.05125144124031067
348, 28, 0.43508124351501465, 0.4151098132133484, 0.2937833368778229, 0.013965300284326077
348, 29, 0.445966899394989, 0.41187238693237305, 0.30780211091041565, 0.04587250575423241
348, 30, 0.4325072765350342, 0.4137454032897949, 0.3123737871646881, 0.012478766031563282
348, 31, 0.44612520933151245, 0.4328482747077942, 0.30627676844596863, 0.03940732404589653
348, 32, 0.43563956022262573, 0.4253564476966858, 0.3091992735862732, 0.009665322490036488
349, 0, 0.4435323178768158, 0.41850489377975464, -0.22961071133613586, 0.967132568359375
349, 1, 0.4443891644477844, 0.4199729561805725, -0.24347428977489471, 0.9884675145149231
349, 2, 0.4446597695350647, 0.42051222920417786, -0.2434740960597992, 0.9853873252868652
349, 3, 0.44492530822753906, 0.42099207639694214, -0.24350407719612122, 0.9831070899963379
349, 4, 0.44345492124557495, 0.41858595609664917, -0.2444145679473877, 0.9917688369750977
349, 5, 0.44318142533302307, 0.41808703541755676, -0.24445852637290955, 0.9906187653541565
349, 6, 0.4428911805152893, 0.4175446927547455, -0.2444562017917633, 0.9923886656761169
349, 7, 0.4460577070713043, 0.4216935932636261, -0.2451188862323761, 0.9887260794639587
349, 8, 0.442680299282074, 0.41598573327064514, -0.24847707152366638, 0.9973748922348022
349, 9, 0.44393905997276306, 0.41753053665161133, -0.2218291461467743, 0.9941596984863281
349, 10, 0.4427635669708252, 0.4157872498035431, -0.22301986813545227, 0.993178129196167
349, 11, 0.4480898976325989, 0.4253738522529602, -0.18350324034690857, 0.9984891414642334
349, 12, 0.44233161211013794, 0.41073471307754517, -0.19733241200447083, 0.9984732270240784
349, 13, 0.44260984659194946, 0.42641782760620117, -0.11852087825536728, 0.9119143486022949
349, 14, 0.4445352554321289, 0.4001280963420868, -0.1268233060836792, 0.9719213843345642
349, 15, 0.44889363646507263, 0.43614479899406433, -0.09853201359510422, 0.6451031565666199
349, 16, 0.4446069300174713, 0.41775670647621155, -0.08686559647321701, 0.8011359572410583
349, 17, 0.45226627588272095, 0.44017714262008667, -0.11195437610149384, 0.5432023406028748
349, 18, 0.44348281621932983, 0.42351996898651123, -0.09858782589435577, 0.6313733458518982
349, 19, 0.4505980908870697, 0.4409770965576172, -0.11668901145458221, 0.5154753923416138
349, 20, 0.4450071454048157, 0.42420145869255066, -0.10362204164266586, 0.6358941793441772
349, 21, 0.4491458833217621, 0.4388783872127533, -0.1007828488945961, 0.4062351584434509
349, 22, 0.44480615854263306, 0.42246654629707336, -0.08822445571422577, 0.6649940013885498
349, 23, 0.4485880732536316, 0.39078664779663086, 0.0029370265547186136, 0.9994581341743469
349, 24, 0.44946449995040894, 0.38923928141593933, -0.0027769021689891815, 0.999091386795044
349, 25, 0.4459401071071625, 0.41323333978652954, 0.14075371623039246, 0.08034355193376541
349, 26, 0.4449811577796936, 0.4135455787181854, 0.14311480522155762, 0.03901318460702896
349, 27, 0.43646806478500366, 0.41796714067459106, 0.3269602954387665, 0.036014292389154434
349, 28, 0.43858447670936584, 0.42173415422439575, 0.3204324245452881, 0.005631544161587954
349, 29, 0.4349842667579651, 0.4174869656562805, 0.3479466140270233, 0.04387601464986801
349, 30, 0.4359791874885559, 0.423371285200119, 0.33971479535102844, 0.007154529914259911
349, 31, 0.43335801362991333, 0.42536142468452454, 0.35328206419944763, 0.02932572178542614
349, 32, 0.43887901306152344, 0.423890084028244, 0.34260156750679016, 0.005400180816650391
350, 0, 0.4442576467990875, 0.4200817048549652, -0.1879858672618866, 0.9869011044502258
350, 1, 0.44634562730789185, 0.4205806851387024, -0.20238737761974335, 0.9928602576255798
350, 2, 0.44720086455345154, 0.4210652709007263, -0.20239397883415222, 0.9939215183258057
350, 3, 0.4480561316013336, 0.42150118947029114, -0.20243075489997864, 0.9897379279136658
350, 4, 0.44401851296424866, 0.4193457365036011, -0.2046075165271759, 0.9947638511657715
350, 5, 0.44327911734580994, 0.4188615679740906, -0.204642653465271, 0.9958745837211609
350, 6, 0.44252103567123413, 0.4183390736579895, -0.20464476943016052, 0.9946507811546326
350, 7, 0.45057225227355957, 0.4217735826969147, -0.2105197012424469, 0.9928727149963379
350, 8, 0.4422747492790222, 0.41636499762535095, -0.2195967733860016, 0.9980908036231995
350, 9, 0.4455042779445648, 0.4194245934486389, -0.1827799528837204, 0.996699869632721
350, 10, 0.44270068407058716, 0.4177517294883728, -0.1856345385313034, 0.9962137341499329
350, 11, 0.454285204410553, 0.4255602955818176, -0.15785300731658936, 0.9981992840766907
350, 12, 0.4376256465911865, 0.4100840389728546, -0.1760106235742569, 0.9968683123588562
350, 13, 0.44949132204055786, 0.4243493676185608, -0.09188768267631531, 0.9355369210243225
350, 14, 0.4363592267036438, 0.4020290672779083, -0.10143060982227325, 0.9474037289619446
350, 15, 0.4510435163974762, 0.44433164596557617, -0.07502168416976929, 0.6264236569404602
350, 16, 0.4425174295902252, 0.4296515882015228, -0.05565392225980759, 0.7231473922729492
350, 17, 0.456136554479599, 0.45598775148391724, -0.08607922494411469, 0.5554168224334717
350, 18, 0.4420798420906067, 0.43718913197517395, -0.06533785909414291, 0.6096549034118652
350, 19, 0.4523487687110901, 0.4545650780200958, -0.09286262094974518, 0.5200421810150146
350, 20, 0.4452812075614929, 0.436052143573761, -0.07028563320636749, 0.6027190685272217
350, 21, 0.452248752117157, 0.45380884408950806, -0.07790984213352203, 0.41934895515441895
350, 22, 0.4450454115867615, 0.4335598945617676, -0.05664133280515671, 0.6085179448127747
350, 23, 0.45189356803894043, 0.38993290066719055, 0.0034759368281811476, 0.9996806383132935
350, 24, 0.4472302794456482, 0.3864983022212982, -0.003305923892185092, 0.9991185069084167
350, 25, 0.4496689736843109, 0.41635867953300476, 0.13265497982501984, 0.19327528774738312
350, 26, 0.4450487494468689, 0.4127158224582672, 0.1298411786556244, 0.10265737771987915
350, 27, 0.4457968771457672, 0.41022008657455444, 0.30907803773880005, 0.12281835824251175
350, 28, 0.4403744339942932, 0.41570279002189636, 0.30314651131629944, 0.02060704492032528
350, 29, 0.4448717534542084, 0.40607210993766785, 0.3294050693511963, 0.12157659232616425
350, 30, 0.4373088777065277, 0.4147630035877228, 0.3219733238220215, 0.02451307512819767
350, 31, 0.44564715027809143, 0.4225192070007324, 0.33564573526382446, 0.032199226319789886
350, 32, 0.4417531490325928, 0.4226057827472687, 0.3256070911884308, 0.005099310539662838
351, 0, 0.449698269367218, 0.41737252473831177, -0.19611164927482605, 0.9781537055969238
351, 1, 0.45437416434288025, 0.4129859507083893, -0.2042251080274582, 0.9825087785720825
351, 2, 0.4562603533267975, 0.4137747585773468, -0.20424064993858337, 0.9845949411392212
351, 3, 0.4581509530544281, 0.4144972860813141, -0.2043212205171585, 0.9810845255851746
351, 4, 0.44928663969039917, 0.41057559847831726, -0.20480720698833466, 0.982448399066925
351, 5, 0.4476293623447418, 0.40963828563690186, -0.2048463523387909, 0.98256516456604
351, 6, 0.44596314430236816, 0.4086591899394989, -0.204865500330925, 0.9816679358482361
351, 7, 0.4636802077293396, 0.4120756685733795, -0.19786065816879272, 0.9690418839454651
351, 8, 0.44513481855392456, 0.401644229888916, -0.19980750977993011, 0.9726760387420654
351, 9, 0.45295271277427673, 0.41816049814224243, -0.18837401270866394, 0.9701957106590271
351, 10, 0.44720596075057983, 0.41521143913269043, -0.189174622297287, 0.9652306437492371
351, 11, 0.47555914521217346, 0.4181443452835083, -0.15058034658432007, 0.9880234003067017
351, 12, 0.4313458502292633, 0.39444342255592346, -0.15749591588974, 0.9700834155082703
351, 13, 0.48324155807495117, 0.4522134065628052, -0.10581126064062119, 0.8526843190193176
351, 14, 0.41030484437942505, 0.42510682344436646, -0.12051545083522797, 0.6381661891937256
351, 15, 0.4810216426849365, 0.48203957080841064, -0.09433184564113617, 0.594498336315155
351, 16, 0.39227494597435, 0.47357094287872314, -0.11049853265285492, 0.7224804759025574
351, 17, 0.48517608642578125, 0.48982080817222595, -0.10487450659275055, 0.522814929485321
351, 18, 0.38452768325805664, 0.4840168356895447, -0.1254696398973465, 0.7004504203796387
351, 19, 0.48121705651283264, 0.4876112937927246, -0.11102457344532013, 0.5167699456214905
351, 20, 0.3903351128101349, 0.48440665006637573, -0.12582974135875702, 0.691494345664978
351, 21, 0.4779990613460541, 0.4828374683856964, -0.09662563353776932, 0.32064321637153625
351, 22, 0.3945682942867279, 0.48142752051353455, -0.1109839454293251, 0.5663471817970276
351, 23, 0.465735524892807, 0.38890567421913147, -0.002155086724087596, 0.9986340403556824
351, 24, 0.4478031098842621, 0.37855276465415955, 0.0021381452679634094, 0.9982884526252747
351, 25, 0.46232420206069946, 0.44696855545043945, 0.09841354191303253, 0.02867211028933525
351, 26, 0.44322866201400757, 0.4388497769832611, 0.09638743847608566, 0.034722741693258286
351, 27, 0.4627141058444977, 0.456010639667511, 0.24137480556964874, 0.0820004940032959
351, 28, 0.45287856459617615, 0.45217180252075195, 0.2321876585483551, 0.06118149682879448
351, 29, 0.46161356568336487, 0.4523577392101288, 0.25813746452331543, 0.07760236412286758
351, 30, 0.4534803032875061, 0.44980236887931824, 0.24698880314826965, 0.06692744046449661
351, 31, 0.46498289704322815, 0.4773179292678833, 0.2592627704143524, 0.01854705438017845
351, 32, 0.4578169882297516, 0.47294870018959045, 0.24306175112724304, 0.020217446610331535
352, 0, 0.45173653960227966, 0.41876721382141113, -0.22417481243610382, 0.9930092096328735
352, 1, 0.4558789134025574, 0.4111306965351105, -0.22909757494926453, 0.9952375888824463
352, 2, 0.4576912820339203, 0.4112620949745178, -0.2291119396686554, 0.994873583316803
352, 3, 0.4594932198524475, 0.4113585650920868, -0.2291901558637619, 0.994469404220581
352, 4, 0.45100411772727966, 0.40988948941230774, -0.23019461333751678, 0.9965540170669556
352, 5, 0.4493562579154968, 0.40909543633461, -0.2302306890487671, 0.9964883327484131
352, 6, 0.44771069288253784, 0.4082903265953064, -0.23023755848407745, 0.9962234497070312
352, 7, 0.4639556407928467, 0.40691959857940674, -0.20868715643882751, 0.992755115032196
352, 8, 0.44618040323257446, 0.4011048972606659, -0.2137577086687088, 0.9963249564170837
352, 9, 0.4544830918312073, 0.41933390498161316, -0.21167202293872833, 0.9928100109100342
352, 10, 0.4486789107322693, 0.41768237948417664, -0.21334147453308105, 0.992319643497467
352, 11, 0.47169893980026245, 0.41890186071395874, -0.15165306627750397, 0.9948179125785828
352, 12, 0.433610737323761, 0.398425430059433, -0.16532929241657257, 0.9934222102165222
352, 13, 0.46515101194381714, 0.4498175382614136, -0.1117711216211319, 0.48045814037323
352, 14, 0.4152619242668152, 0.43298661708831787, -0.12732592225074768, 0.7123536467552185
352, 15, 0.4618435502052307, 0.4729268252849579, -0.112923763692379, 0.3017338514328003
352, 16, 0.4041360318660736, 0.46167492866516113, -0.11606697738170624, 0.6719934940338135
352, 17, 0.4654967784881592, 0.48137015104293823, -0.12299741804599762, 0.2644121050834656
352, 18, 0.39790499210357666, 0.4689804017543793, -0.13150672614574432, 0.598580539226532
352, 19, 0.4607166647911072, 0.47743940353393555, -0.13068188726902008, 0.25780317187309265
352, 20, 0.40395498275756836, 0.4686514139175415, -0.13158018887043, 0.6137539744377136
352, 21, 0.45784705877304077, 0.47235000133514404, -0.1159447431564331, 0.1841001808643341
352, 22, 0.4075031280517578, 0.4659012258052826, -0.11641322076320648, 0.5233368873596191
352, 23, 0.46475452184677124, 0.3879786729812622, 0.0004623873101081699, 0.9994797110557556
352, 24, 0.4479251503944397, 0.3792623281478882, -0.0004290180222596973, 0.9995443224906921
352, 25, 0.46442708373069763, 0.4477556347846985, 0.09018567204475403, 0.051030583679676056
352, 26, 0.44066277146339417, 0.44599199295043945, 0.08234554529190063, 0.06866543740034103
352, 27, 0.4629516005516052, 0.4512459933757782, 0.22809720039367676, 0.048299048095941544
352, 28, 0.4534282088279724, 0.4482693076133728, 0.22356250882148743, 0.047251440584659576
352, 29, 0.4618448317050934, 0.447775661945343, 0.2440708577632904, 0.03856882452964783
352, 30, 0.4550633430480957, 0.44540277123451233, 0.23889681696891785, 0.027949275448918343
352, 31, 0.4637860655784607, 0.4716860353946686, 0.24607232213020325, 0.041857246309518814
352, 32, 0.4575585722923279, 0.4669544994831085, 0.23969082534313202, 0.03335801512002945
353, 0, 0.45107895135879517, 0.41746363043785095, -0.20044144988059998, 0.9909027218818665
353, 1, 0.45441263914108276, 0.4154077172279358, -0.20904722809791565, 0.989231288433075
353, 2, 0.4559555947780609, 0.4160207509994507, -0.20907974243164062, 0.9891586899757385
353, 3, 0.4574989378452301, 0.41654032468795776, -0.20916545391082764, 0.9884597063064575
353, 4, 0.4500647187232971, 0.41337090730667114, -0.209041029214859, 0.9928528666496277
353, 5, 0.44863361120224, 0.41250577569007874, -0.20909059047698975, 0.9932418465614319
353, 6, 0.44717130064964294, 0.41159164905548096, -0.20912528038024902, 0.9936554431915283
353, 7, 0.4617463946342468, 0.41366714239120483, -0.20775559544563293, 0.9735985398292542
353, 8, 0.44614332914352417, 0.40502747893333435, -0.20696668326854706, 0.9867209196090698
353, 9, 0.45382577180862427, 0.4169292747974396, -0.19467219710350037, 0.9842409491539001
353, 10, 0.4489681124687195, 0.414419949054718, -0.1946934014558792, 0.9800451397895813
353, 11, 0.4764619767665863, 0.41367000341415405, -0.1708143800497055, 0.9781834483146667
353, 12, 0.431397020816803, 0.40126562118530273, -0.16865134239196777, 0.9627721905708313
353, 13, 0.48829084634780884, 0.4502747356891632, -0.14788421988487244, 0.9927319884300232
353, 14, 0.4073637127876282, 0.4327675998210907, -0.15035447478294373, 0.7817128896713257
353, 15, 0.5040732026100159, 0.4910002052783966, -0.14539051055908203, 0.9660618901252747
353, 16, 0.38819795846939087, 0.479704886674881, -0.1485292911529541, 0.8080517053604126
353, 17, 0.5110437273979187, 0.5039413571357727, -0.15911489725112915, 0.9288760423660278
353, 18, 0.3794717788696289, 0.492993026971817, -0.1666780263185501, 0.7293930053710938
353, 19, 0.5082520842552185, 0.5064918398857117, -0.16128785908222198, 0.917325496673584
353, 20, 0.38468992710113525, 0.4937930107116699, -0.16653747856616974, 0.7054567933082581
353, 21, 0.5044762492179871, 0.49995067715644836, -0.14654888212680817, 0.7756583094596863
353, 22, 0.38933059573173523, 0.4892934262752533, -0.14945931732654572, 0.5875060558319092
353, 23, 0.46738100051879883, 0.38451412320137024, -0.0036112084053456783, 0.9978753328323364
353, 24, 0.44710880517959595, 0.3803331255912781, 0.0035488256253302097, 0.9957473874092102
353, 25, 0.468144953250885, 0.4478163421154022, 0.08350186794996262, 0.03352528065443039
353, 26, 0.44543784856796265, 0.44969892501831055, 0.07800744473934174, 0.08677829056978226
353, 27, 0.4725135862827301, 0.46180492639541626, 0.21161285042762756, 0.0890732929110527
353, 28, 0.45945876836776733, 0.46199658513069153, 0.18806271255016327, 0.06710634380578995
353, 29, 0.4713572859764099, 0.4585413634777069, 0.22675375640392303, 0.09145503491163254
353, 30, 0.46045389771461487, 0.45840999484062195, 0.20017430186271667, 0.09939368069171906
353, 31, 0.4784441590309143, 0.4874129295349121, 0.22622597217559814, 0.01715218275785446
353, 32, 0.4670831561088562, 0.4850762188434601, 0.19499628245830536, 0.025789156556129456
354, 0, 0.45081526041030884, 0.4209628105163574, -0.2256176918745041, 0.9849625825881958
354, 1, 0.4542221128940582, 0.4157446026802063, -0.2318989783525467, 0.977464497089386
354, 2, 0.45598846673965454, 0.4161657691001892, -0.2319297045469284, 0.9776954054832458
354, 3, 0.4577452540397644, 0.41651657223701477, -0.23199474811553955, 0.9810330867767334
354, 4, 0.44939500093460083, 0.41397809982299805, -0.23263688385486603, 0.9865906238555908
354, 5, 0.44773679971694946, 0.41314780712127686, -0.23268917202949524, 0.9874540567398071
354, 6, 0.4460674822330475, 0.4122781455516815, -0.23270969092845917, 0.9875712394714355
354, 7, 0.46235355734825134, 0.41260093450546265, -0.21869798004627228, 0.9624532461166382
354, 8, 0.4446253776550293, 0.4050672650337219, -0.2212953269481659, 0.9773598313331604
354, 9, 0.4543472230434418, 0.4211360514163971, -0.21602313220500946, 0.9766324758529663
354, 10, 0.4485945701599121, 0.4188869893550873, -0.21698661148548126, 0.9707822203636169
354, 11, 0.4752608835697174, 0.41681206226348877, -0.16962064802646637, 0.986078143119812
354, 12, 0.43158379197120667, 0.402113139629364, -0.174843430519104, 0.9775615334510803
354, 13, 0.48022547364234924, 0.4527459740638733, -0.13863444328308105, 0.9338000416755676
354, 14, 0.40918248891830444, 0.4381234049797058, -0.15572577714920044, 0.9227213263511658
354, 15, 0.485251247882843, 0.48059141635894775, -0.13787305355072021, 0.7789281010627747
354, 16, 0.38850319385528564, 0.4852471947669983, -0.15797105431556702, 0.8994565606117249
354, 17, 0.4910670220851898, 0.4877476692199707, -0.15008187294006348, 0.7663871049880981
354, 18, 0.38106727600097656, 0.49748945236206055, -0.17708824574947357, 0.874793291091919
354, 19, 0.4881642460823059, 0.48810991644859314, -0.15599574148654938, 0.7611578702926636
354, 20, 0.38660532236099243, 0.498304545879364, -0.17706361413002014, 0.8693018555641174
354, 21, 0.48456186056137085, 0.4838319420814514, -0.14033180475234985, 0.575623095035553
354, 22, 0.39082661271095276, 0.4939943552017212, -0.15897919237613678, 0.783979594707489
354, 23, 0.46633559465408325, 0.3849954307079315, -0.0034777349792420864, 0.9983345866203308
354, 24, 0.44739922881126404, 0.38115182518959045, 0.0034053444396704435, 0.997425377368927
354, 25, 0.47028809785842896, 0.4525045156478882, 0.08009815961122513, 0.06658322364091873
354, 26, 0.449211061000824, 0.4544791877269745, 0.07503693550825119, 0.08481913059949875
354, 27, 0.47349971532821655, 0.47061800956726074, 0.2080334722995758, 0.1158020868897438
354, 28, 0.4685641825199127, 0.4703007638454437, 0.19311651587486267, 0.09694457054138184
354, 29, 0.4728071093559265, 0.4679645895957947, 0.22279426455497742, 0.09905163943767548
354, 30, 0.47061866521835327, 0.4670969247817993, 0.20601627230644226, 0.08258365094661713
354, 31, 0.4771725535392761, 0.4959232807159424, 0.2200625240802765, 0.06955070793628693
354, 32, 0.475821316242218, 0.49486809968948364, 0.20050501823425293, 0.06763472408056259
355, 0, 0.45059734582901, 0.42120519280433655, -0.2122812569141388, 0.9843524098396301
355, 1, 0.4551905691623688, 0.41331860423088074, -0.21826791763305664, 0.990312933921814
355, 2, 0.4573093056678772, 0.41384613513946533, -0.21827884018421173, 0.9903181791305542
355, 3, 0.45941829681396484, 0.41432252526283264, -0.21835944056510925, 0.9899464249610901
355, 4, 0.4494558870792389, 0.41088154911994934, -0.21836629509925842, 0.990951657295227
355, 5, 0.4475601613521576, 0.40967482328414917, -0.21840015053749084, 0.9911704063415527
355, 6, 0.4456579089164734, 0.40844497084617615, -0.2184077948331833, 0.9916776418685913
355, 7, 0.4651159644126892, 0.4099333882331848, -0.20205804705619812, 0.9880896210670471
355, 8, 0.4441618323326111, 0.3997977077960968, -0.20215077698230743, 0.9901122450828552
355, 9, 0.45428475737571716, 0.4228381812572479, -0.2012750804424286, 0.9851363897323608
355, 10, 0.4476913809776306, 0.4199369549751282, -0.20150358974933624, 0.9844033718109131
355, 11, 0.47794675827026367, 0.4216642677783966, -0.14461591839790344, 0.9892977476119995
355, 12, 0.43067440390586853, 0.39495477080345154, -0.1563006043434143, 0.9861319065093994
355, 13, 0.4744013249874115, 0.453921377658844, -0.09882418066263199, 0.4505424201488495
355, 14, 0.4081803858280182, 0.43799859285354614, -0.12587006390094757, 0.8854923248291016
355, 15, 0.4638899266719818, 0.47742733359336853, -0.09687032550573349, 0.2529630661010742
355, 16, 0.3898427486419678, 0.48449161648750305, -0.12661516666412354, 0.8859633207321167
355, 17, 0.46666139364242554, 0.4842064380645752, -0.10721643269062042, 0.2574138641357422
355, 18, 0.38165000081062317, 0.4938381612300873, -0.1432245820760727, 0.857361912727356
355, 19, 0.46116870641708374, 0.47906768321990967, -0.11479862034320831, 0.26189205050468445
355, 20, 0.38823971152305603, 0.49376213550567627, -0.1436936855316162, 0.8644049763679504
355, 21, 0.45846128463745117, 0.47479870915412903, -0.0998198613524437, 0.16915330290794373
355, 22, 0.3928247392177582, 0.49117690324783325, -0.12738797068595886, 0.7954024076461792
355, 23, 0.468014657497406, 0.3910295367240906, -0.00045316730393096805, 0.9992700219154358
355, 24, 0.4460097849369049, 0.37852174043655396, 0.00047259972780011594, 0.9993877410888672
355, 25, 0.4643007814884186, 0.4435248076915741, 0.09147030115127563, 0.06955710798501968
355, 26, 0.43579062819480896, 0.438289612531662, 0.08636189252138138, 0.08015260100364685
355, 27, 0.4606752395629883, 0.44624078273773193, 0.23213472962379456, 0.04711802303791046
355, 28, 0.4449536204338074, 0.44298607110977173, 0.2270658314228058, 0.06767420470714569
355, 29, 0.4595796465873718, 0.4424267113208771, 0.24827449023723602, 0.03562582656741142
355, 30, 0.44647106528282166, 0.43996191024780273, 0.24239544570446014, 0.041633617132902145
355, 31, 0.4592757225036621, 0.46692898869514465, 0.2491072118282318, 0.02579486183822155
355, 32, 0.44587621092796326, 0.463500052690506, 0.24179430305957794, 0.034544866532087326
356, 0, 0.4508412480354309, 0.4208166003227234, -0.20872613787651062, 0.980865478515625
356, 1, 0.4550936818122864, 0.41355183720588684, -0.2159089744091034, 0.9856906533241272
356, 2, 0.457184374332428, 0.4140411913394928, -0.2159256488084793, 0.9876415729522705
356, 3, 0.4592689871788025, 0.4144754111766815, -0.21600839495658875, 0.9861408472061157
356, 4, 0.4493686258792877, 0.41134020686149597, -0.2157665193080902, 0.9863173365592957
356, 5, 0.4474557042121887, 0.41025009751319885, -0.2158096730709076, 0.987675666809082
356, 6, 0.44554248452186584, 0.4091235399246216, -0.21582183241844177, 0.9871654510498047
356, 7, 0.46492093801498413, 0.40987879037857056, -0.20450624823570251, 0.9818312525749207
356, 8, 0.4438990652561188, 0.4002569019794464, -0.20334334671497345, 0.9842103719711304
356, 9, 0.4547030031681061, 0.421830952167511, -0.1993303745985031, 0.9746052622795105
356, 10, 0.4481643736362457, 0.41913095116615295, -0.1992272287607193, 0.9711190462112427
356, 11, 0.47850924730300903, 0.4181559383869171, -0.15086734294891357, 0.9820863008499146
356, 12, 0.4305568337440491, 0.3955560326576233, -0.15983372926712036, 0.9717832803726196
356, 13, 0.4800913333892822, 0.45293503999710083, -0.10433085262775421, 0.7186916470527649
356, 14, 0.40770092606544495, 0.43686777353286743, -0.12790803611278534, 0.8725055456161499
356, 15, 0.47278061509132385, 0.4800167381763458, -0.09583064913749695, 0.4359012842178345
356, 16, 0.38805222511291504, 0.48452168703079224, -0.12601076066493988, 0.8650573492050171
356, 17, 0.476248562335968, 0.4867118000984192, -0.10582717508077621, 0.427569717168808
356, 18, 0.37999099493026733, 0.4943452477455139, -0.14238525927066803, 0.8410232663154602
356, 19, 0.47145408391952515, 0.482848584651947, -0.11276670545339584, 0.4251513183116913
356, 20, 0.3862280249595642, 0.4936847388744354, -0.14216768741607666, 0.8417766094207764
356, 21, 0.4683759808540344, 0.47850772738456726, -0.0983288511633873, 0.25372079014778137
356, 22, 0.3907907009124756, 0.4908762276172638, -0.12644578516483307, 0.7445037364959717
356, 23, 0.46737903356552124, 0.39296814799308777, -0.002004817593842745, 0.998982846736908
356, 24, 0.44573235511779785, 0.3828631639480591, 0.001998694147914648, 0.9988375306129456
356, 25, 0.4653300344944, 0.4468519389629364, 0.09464668482542038, 0.04913247376680374
356, 26, 0.43938952684402466, 0.43956053256988525, 0.09488391876220703, 0.059188779443502426
356, 27, 0.4632955491542816, 0.4519865810871124, 0.23884212970733643, 0.06300900876522064
356, 28, 0.44788336753845215, 0.4494178891181946, 0.23533141613006592, 0.07687120139598846
356, 29, 0.46183091402053833, 0.4479053020477295, 0.2555788457393646, 0.054033536463975906
356, 30, 0.44849592447280884, 0.44668740034103394, 0.25078675150871277, 0.06384746730327606
356, 31, 0.46461066603660583, 0.4746145009994507, 0.25611624121665955, 0.017159121111035347
356, 32, 0.45128145813941956, 0.4718772768974304, 0.24882474541664124, 0.02462722919881344
357, 0, 0.4522171914577484, 0.4146592319011688, -0.25584539771080017, 0.9999202489852905
357, 1, 0.45587366819381714, 0.4083154797554016, -0.25912970304489136, 0.9999064207077026
357, 2, 0.457160085439682, 0.408486545085907, -0.2591415047645569, 0.9998750686645508
357, 3, 0.45843371748924255, 0.4086126983165741, -0.2592149078845978, 0.9998873472213745
357, 4, 0.4523993134498596, 0.40677303075790405, -0.26205000281333923, 0.9999293088912964
357, 5, 0.45126980543136597, 0.4058364927768707, -0.26209497451782227, 0.9999130964279175
357, 6, 0.45012348890304565, 0.4049012064933777, -0.26209646463394165, 0.9998996257781982
357, 7, 0.4613181948661804, 0.4047154188156128, -0.2329787313938141, 0.9997815489768982
357, 8, 0.4488772451877594, 0.3987201154232025, -0.24660876393318176, 0.9999212026596069
357, 9, 0.45366114377975464, 0.4157763719558716, -0.24149033427238464, 0.9999297857284546
357, 10, 0.4493510127067566, 0.41374409198760986, -0.24568334221839905, 0.9999091625213623
357, 11, 0.46366292238235474, 0.4169752895832062, -0.1732313483953476, 0.9997910857200623
357, 12, 0.4390241205692291, 0.4003429412841797, -0.18698744475841522, 0.999531626701355
357, 13, 0.45274052023887634, 0.4506838619709015, -0.1377042829990387, 0.5777487754821777
357, 14, 0.42405882477760315, 0.4371759295463562, -0.14398537576198578, 0.892981767654419
357, 15, 0.4528931975364685, 0.4807208478450775, -0.14143705368041992, 0.4907742440700531
357, 16, 0.41617831587791443, 0.4698278307914734, -0.1108076423406601, 0.7379472255706787
357, 17, 0.45632338523864746, 0.49039408564567566, -0.15381312370300293, 0.40334150195121765
357, 18, 0.4120129942893982, 0.47861865162849426, -0.12318609654903412, 0.5598998665809631
357, 19, 0.4601684510707855, 0.4864709973335266, -0.1607740968465805, 0.40714243054389954
357, 20, 0.4160481095314026, 0.47738003730773926, -0.12447337061166763, 0.5388272404670715
357, 21, 0.4519979953765869, 0.4835513234138489, -0.14471092820167542, 0.33025801181793213
357, 22, 0.418107807636261, 0.47406384348869324, -0.11126448959112167, 0.4855622947216034
357, 23, 0.4623299241065979, 0.38606148958206177, 0.0007826609653420746, 0.9999514818191528
357, 24, 0.4524001181125641, 0.37956106662750244, -0.0006550316466018558, 0.9999654293060303
357, 25, 0.46334370970726013, 0.44707852602005005, 0.08465190976858139, 0.32321640849113464
357, 26, 0.46437835693359375, 0.4473371207714081, 0.06581943482160568, 0.5110225081443787
357, 27, 0.4582558274269104, 0.473232239484787, 0.22015562653541565, 0.21272124350070953
357, 28, 0.4922744631767273, 0.4844576418399811, 0.18152284622192383, 0.3450542986392975
357, 29, 0.45771485567092896, 0.4742140471935272, 0.23536273837089539, 0.11267614364624023
357, 30, 0.49639397859573364, 0.48588088154792786, 0.19379441440105438, 0.14461812376976013
357, 31, 0.4570128321647644, 0.4932337999343872, 0.22683365643024445, 0.426535427570343
357, 32, 0.5013805031776428, 0.5098860263824463, 0.1797643005847931, 0.4676009714603424
358, 0, 0.4497494697570801, 0.40546780824661255, -0.24986806511878967, 0.9999198913574219
358, 1, 0.4514103829860687, 0.40389469265937805, -0.2523183822631836, 0.999966025352478
358, 2, 0.45168742537498474, 0.40433594584465027, -0.2523605525493622, 0.9999532699584961
358, 3, 0.45195263624191284, 0.4047461152076721, -0.25246211886405945, 0.9999624490737915
358, 4, 0.45136427879333496, 0.4025651812553406, -0.25521543622016907, 0.9999567270278931
358, 5, 0.4513562321662903, 0.4018627107143402, -0.2552398443222046, 0.9999383687973022
358, 6, 0.45131760835647583, 0.40112733840942383, -0.2552308440208435, 0.9999315738677979
358, 7, 0.45308780670166016, 0.40346336364746094, -0.22340944409370422, 0.9999572038650513
358, 8, 0.45261573791503906, 0.397996723651886, -0.23663847148418427, 0.9999669790267944
358, 9, 0.4499220848083496, 0.4046178162097931, -0.23429980874061584, 0.999957799911499
358, 10, 0.448966920375824, 0.4024609327316284, -0.23835304379463196, 0.9999338388442993
358, 11, 0.45005446672439575, 0.41060739755630493, -0.15905539691448212, 0.9999585151672363
358, 12, 0.4512404799461365, 0.39625999331474304, -0.1832738071680069, 0.9994750618934631
358, 13, 0.424344003200531, 0.4450477659702301, -0.13079188764095306, 0.789991021156311
358, 14, 0.4407285749912262, 0.4362725019454956, -0.1354285031557083, 0.840182900428772
358, 15, 0.41099414229393005, 0.47638311982154846, -0.15227030217647552, 0.8072882294654846
358, 16, 0.439145565032959, 0.4649946987628937, -0.11132560670375824, 0.5737625956535339
358, 17, 0.40845924615859985, 0.4894035756587982, -0.1680835783481598, 0.7244383692741394
358, 18, 0.43810582160949707, 0.4745502471923828, -0.12633082270622253, 0.4106379747390747
358, 19, 0.407917320728302, 0.48765236139297485, -0.17935118079185486, 0.7440841197967529
358, 20, 0.43885916471481323, 0.47259819507598877, -0.1290757805109024, 0.40242084860801697
358, 21, 0.40882477164268494, 0.48173123598098755, -0.15829503536224365, 0.638906717300415
358, 22, 0.4385489821434021, 0.46923935413360596, -0.11269320547580719, 0.4206298291683197
358, 23, 0.453490674495697, 0.39472490549087524, 0.005989633966237307, 0.9999881982803345
358, 24, 0.45441800355911255, 0.39000236988067627, -0.0058217765763401985, 0.9999827146530151
358, 25, 0.44834446907043457, 0.4502679109573364, 0.10904695838689804, 0.261032372713089
358, 26, 0.45216646790504456, 0.45670101046562195, 0.09622561931610107, 0.4005720913410187
358, 27, 0.4379025101661682, 0.4579698443412781, 0.2622981369495392, 0.1237044557929039
358, 28, 0.46449509263038635, 0.467727929353714, 0.23861634731292725, 0.20030514895915985
358, 29, 0.4367131292819977, 0.4567468762397766, 0.27907034754753113, 0.08919593691825867
358, 30, 0.4643651843070984, 0.46508315205574036, 0.25290828943252563, 0.11105030030012131
358, 31, 0.43574458360671997, 0.47141674160957336, 0.26986145973205566, 0.33349916338920593
358, 32, 0.47125858068466187, 0.48407432436943054, 0.24034538865089417, 0.35853299498558044
359, 0, 0.4491773247718811, 0.4127286672592163, -0.26475346088409424, 0.9999898672103882
359, 1, 0.45157209038734436, 0.41060304641723633, -0.26660361886024475, 0.9999939203262329
359, 2, 0.45214733481407166, 0.41110387444496155, -0.2666378319263458, 0.9999910593032837
359, 3, 0.45271462202072144, 0.4115603268146515, -0.26673880219459534, 0.9999926090240479
359, 4, 0.45057669281959534, 0.40875211358070374, -0.27008503675460815, 0.9999923706054688
359, 5, 0.4502926766872406, 0.4077797830104828, -0.2701192796230316, 0.9999886751174927
359, 6, 0.4499797224998474, 0.40679407119750977, -0.2701089680194855, 0.9999862909317017
359, 7, 0.4543890357017517, 0.4096968472003937, -0.23401466012001038, 0.9999886751174927
359, 8, 0.4505785405635834, 0.40262365341186523, -0.24954447150230408, 0.9999927282333374
359, 9, 0.44956842064857483, 0.41274479031562805, -0.2478862702846527, 0.9999951124191284
359, 10, 0.44771748781204224, 0.41000285744667053, -0.25259914994239807, 0.999992847442627
359, 11, 0.4518539011478424, 0.41623997688293457, -0.16718250513076782, 0.9999843835830688
359, 12, 0.4471927285194397, 0.399228572845459, -0.19082775712013245, 0.9998520612716675
359, 13, 0.4271470010280609, 0.4501097500324249, -0.1402907818555832, 0.8186787962913513
359, 14, 0.43675822019577026, 0.43630653619766235, -0.14667834341526031, 0.9361386895179749
359, 15, 0.41091641783714294, 0.47990676760673523, -0.16224093735218048, 0.8507500886917114
359, 16, 0.4357975125312805, 0.4668028652667999, -0.12461213767528534, 0.819435179233551
359, 17, 0.4084656238555908, 0.4920809864997864, -0.17843759059906006, 0.7914837002754211
359, 18, 0.4346981644630432, 0.4754035472869873, -0.1393583118915558, 0.6802863478660583
359, 19, 0.4076443314552307, 0.48897284269332886, -0.19066770374774933, 0.8001225590705872
359, 20, 0.4364650845527649, 0.474326491355896, -0.14401262998580933, 0.6561036705970764
359, 21, 0.40835434198379517, 0.4831423759460449, -0.16872896254062653, 0.7322580814361572
359, 22, 0.4364773631095886, 0.4712391197681427, -0.12676988542079926, 0.6535525321960449
359, 23, 0.4552675187587738, 0.3867359459400177, 0.004522057715803385, 0.9999887943267822
359, 24, 0.45328035950660706, 0.3821476101875305, -0.004353795200586319, 0.9999872446060181
359, 25, 0.4520466923713684, 0.4445003867149353, 0.09010308980941772, 0.5345505475997925
359, 26, 0.46109429001808167, 0.4514785706996918, 0.074139304459095, 0.686921238899231
359, 27, 0.4426082968711853, 0.4717263877391815, 0.23446592688560486, 0.34063613414764404
359, 28, 0.4809895157814026, 0.48626846075057983, 0.1921190619468689, 0.46160128712654114
359, 29, 0.4414464831352234, 0.4726257622241974, 0.24973413348197937, 0.21194079518318176
359, 30, 0.4826091229915619, 0.4849289655685425, 0.20366767048835754, 0.2502386271953583
359, 31, 0.4400940537452698, 0.4935687482357025, 0.23485250771045685, 0.5659238696098328
359, 32, 0.48951858282089233, 0.5147199034690857, 0.18393491208553314, 0.5999353528022766
360, 0, 0.4511600136756897, 0.41715654730796814, -0.23953089118003845, 0.9925547242164612
360, 1, 0.45550552010536194, 0.40936392545700073, -0.2448839396238327, 0.9938550591468811
360, 2, 0.4574643075466156, 0.4093518853187561, -0.24489888548851013, 0.9937832355499268
360, 3, 0.45941537618637085, 0.4093136787414551, -0.24498137831687927, 0.993480920791626
360, 4, 0.45033806562423706, 0.40832266211509705, -0.2461560219526291, 0.9954404830932617
360, 5, 0.44860824942588806, 0.40754637122154236, -0.2461894005537033, 0.9954372048377991
360, 6, 0.4468757212162018, 0.4067753553390503, -0.24619820713996887, 0.99481600522995
360, 7, 0.464336097240448, 0.40401530265808105, -0.22421519458293915, 0.9869638085365295
360, 8, 0.44527897238731384, 0.3990871012210846, -0.23005235195159912, 0.9936352968215942
360, 9, 0.4543766975402832, 0.417718768119812, -0.22679755091667175, 0.9934269189834595
360, 10, 0.44801992177963257, 0.41619813442230225, -0.22862508893013, 0.9918299317359924
360, 11, 0.4735395312309265, 0.41619783639907837, -0.16390804946422577, 0.9952347874641418
360, 12, 0.43150728940963745, 0.397884339094162, -0.17626865208148956, 0.9917163252830505
360, 13, 0.4700350761413574, 0.45395225286483765, -0.12720608711242676, 0.6202082633972168
360, 14, 0.4145730137825012, 0.43659478425979614, -0.140157550573349, 0.8272992372512817
360, 15, 0.4697195887565613, 0.48281028866767883, -0.13503094017505646, 0.5232324600219727
360, 16, 0.4028654992580414, 0.4747253358364105, -0.13338743150234222, 0.808262050151825
360, 17, 0.47297635674476624, 0.49193891882896423, -0.1486789584159851, 0.4326845109462738
360, 18, 0.3955790400505066, 0.4847754240036011, -0.1502559632062912, 0.7548462748527527
360, 19, 0.4684359133243561, 0.488349586725235, -0.15570220351219177, 0.42177215218544006
360, 20, 0.40237051248550415, 0.484066903591156, -0.15343280136585236, 0.7644569277763367
360, 21, 0.4660743772983551, 0.4837084412574768, -0.1383904367685318, 0.33445435762405396
360, 22, 0.4064769148826599, 0.48048052191734314, -0.1350361406803131, 0.6945838332176208
360, 23, 0.46586552262306213, 0.3854731321334839, 0.0004969661822542548, 0.999261200428009
360, 24, 0.44664129614830017, 0.3795498013496399, -0.0004427286912687123, 0.9992107152938843
360, 25, 0.469439834356308, 0.45353856682777405, 0.08359143137931824, 0.044792864471673965
360, 26, 0.4415155351161957, 0.45535892248153687, 0.07244047522544861, 0.07473097741603851
360, 27, 0.466143935918808, 0.46229344606399536, 0.22618615627288818, 0.038884762674570084
360, 28, 0.4538605213165283, 0.4588562548160553, 0.21114161610603333, 0.03543204814195633
360, 29, 0.4645211696624756, 0.45973628759384155, 0.24233703315258026, 0.029706018045544624
360, 30, 0.45502805709838867, 0.4559617042541504, 0.22586219012737274, 0.022948795929551125
360, 31, 0.4678724706172943, 0.48403260111808777, 0.23815079033374786, 0.08606220781803131
360, 32, 0.458230584859848, 0.4782397449016571, 0.21872074902057648, 0.05650917440652847
361, 0, 0.4520406126976013, 0.4164108335971832, -0.24166162312030792, 0.9998273253440857
361, 1, 0.45457524061203003, 0.4143713712692261, -0.24546697735786438, 0.9999157190322876
361, 2, 0.4553413987159729, 0.4149426817893982, -0.24548430740833282, 0.9998894929885864
361, 3, 0.4561019837856293, 0.41547757387161255, -0.24555599689483643, 0.9998986721038818
361, 4, 0.45277056097984314, 0.41235706210136414, -0.24752041697502136, 0.9999231100082397
361, 5, 0.4521504044532776, 0.4113609194755554, -0.24756622314453125, 0.9999022483825684
361, 6, 0.45150598883628845, 0.41035398840904236, -0.2475709170103073, 0.9998987913131714
361, 7, 0.4579661786556244, 0.41251546144485474, -0.2203458845615387, 0.9998612403869629
361, 8, 0.45135697722435, 0.4046705365180969, -0.23050706088542938, 0.9999523162841797
361, 9, 0.45274287462234497, 0.4156873822212219, -0.2275427132844925, 0.999911904335022
361, 10, 0.4502416253089905, 0.41298672556877136, -0.230683833360672, 0.9999076128005981
361, 11, 0.458141952753067, 0.41717201471328735, -0.15329556167125702, 0.9998751878738403
361, 12, 0.4460180401802063, 0.39706242084503174, -0.173524409532547, 0.9994495511054993
361, 13, 0.43893298506736755, 0.4547315835952759, -0.11482465267181396, 0.5907754302024841
361, 14, 0.44070249795913696, 0.4378795623779297, -0.1179589182138443, 0.8488617539405823
361, 15, 0.43029946088790894, 0.4824560284614563, -0.13223505020141602, 0.5853419899940491
361, 16, 0.44349294900894165, 0.46807458996772766, -0.0894918292760849, 0.6852614283561707
361, 17, 0.4298709034919739, 0.49326804280281067, -0.14784401655197144, 0.4629376530647278
361, 18, 0.4425026774406433, 0.4763461947441101, -0.10224302113056183, 0.5493038296699524
361, 19, 0.4286939203739166, 0.4906715452671051, -0.15744270384311676, 0.47235631942749023
361, 20, 0.4443923830986023, 0.47457149624824524, -0.10796567052602768, 0.5444616675376892
361, 21, 0.42849403619766235, 0.48576223850250244, -0.1375516951084137, 0.3854560852050781
361, 22, 0.44476455450057983, 0.47192493081092834, -0.09177494794130325, 0.5373108983039856
361, 23, 0.45885807275772095, 0.3837854266166687, 0.005305697675794363, 0.9999765157699585
361, 24, 0.4526212811470032, 0.37511083483695984, -0.00517441937699914, 0.9999767541885376
361, 25, 0.45870479941368103, 0.44521409273147583, 0.1046132817864418, 0.13005433976650238
361, 26, 0.4513387084007263, 0.44882991909980774, 0.08768973499536514, 0.17443585395812988
361, 27, 0.45397529006004333, 0.4583895802497864, 0.25802579522132874, 0.10374024510383606
361, 28, 0.4612465500831604, 0.46164369583129883, 0.2227327525615692, 0.10323937237262726
361, 29, 0.4526863694190979, 0.457269549369812, 0.274649053812027, 0.0830378532409668
361, 30, 0.46080923080444336, 0.4592917263507843, 0.23618486523628235, 0.07786408066749573
361, 31, 0.4546377658843994, 0.47494617104530334, 0.2623930275440216, 0.21278789639472961
361, 32, 0.46809273958206177, 0.47858119010925293, 0.21913710236549377, 0.21049122512340546
362, 0, 0.44188493490219116, 0.4226101040840149, -0.06359042227268219, 0.9982179999351501
362, 1, 0.44262614846229553, 0.42180219292640686, -0.06289524585008621, 0.9974417686462402
362, 2, 0.44245439767837524, 0.421599417924881, -0.06289735436439514, 0.9972422122955322
362, 3, 0.44231778383255005, 0.4213621914386749, -0.06289839744567871, 0.9965180158615112
362, 4, 0.44376593828201294, 0.421586811542511, -0.06438671797513962, 0.9983798265457153
362, 5, 0.44422775506973267, 0.420910507440567, -0.06440768390893936, 0.9984874725341797
362, 6, 0.4446636140346527, 0.4201643764972687, -0.06445186585187912, 0.9982621073722839
362, 7, 0.4434490203857422, 0.41559091210365295, -0.04303989186882973, 0.9956747889518738
362, 8, 0.44716086983680725, 0.4144365191459656, -0.049689531326293945, 0.9985634684562683
362, 9, 0.4417749047279358, 0.418686181306839, -0.053778182715177536, 0.9977366924285889
362, 10, 0.4427565634250641, 0.41784781217575073, -0.05571868270635605, 0.9983552098274231
362, 11, 0.43961644172668457, 0.4058210551738739, -0.02584836259484291, 0.9991384744644165
362, 12, 0.4508402943611145, 0.4037359356880188, -0.030673149973154068, 0.9998700618743896
362, 13, 0.42186984419822693, 0.4266798794269562, -0.04309613257646561, 0.4515974521636963
362, 14, 0.4602971076965332, 0.4422283470630646, -0.03375893831253052, 0.7681455612182617
362, 15, 0.41838183999061584, 0.4748421013355255, -0.07631082087755203, 0.7474738955497742
362, 16, 0.45954036712646484, 0.47434282302856445, -0.054511941969394684, 0.9274361729621887
362, 17, 0.4177991449832916, 0.48966872692108154, -0.0865597352385521, 0.7053285837173462
362, 18, 0.45958608388900757, 0.4852277636528015, -0.06455028057098389, 0.8714619278907776
362, 19, 0.41830816864967346, 0.4901285469532013, -0.08477149158716202, 0.6904666423797607
362, 20, 0.4584154486656189, 0.4847162365913391, -0.06830744445323944, 0.8496814966201782
362, 21, 0.41892871260643005, 0.48372840881347656, -0.07660728693008423, 0.6261154413223267
362, 22, 0.45778971910476685, 0.4804213345050812, -0.05681513622403145, 0.8366647958755493
362, 23, 0.4521122872829437, 0.37424832582473755, 0.005533662158995867, 0.9998161196708679
362, 24, 0.4575027823448181, 0.3760189414024353, -0.005570224020630121, 0.9999011754989624
362, 25, 0.44768261909484863, 0.44488704204559326, 0.024705836549401283, 0.15893252193927765
362, 26, 0.4450837969779968, 0.4589780569076538, 0.00634216982871294, 0.7330331802368164
362, 27, 0.44460058212280273, 0.44877466559410095, 0.07809098809957504, 0.13812021911144257
362, 28, 0.4512391686439514, 0.45540651679039, 0.0360226146876812, 0.39505940675735474
362, 29, 0.44695430994033813, 0.43979835510253906, 0.08438913524150848, 0.3275887370109558
362, 30, 0.45413342118263245, 0.44064459204673767, 0.040009547024965286, 0.47231748700141907
362, 31, 0.43744200468063354, 0.472724586725235, 0.07196100801229477, 0.4388481080532074
362, 32, 0.44638341665267944, 0.4834432005882263, 0.029387295246124268, 0.6074723601341248
363, 0, 0.4432583451271057, 0.4225348234176636, -0.23733191192150116, 0.9998819828033447
363, 1, 0.44415730237960815, 0.42218512296676636, -0.23949313163757324, 0.999879002571106
363, 2, 0.4441230893135071, 0.42255157232284546, -0.23949086666107178, 0.9998360872268677
363, 3, 0.4441104531288147, 0.4228617250919342, -0.23953409492969513, 0.9998130202293396
363, 4, 0.4445491433143616, 0.4203845262527466, -0.24004653096199036, 0.9999240636825562
363, 5, 0.44475609064102173, 0.4193125069141388, -0.24010726809501648, 0.9999110698699951
363, 6, 0.4449416697025299, 0.418213427066803, -0.24014818668365479, 0.999910831451416
363, 7, 0.44456619024276733, 0.4186394512653351, -0.20985372364521027, 0.9997658133506775
363, 8, 0.4456675946712494, 0.4121406674385071, -0.21308664977550507, 0.9999644756317139
363, 9, 0.44278329610824585, 0.4203537702560425, -0.22232100367546082, 0.9999493360519409
363, 10, 0.4429911673069, 0.41766053438186646, -0.22335068881511688, 0.9999586343765259
363, 11, 0.44080686569213867, 0.41211673617362976, -0.15077002346515656, 0.999845027923584
363, 12, 0.44731569290161133, 0.4019078016281128, -0.1605873703956604, 0.9999473094940186
363, 13, 0.4207601547241211, 0.43151184916496277, -0.13764627277851105, 0.7903103828430176
363, 14, 0.4473345875740051, 0.4346373379230499, -0.1347189098596573, 0.9691638946533203
363, 15, 0.411188542842865, 0.46917253732681274, -0.15796290338039398, 0.8441832065582275
363, 16, 0.4479067921638489, 0.46634602546691895, -0.13786736130714417, 0.961076557636261
363, 17, 0.4092320501804352, 0.48145538568496704, -0.1722365915775299, 0.7610633969306946
363, 18, 0.4479079246520996, 0.4753187298774719, -0.15170282125473022, 0.9196668863296509
363, 19, 0.4097220301628113, 0.4792029857635498, -0.1773422658443451, 0.7528159618377686
363, 20, 0.44824346899986267, 0.4727502465248108, -0.15719307959079742, 0.9093318581581116
363, 21, 0.410550594329834, 0.4742565453052521, -0.1613520383834839, 0.6885753273963928
363, 22, 0.44764748215675354, 0.4690243601799011, -0.1408446878194809, 0.9085277915000916
363, 23, 0.4555477201938629, 0.37660297751426697, 0.0033753379248082638, 0.999843955039978
363, 24, 0.45780473947525024, 0.37350404262542725, -0.0032641675788909197, 0.999909520149231
363, 25, 0.44472557306289673, 0.4432404935359955, 0.07670082151889801, 0.27598515152931213
363, 26, 0.4381014406681061, 0.4460839033126831, 0.05708438903093338, 0.3600007891654968
363, 27, 0.4431139826774597, 0.44818997383117676, 0.20498481392860413, 0.12495608627796173
363, 28, 0.4473477900028229, 0.4485049247741699, 0.1701679229736328, 0.07339729368686676
363, 29, 0.4446975588798523, 0.44357743859291077, 0.21845325827598572, 0.136474147439003
363, 30, 0.44955238699913025, 0.44176486134529114, 0.18173174560070038, 0.06104368716478348
363, 31, 0.43869027495384216, 0.467607319355011, 0.20700320601463318, 0.3365078568458557
363, 32, 0.44604429602622986, 0.4674573540687561, 0.16869322955608368, 0.20170344412326813
364, 0, 0.44249749183654785, 0.4271593689918518, -0.02451847866177559, 0.99967360496521
364, 1, 0.4427884519100189, 0.42619723081588745, -0.021766861900687218, 0.9995570778846741
364, 2, 0.4424517750740051, 0.4256722629070282, -0.021766874939203262, 0.999639630317688
364, 3, 0.44215258955955505, 0.42512112855911255, -0.02175544574856758, 0.9994101524353027
364, 4, 0.444415807723999, 0.42681044340133667, -0.022805271670222282, 0.9995668530464172
364, 5, 0.4449905455112457, 0.42635294795036316, -0.022811181843280792, 0.9996377229690552
364, 6, 0.4455412030220032, 0.42580145597457886, -0.022837720811367035, 0.9994435906410217
364, 7, 0.44303378462791443, 0.418436735868454, 0.0029032386373728514, 0.9995073080062866
364, 8, 0.4483640789985657, 0.42004141211509705, -0.0015678370837122202, 0.9996726512908936
364, 9, 0.4421934187412262, 0.42216551303863525, -0.01348881982266903, 0.9995368719100952
364, 10, 0.44370612502098083, 0.4222705364227295, -0.014781286008656025, 0.999528169631958
364, 11, 0.4380701184272766, 0.4051990807056427, 0.014466926455497742, 0.9996296167373657
364, 12, 0.4526063799858093, 0.40852248668670654, 0.012376937083899975, 0.9999058246612549
364, 13, 0.4170706868171692, 0.4186728596687317, -0.017835896462202072, 0.35833555459976196
364, 14, 0.46327513456344604, 0.44234639406204224, -0.0031591858714818954, 0.5263881683349609
364, 15, 0.40762609243392944, 0.4672504961490631, -0.060003750026226044, 0.8285310864448547
364, 16, 0.4617334306240082, 0.4718744158744812, -0.03627634048461914, 0.9420003294944763
364, 17, 0.4048800468444824, 0.48266172409057617, -0.06915359944105148, 0.8325855135917664
364, 18, 0.46222347021102905, 0.48267003893852234, -0.045663654804229736, 0.9119555950164795
364, 19, 0.4060519337654114, 0.4838011562824249, -0.06712962687015533, 0.817682683467865
364, 20, 0.4601594805717468, 0.4823509752750397, -0.04784470051527023, 0.8879329562187195
364, 21, 0.4075300693511963, 0.4771345853805542, -0.06006075069308281, 0.772376537322998
364, 22, 0.4610392451286316, 0.47789615392684937, -0.03798581287264824, 0.8725938200950623
364, 23, 0.45178431272506714, 0.37233251333236694, 0.0035045675467699766, 0.9998140931129456
364, 24, 0.4595995545387268, 0.37508079409599304, -0.0035581891424953938, 0.9998981952667236
364, 25, 0.44935330748558044, 0.4460708498954773, 0.021187758073210716, 0.26076751947402954
364, 26, 0.4497162401676178, 0.4644930958747864, -0.008252955041825771, 0.8345184922218323
364, 27, 0.4446585774421692, 0.45461225509643555, 0.047963280230760574, 0.2705748975276947
364, 28, 0.45201998949050903, 0.460405170917511, -0.003306969301775098, 0.516038715839386
364, 29, 0.4472483694553375, 0.4460768699645996, 0.05094463750720024, 0.576133668422699
364, 30, 0.454794317483902, 0.44404083490371704, -0.002139391377568245, 0.6712965369224548
364, 31, 0.43526753783226013, 0.47608494758605957, 0.03242047131061554, 0.6306746006011963
364, 32, 0.4449380040168762, 0.4872854948043823, -0.017933035269379616, 0.7158927917480469
365, 0, 0.4421409070491791, 0.4284469485282898, -0.21142885088920593, 0.9999003410339355
365, 1, 0.4439440667629242, 0.4273054003715515, -0.2138245403766632, 0.9999150037765503
365, 2, 0.4440942406654358, 0.427704393863678, -0.2138301134109497, 0.9998779296875
365, 3, 0.4442763924598694, 0.4280492663383484, -0.2138582020998001, 0.9998736381530762
365, 4, 0.44384294748306274, 0.4251580536365509, -0.21444137394428253, 0.9999408721923828
365, 5, 0.4438944458961487, 0.42389750480651855, -0.2145002782344818, 0.9999302625656128
365, 6, 0.4439195692539215, 0.4226115047931671, -0.2145228385925293, 0.9999347925186157
365, 7, 0.4450126588344574, 0.42244642972946167, -0.18773409724235535, 0.9997897744178772
365, 8, 0.4442557692527771, 0.41490602493286133, -0.19184647500514984, 0.9999620914459229
365, 9, 0.4414140582084656, 0.4262363314628601, -0.19822804629802704, 0.9999597072601318
365, 10, 0.4411328434944153, 0.423175185918808, -0.1994720846414566, 0.9999756813049316
365, 11, 0.44207605719566345, 0.41412654519081116, -0.13724343478679657, 0.9997708201408386
365, 12, 0.4426043629646301, 0.39922231435775757, -0.14023739099502563, 0.9999490976333618
365, 13, 0.4278905987739563, 0.44014331698417664, -0.11983046680688858, 0.6372449994087219
365, 14, 0.4425756335258484, 0.43162959814071655, -0.11329130828380585, 0.97231525182724
365, 15, 0.4231486916542053, 0.47576797008514404, -0.12719817459583282, 0.7638267278671265
365, 16, 0.4478530287742615, 0.4571996033191681, -0.1185956597328186, 0.9809019565582275
365, 17, 0.4225274920463562, 0.4873068630695343, -0.13893823325634003, 0.7052376866340637
365, 18, 0.44865745306015015, 0.463899701833725, -0.13086451590061188, 0.9655110239982605
365, 19, 0.4228192865848541, 0.48468437790870667, -0.14463406801223755, 0.6990578770637512
365, 20, 0.44951120018959045, 0.46237075328826904, -0.13817249238491058, 0.9595587253570557
365, 21, 0.4227627217769623, 0.47972196340560913, -0.1304091215133667, 0.6536950469017029
365, 22, 0.4490892291069031, 0.45959192514419556, -0.1220962256193161, 0.952572762966156
365, 23, 0.4577646851539612, 0.369870662689209, 0.002097211079671979, 0.999880313873291
365, 24, 0.45804935693740845, 0.36682021617889404, -0.002004761714488268, 0.9999274015426636
365, 25, 0.44906872510910034, 0.4442310631275177, 0.04625209793448448, 0.30174359679222107
365, 26, 0.43864956498146057, 0.4482664465904236, 0.025055592879652977, 0.6924112439155579
365, 27, 0.44553813338279724, 0.44262513518333435, 0.16262979805469513, 0.10490046441555023
365, 28, 0.4454718232154846, 0.44237324595451355, 0.11225758492946625, 0.16697242856025696
365, 29, 0.4466632008552551, 0.43335050344467163, 0.1753472536802292, 0.13019080460071564
365, 30, 0.44823557138442993, 0.4300295412540436, 0.12184278666973114, 0.13329336047172546
365, 31, 0.4403318762779236, 0.4676555097103119, 0.17034591734409332, 0.28655946254730225
365, 32, 0.4407220482826233, 0.4653474688529968, 0.114005908370018, 0.33868733048439026
366, 0, 0.4434288442134857, 0.4280986487865448, -0.19538672268390656, 0.9999096393585205
366, 1, 0.4431566596031189, 0.4289650022983551, -0.19570432603359222, 0.9999148845672607
366, 2, 0.44278615713119507, 0.4288315773010254, -0.1957002431154251, 0.9998917579650879
366, 3, 0.44244393706321716, 0.4286423623561859, -0.19574518501758575, 0.9998730421066284
366, 4, 0.4445408880710602, 0.4287129342556, -0.1962636560201645, 0.9999374151229858
366, 5, 0.4450640082359314, 0.4281286597251892, -0.19631384313106537, 0.9999284744262695
366, 6, 0.44556131958961487, 0.4275006055831909, -0.19636155664920807, 0.9999186992645264
366, 7, 0.442641019821167, 0.42301204800605774, -0.16536392271518707, 0.9998687505722046
366, 8, 0.4471970498561859, 0.4219309389591217, -0.16797460615634918, 0.99996018409729
366, 9, 0.4428958296775818, 0.42339757084846497, -0.18069817125797272, 0.9999536275863647
366, 10, 0.4442518353462219, 0.42245543003082275, -0.1814841479063034, 0.9999527931213379
366, 11, 0.43933263421058655, 0.40770941972732544, -0.11624618619680405, 0.9998859167098999
366, 12, 0.4508541524410248, 0.4089338183403015, -0.1250144988298416, 0.9999312162399292
366, 13, 0.41545534133911133, 0.41716036200523376, -0.12303227186203003, 0.7456956505775452
366, 14, 0.4583669602870941, 0.4422900676727295, -0.12635670602321625, 0.8996862769126892
366, 15, 0.4021769165992737, 0.462894469499588, -0.14683414995670319, 0.9091563820838928
366, 16, 0.45785754919052124, 0.47317537665367126, -0.14970485866069794, 0.9425312280654907
366, 17, 0.3988089859485626, 0.47667375206947327, -0.15791447460651398, 0.878047525882721
366, 18, 0.4586121439933777, 0.4828938841819763, -0.16333332657814026, 0.9012579321861267
366, 19, 0.3999641537666321, 0.4771363437175751, -0.16115739941596985, 0.8706948757171631
366, 20, 0.4572003483772278, 0.47987884283065796, -0.16622726619243622, 0.8802306652069092
366, 21, 0.40142422914505005, 0.47114041447639465, -0.14904563128948212, 0.8272667527198792
366, 22, 0.456182062625885, 0.47522807121276855, -0.15212802588939667, 0.8775026202201843
366, 23, 0.4544609487056732, 0.3696066439151764, 0.004023072309792042, 0.9998911619186401
366, 24, 0.45936861634254456, 0.3734368085861206, -0.003946308512240648, 0.9999333620071411
366, 25, 0.44830235838890076, 0.4400485157966614, 0.041909534484148026, 0.26596030592918396
366, 26, 0.44329410791397095, 0.4537862241268158, 0.01766125112771988, 0.3999022841453552
366, 27, 0.4466981291770935, 0.4521859884262085, 0.14884895086288452, 0.12211914360523224
366, 28, 0.45242637395858765, 0.4554952383041382, 0.09867063909769058, 0.12448649108409882
366, 29, 0.448835551738739, 0.4476761817932129, 0.16027504205703735, 0.17407028377056122
366, 30, 0.4549792408943176, 0.4448111355304718, 0.10716409981250763, 0.11406213790178299
366, 31, 0.44102343916893005, 0.47566431760787964, 0.14686094224452972, 0.3629785180091858
366, 32, 0.44924983382225037, 0.4796730577945709, 0.09199851751327515, 0.2881145179271698
367, 0, 0.44502323865890503, 0.4184890389442444, -0.2532047927379608, 0.9997974038124084
367, 1, 0.4436522424221039, 0.41887256503105164, -0.2617914080619812, 0.9998083710670471
367, 2, 0.44317856431007385, 0.41846364736557007, -0.2617558538913727, 0.999729573726654
367, 3, 0.4427279829978943, 0.4179720878601074, -0.261788547039032, 0.9996979236602783
367, 4, 0.4446583390235901, 0.419071227312088, -0.26004716753959656, 0.9998666048049927
367, 5, 0.44501352310180664, 0.41883787512779236, -0.2601175904273987, 0.9998471736907959
367, 6, 0.4453743100166321, 0.41854697465896606, -0.26013708114624023, 0.999855637550354
367, 7, 0.44191092252731323, 0.4131848216056824, -0.24629907310009003, 0.9997757077217102
367, 8, 0.44546061754226685, 0.41349855065345764, -0.23888126015663147, 0.9999474287033081
367, 9, 0.4445718824863434, 0.41373977065086365, -0.24135592579841614, 0.9998470544815063
367, 10, 0.44580310583114624, 0.41380834579467773, -0.23936402797698975, 0.9998749494552612
367, 11, 0.4378879964351654, 0.40119117498397827, -0.18425710499286652, 0.9997001886367798
367, 12, 0.45261073112487793, 0.40741321444511414, -0.18000298738479614, 0.9998799562454224
367, 13, 0.4192337989807129, 0.4108734428882599, -0.1413339525461197, 0.9110937714576721
367, 14, 0.4620808959007263, 0.43483734130859375, -0.13281896710395813, 0.8383583426475525
367, 15, 0.41271013021469116, 0.45136964321136475, -0.11889781802892685, 0.8763612508773804
367, 16, 0.4630170464515686, 0.45762431621551514, -0.11791445314884186, 0.7410810589790344
367, 17, 0.4109983444213867, 0.4642629027366638, -0.12858575582504272, 0.7966291308403015
367, 18, 0.46326151490211487, 0.4651497006416321, -0.12736062705516815, 0.5863852500915527
367, 19, 0.41152721643447876, 0.46381819248199463, -0.13020667433738708, 0.7791633605957031
367, 20, 0.4628690779209137, 0.46263524889945984, -0.1330750435590744, 0.5798562169075012
367, 21, 0.41241008043289185, 0.4586140811443329, -0.11948417127132416, 0.7403292655944824
367, 22, 0.4618779718875885, 0.45885032415390015, -0.12041141092777252, 0.672111988067627
367, 23, 0.4542483389377594, 0.3687976002693176, 0.001582034514285624, 0.9995737671852112
367, 24, 0.460568368434906, 0.37493106722831726, -0.0015175682492554188, 0.9998743534088135
367, 25, 0.44227880239486694, 0.42247599363327026, 0.11176355183124542, 0.09807400405406952
367, 26, 0.4481953978538513, 0.4343470335006714, 0.09877007454633713, 0.1470179259777069
367, 27, 0.4394567608833313, 0.4361270070075989, 0.25835156440734863, 0.058141518384218216
367, 28, 0.4580586552619934, 0.45799607038497925, 0.22899524867534637, 0.04046890139579773
367, 29, 0.4392786920070648, 0.4352312684059143, 0.27410659193992615, 0.05887148901820183
367, 30, 0.45900067687034607, 0.4572146236896515, 0.24271194636821747, 0.039203744381666183
367, 31, 0.4361468255519867, 0.44727274775505066, 0.27032893896102905, 0.2005169689655304
367, 32, 0.46130552887916565, 0.47339457273483276, 0.23768356442451477, 0.13602885603904724
368, 0, 0.4443821310997009, 0.4233681857585907, -0.24378237128257751, 0.9998575448989868
368, 1, 0.4444919526576996, 0.4236225485801697, -0.2484438121318817, 0.9998119473457336
368, 2, 0.44413241744041443, 0.42382514476776123, -0.2484235316514969, 0.9997625946998596
368, 3, 0.44379836320877075, 0.4239504635334015, -0.24844202399253845, 0.9997147917747498
368, 4, 0.4455282688140869, 0.42209485173225403, -0.2488545924425125, 0.9999116659164429
368, 5, 0.4459753632545471, 0.42107680439949036, -0.24892327189445496, 0.999909520149231
368, 6, 0.44640010595321655, 0.42001771926879883, -0.2489679604768753, 0.999894380569458
368, 7, 0.44351038336753845, 0.4187586009502411, -0.22336474061012268, 0.9997480511665344
368, 8, 0.4468729496002197, 0.4132336378097534, -0.22614195942878723, 0.9999712705612183
368, 9, 0.44332900643348694, 0.42007267475128174, -0.22950176894664764, 0.9999392032623291
368, 10, 0.4444916844367981, 0.4177219271659851, -0.23045094311237335, 0.9999574422836304
368, 11, 0.43862205743789673, 0.40843892097473145, -0.16234976053237915, 0.999872088432312
368, 12, 0.4497189521789551, 0.4034978151321411, -0.17187808454036713, 0.9999504089355469
368, 13, 0.4199751913547516, 0.425857812166214, -0.13272704184055328, 0.8124375939369202
368, 14, 0.4551427364349365, 0.43395471572875977, -0.13378018140792847, 0.9418129324913025
368, 15, 0.41587239503860474, 0.46744298934936523, -0.1352357566356659, 0.8698527216911316
368, 16, 0.4599381983280182, 0.45818638801574707, -0.12646527588367462, 0.9128543138504028
368, 17, 0.41500991582870483, 0.4796297252178192, -0.14788037538528442, 0.7972065210342407
368, 18, 0.4613308012485504, 0.4647243618965149, -0.1380738765001297, 0.8488329648971558
368, 19, 0.41561517119407654, 0.47947439551353455, -0.1509265899658203, 0.7835482954978943
368, 20, 0.46083053946495056, 0.46198707818984985, -0.14457853138446808, 0.830564022064209
368, 21, 0.41604143381118774, 0.47463399171829224, -0.13730169832706451, 0.7381508350372314
368, 22, 0.45964473485946655, 0.4588621258735657, -0.12934863567352295, 0.8524373173713684
368, 23, 0.4546605944633484, 0.3730962872505188, 0.0022584761027246714, 0.9997478127479553
368, 24, 0.45866289734840393, 0.37315407395362854, -0.0021628765389323235, 0.999852180480957
368, 25, 0.4451572299003601, 0.4345850944519043, 0.0978662297129631, 0.1724722683429718
368, 26, 0.4407208561897278, 0.44120657444000244, 0.08005740493535995, 0.1821272373199463
368, 27, 0.4449082314968109, 0.4525313377380371, 0.23823566734790802, 0.1237933412194252
368, 28, 0.4516665041446686, 0.4569103717803955, 0.20832009613513947, 0.04273213446140289
368, 29, 0.4461134970188141, 0.4519403576850891, 0.25291022658348083, 0.13569457828998566
368, 30, 0.45314446091651917, 0.4540380835533142, 0.2213834822177887, 0.04587950557470322
368, 31, 0.44142094254493713, 0.4687260389328003, 0.2404850274324417, 0.3679661154747009
368, 32, 0.45316582918167114, 0.47377368807792664, 0.20843572914600372, 0.15250995755195618
369, 0, 0.4425791800022125, 0.4174116253852844, -0.21909300982952118, 0.9993903636932373
369, 1, 0.44101935625076294, 0.41919347643852234, -0.2238691747188568, 0.9994446635246277
369, 2, 0.4404762387275696, 0.41915884613990784, -0.22385816276073456, 0.9992904663085938
369, 3, 0.43995147943496704, 0.41909489035606384, -0.2239062488079071, 0.999148964881897
369, 4, 0.44251108169555664, 0.41903507709503174, -0.2218482494354248, 0.9996011853218079
369, 5, 0.4429229199886322, 0.4186789095401764, -0.22190570831298828, 0.9995325803756714
369, 6, 0.4433285593986511, 0.41830527782440186, -0.22194281220436096, 0.9994969367980957
369, 7, 0.43861013650894165, 0.41590991616249084, -0.20400726795196533, 0.9992632269859314
369, 8, 0.443645179271698, 0.4152557849884033, -0.19543762505054474, 0.9998082518577576
369, 9, 0.4420134127140045, 0.41347044706344604, -0.2073550522327423, 0.999681830406189
369, 10, 0.44337326288223267, 0.4126875698566437, -0.2048964500427246, 0.9996590614318848
369, 11, 0.435311496257782, 0.40573665499687195, -0.1508207768201828, 0.9998025298118591
369, 12, 0.4499351978302002, 0.4069012403488159, -0.1478457897901535, 0.9998145699501038
369, 13, 0.4182559847831726, 0.41316625475883484, -0.1413666307926178, 0.8232372403144836
369, 14, 0.4576307237148285, 0.4314771890640259, -0.1325230747461319, 0.7859295010566711
369, 15, 0.4111683964729309, 0.4509245455265045, -0.15070977807044983, 0.8575440049171448
369, 16, 0.45732325315475464, 0.4549284279346466, -0.1420588195323944, 0.6957622170448303
369, 17, 0.40925177931785583, 0.4627567231655121, -0.16235078871250153, 0.7565200924873352
369, 18, 0.45711320638656616, 0.46250292658805847, -0.15341375768184662, 0.5578099489212036
369, 19, 0.41016635298728943, 0.46294406056404114, -0.16503722965717316, 0.7429851293563843
369, 20, 0.45645055174827576, 0.4597001075744629, -0.15790016949176788, 0.556976854801178
369, 21, 0.4110836386680603, 0.45823779702186584, -0.15248198807239532, 0.6398679614067078
369, 22, 0.4558333456516266, 0.45631903409957886, -0.14478042721748352, 0.5913807153701782
369, 23, 0.4527541995048523, 0.36827361583709717, 0.0031733636278659105, 0.9994481205940247
369, 24, 0.45985960960388184, 0.3705093264579773, -0.0030930531211197376, 0.999591052532196
369, 25, 0.4369885325431824, 0.4258136749267578, 0.0789504125714302, 0.07024016976356506
369, 26, 0.44007349014282227, 0.43053945899009705, 0.07219069451093674, 0.08964689075946808
369, 27, 0.43468981981277466, 0.43062543869018555, 0.1941482573747635, 0.05404616519808769
369, 28, 0.43993085622787476, 0.4355067312717438, 0.18660151958465576, 0.01983688212931156
369, 29, 0.43634265661239624, 0.42682600021362305, 0.20602354407310486, 0.06474415957927704
369, 30, 0.44037365913391113, 0.4297756552696228, 0.19820290803909302, 0.021328216418623924
369, 31, 0.4298066198825836, 0.44530338048934937, 0.19366340339183807, 0.16952256858348846
369, 32, 0.43737131357192993, 0.45157721638679504, 0.18664419651031494, 0.0667242556810379
370, 0, 0.4421911835670471, 0.4157973527908325, -0.21458391845226288, 0.9994027614593506
370, 1, 0.4404827654361725, 0.41734999418258667, -0.2200021743774414, 0.9994244575500488
370, 2, 0.4398714005947113, 0.4172353148460388, -0.21998420357704163, 0.999298095703125
370, 3, 0.439279168844223, 0.4170900583267212, -0.22002668678760529, 0.9992021918296814
370, 4, 0.4421190619468689, 0.4175715148448944, -0.21834301948547363, 0.9995712637901306
370, 5, 0.44259124994277954, 0.41741499304771423, -0.21840283274650574, 0.9995368719100952
370, 6, 0.44305938482284546, 0.41723570227622986, -0.21843445301055908, 0.9994989633560181
370, 7, 0.4380384087562561, 0.4142973721027374, -0.20268960297107697, 0.9993045330047607
370, 8, 0.4435856342315674, 0.41488438844680786, -0.1958305388689041, 0.9998041987419128
370, 9, 0.4416499733924866, 0.4122873842716217, -0.20372197031974792, 0.9995515942573547
370, 10, 0.4432716965675354, 0.41205689311027527, -0.20178095996379852, 0.9995655417442322
370, 11, 0.43459996581077576, 0.40430593490600586, -0.15277554094791412, 0.9996623992919922
370, 12, 0.4511924684047699, 0.40932202339172363, -0.14873351156711578, 0.9997808337211609
370, 13, 0.4177291989326477, 0.40839719772338867, -0.14274446666240692, 0.8172775506973267
370, 14, 0.4591723084449768, 0.4359176754951477, -0.1244434341788292, 0.7773381471633911
370, 15, 0.41235488653182983, 0.4459262490272522, -0.1504700481891632, 0.7928965091705322
370, 16, 0.459115594625473, 0.4574110209941864, -0.11888792365789413, 0.594035804271698
370, 17, 0.4105558395385742, 0.4578554928302765, -0.16176670789718628, 0.6379647254943848
370, 18, 0.45883995294570923, 0.46472010016441345, -0.1272241324186325, 0.43060964345932007
370, 19, 0.4115813672542572, 0.4585435092449188, -0.1623333841562271, 0.624365508556366
370, 20, 0.4583318829536438, 0.46151742339134216, -0.13169795274734497, 0.4303746223449707
370, 21, 0.41258183121681213, 0.4539602994918823, -0.1513904184103012, 0.5274683833122253
370, 22, 0.4577410817146301, 0.458347350358963, -0.12111030519008636, 0.47748154401779175
370, 23, 0.4513455927371979, 0.3717021048069, 0.001902504125609994, 0.9994446635246277
370, 24, 0.45907655358314514, 0.37504279613494873, -0.0018333988264203072, 0.9996827840805054
370, 25, 0.44011053442955017, 0.41836440563201904, 0.08304455131292343, 0.037941671907901764
370, 26, 0.44230422377586365, 0.4230000376701355, 0.08364320546388626, 0.05421947315335274
370, 27, 0.4366000294685364, 0.43231359124183655, 0.20046374201774597, 0.035264331847429276
370, 28, 0.44248923659324646, 0.43815720081329346, 0.1997881978750229, 0.0194094181060791
370, 29, 0.4374125599861145, 0.4315394163131714, 0.21263918280601501, 0.04423653334379196
370, 30, 0.44255509972572327, 0.435452401638031, 0.2115461379289627, 0.021030738949775696
370, 31, 0.4325667917728424, 0.4437684416770935, 0.1995968520641327, 0.11875596642494202
370, 32, 0.44141536951065063, 0.4520326256752014, 0.19863802194595337, 0.06439314037561417
371, 0, 0.4477190375328064, 0.39128220081329346, -0.2505195736885071, 0.9995943903923035
371, 1, 0.44518405199050903, 0.39106810092926025, -0.25882619619369507, 0.9996393918991089
371, 2, 0.44424670934677124, 0.3902060091495514, -0.2587955594062805, 0.9995788931846619
371, 3, 0.44333815574645996, 0.38928282260894775, -0.25882139801979065, 0.9995245933532715
371, 4, 0.44769182801246643, 0.393777072429657, -0.2584197521209717, 0.9996988773345947
371, 5, 0.4484529495239258, 0.39459165930747986, -0.25848498940467834, 0.9996914863586426
371, 6, 0.4492127001285553, 0.39535751938819885, -0.258506178855896, 0.9996660947799683
371, 7, 0.44082170724868774, 0.38729968667030334, -0.24135497212409973, 0.9997866749763489
371, 8, 0.4495087265968323, 0.39616119861602783, -0.2401813268661499, 0.999908447265625
371, 9, 0.44659215211868286, 0.3884493410587311, -0.2377062290906906, 0.9997101426124573
371, 10, 0.44911813735961914, 0.39075958728790283, -0.2375677078962326, 0.9996981620788574
371, 11, 0.43421682715415955, 0.3833213448524475, -0.18630054593086243, 0.9996813535690308
371, 12, 0.45641273260116577, 0.40548673272132874, -0.18584370613098145, 0.9997546076774597
371, 13, 0.416316419839859, 0.39627665281295776, -0.15053285658359528, 0.9476355314254761
371, 14, 0.4630442261695862, 0.44296979904174805, -0.14918605983257294, 0.9488456845283508
371, 15, 0.4183585047721863, 0.43374109268188477, -0.14445900917053223, 0.9005657434463501
371, 16, 0.46384793519973755, 0.46143776178359985, -0.14021630585193634, 0.7832158207893372
371, 17, 0.4179093837738037, 0.44239479303359985, -0.15731824934482574, 0.7744213342666626
371, 18, 0.46488505601882935, 0.46911337971687317, -0.1515541523694992, 0.603361189365387
371, 19, 0.4195525050163269, 0.44573259353637695, -0.1569068431854248, 0.7554720640182495
371, 20, 0.46336182951927185, 0.46351784467697144, -0.15558399260044098, 0.5748500823974609
371, 21, 0.4201940596103668, 0.4429466128349304, -0.1448066681623459, 0.652251124382019
371, 22, 0.46212664246559143, 0.45991578698158264, -0.14206114411354065, 0.5873276591300964
371, 23, 0.44784727692604065, 0.371987909078598, -0.00044935723417438567, 0.9995487332344055
371, 24, 0.45797163248062134, 0.385868102312088, 0.0005288374959491193, 0.999640941619873
371, 25, 0.4413300156593323, 0.4078584909439087, 0.1237659677863121, 0.06349056959152222
371, 26, 0.4474852681159973, 0.423279345035553, 0.12599238753318787, 0.06352000683546066
371, 27, 0.4417576789855957, 0.4247610867023468, 0.2782149314880371, 0.0419931598007679
371, 28, 0.45099201798439026, 0.4374783933162689, 0.2704766094684601, 0.016361333429813385
371, 29, 0.44267138838768005, 0.42711126804351807, 0.2950740158557892, 0.06184324622154236
371, 30, 0.45024698972702026, 0.4367607533931732, 0.28572967648506165, 0.02059330977499485
371, 31, 0.43962305784225464, 0.42938968539237976, 0.2913915514945984, 0.08564538508653641
371, 32, 0.4531407952308655, 0.44308680295944214, 0.27944257855415344, 0.035327110439538956
372, 0, 0.4450366497039795, 0.42090579867362976, -0.23134751617908478, 0.9999288320541382
372, 1, 0.44508203864097595, 0.42025870084762573, -0.23374497890472412, 0.999909520149231
372, 2, 0.44484132528305054, 0.4202609062194824, -0.23373639583587646, 0.9998698234558105
372, 3, 0.4446231424808502, 0.4202030897140503, -0.23377490043640137, 0.999860405921936
372, 4, 0.4459591805934906, 0.4194543957710266, -0.23392215371131897, 0.999944806098938
372, 5, 0.4462864398956299, 0.41871723532676697, -0.23398926854133606, 0.9999344348907471
372, 6, 0.4465915560722351, 0.4179544150829315, -0.23404307663440704, 0.999934196472168
372, 7, 0.4443150460720062, 0.4155002236366272, -0.20579731464385986, 0.9998588562011719
372, 8, 0.4471505284309387, 0.41255801916122437, -0.20744292438030243, 0.9999771118164062
372, 9, 0.4444045424461365, 0.41814953088760376, -0.21711237728595734, 0.9999734163284302
372, 10, 0.4451128840446472, 0.41659659147262573, -0.21770015358924866, 0.9999806880950928
372, 11, 0.4400762915611267, 0.4075339436531067, -0.1500353217124939, 0.9999229907989502
372, 12, 0.45047837495803833, 0.40421950817108154, -0.15797199308872223, 0.9999712705612183
372, 13, 0.42216482758522034, 0.43014848232269287, -0.13476982712745667, 0.8063198924064636
372, 14, 0.4550460875034332, 0.43927592039108276, -0.14069238305091858, 0.9561806321144104
372, 15, 0.41646116971969604, 0.4720098376274109, -0.14590278267860413, 0.8429403901100159
372, 16, 0.4581452012062073, 0.46637335419654846, -0.15128841996192932, 0.9313291907310486
372, 17, 0.4157485365867615, 0.4841099977493286, -0.15842697024345398, 0.7561334371566772
372, 18, 0.4592817723751068, 0.47338926792144775, -0.16488273441791534, 0.8753728866577148
372, 19, 0.4162049889564514, 0.4827795624732971, -0.16209131479263306, 0.7425349950790405
372, 20, 0.45873236656188965, 0.47054362297058105, -0.1710459589958191, 0.8586046099662781
372, 21, 0.41659513115882874, 0.4780329465866089, -0.1484205573797226, 0.6821925640106201
372, 22, 0.45780235528945923, 0.4674944281578064, -0.15469005703926086, 0.8633823990821838
372, 23, 0.45525461435317993, 0.37418726086616516, 0.0040235151536762714, 0.9999444484710693
372, 24, 0.4584594666957855, 0.3746301829814911, -0.003960336092859507, 0.9999650716781616
372, 25, 0.44515395164489746, 0.43658265471458435, 0.07063551247119904, 0.23619689047336578
372, 26, 0.43865102529525757, 0.4462905824184418, 0.0495639443397522, 0.34264227747917175
372, 27, 0.44346293807029724, 0.4479803442955017, 0.19470326602458954, 0.10964824259281158
372, 28, 0.451019287109375, 0.4529159665107727, 0.1570921540260315, 0.07914767414331436
372, 29, 0.4448470175266266, 0.4442901909351349, 0.2076576054096222, 0.12810446321964264
372, 30, 0.45355215668678284, 0.44599393010139465, 0.1679478883743286, 0.07598284631967545
372, 31, 0.43922099471092224, 0.4687075614929199, 0.19519318640232086, 0.3114433288574219
372, 32, 0.45080050826072693, 0.4739384949207306, 0.15387938916683197, 0.21541552245616913
373, 0, 0.4414948523044586, 0.4229647219181061, -0.2096724957227707, 0.9995970129966736
373, 1, 0.44103556871414185, 0.4238435626029968, -0.21581439673900604, 0.9996566772460938
373, 2, 0.4408911168575287, 0.4240567982196808, -0.21579380333423615, 0.9995558857917786
373, 3, 0.4407694935798645, 0.4242488443851471, -0.21581856906414032, 0.9994964599609375
373, 4, 0.441305547952652, 0.4225490689277649, -0.21392986178398132, 0.9997777342796326
373, 5, 0.4413086771965027, 0.4217478334903717, -0.2139967381954193, 0.9997621178627014
373, 6, 0.441305935382843, 0.42093485593795776, -0.21403148770332336, 0.9997829794883728
373, 7, 0.4402114748954773, 0.42007720470428467, -0.20148368179798126, 0.9994408488273621
373, 8, 0.44081297516822815, 0.41565030813217163, -0.1939246654510498, 0.9998929500579834
373, 9, 0.44122228026390076, 0.419779509305954, -0.20001666247844696, 0.9997984766960144
373, 10, 0.44133228063583374, 0.41790035367012024, -0.19787944853305817, 0.9998445510864258
373, 11, 0.43897801637649536, 0.4120505154132843, -0.1487194150686264, 0.9997169375419617
373, 12, 0.4442299008369446, 0.4027118384838104, -0.14741572737693787, 0.9999170303344727
373, 13, 0.4282270073890686, 0.42931339144706726, -0.12074150890111923, 0.7467793226242065
373, 14, 0.4489955008029938, 0.4285335838794708, -0.118993379175663, 0.8735480904579163
373, 15, 0.4261367917060852, 0.45950546860694885, -0.11139271408319473, 0.7047921419143677
373, 16, 0.45092716813087463, 0.450997531414032, -0.114509716629982, 0.7996379137039185
373, 17, 0.4258565902709961, 0.46937301754951477, -0.12069914489984512, 0.5405929684638977
373, 18, 0.4503178000450134, 0.4576159715652466, -0.12422724068164825, 0.656768262386322
373, 19, 0.42626625299453735, 0.46720582246780396, -0.12415912002325058, 0.5251092910766602
373, 20, 0.45132899284362793, 0.4548816978931427, -0.13056562840938568, 0.6543408632278442
373, 21, 0.42646723985671997, 0.46314865350723267, -0.11299105733633041, 0.4230615496635437
373, 22, 0.4511767029762268, 0.4518683850765228, -0.11743231862783432, 0.6642546653747559
373, 23, 0.45538631081581116, 0.37161991000175476, 0.004224671050906181, 0.999647855758667
373, 24, 0.45820674300193787, 0.3671317994594574, -0.004187239333987236, 0.99981290102005
373, 25, 0.44206881523132324, 0.4232398569583893, 0.08545026183128357, 0.05184495449066162
373, 26, 0.4380872845649719, 0.4205233156681061, 0.06369299441576004, 0.12794499099254608
373, 27, 0.4405366778373718, 0.4301755130290985, 0.20897319912910461, 0.03154361993074417
373, 28, 0.43991559743881226, 0.4306710660457611, 0.18629691004753113, 0.015567607246339321
373, 29, 0.4415321946144104, 0.42810869216918945, 0.22184054553508759, 0.030989907681941986
373, 30, 0.44054731726646423, 0.4273247718811035, 0.19895847141742706, 0.019644232466816902
373, 31, 0.4374448359012604, 0.4419167935848236, 0.21046626567840576, 0.10307537764310837
373, 32, 0.43839240074157715, 0.44427943229675293, 0.19070053100585938, 0.05687916651368141
374, 0, 0.44229021668434143, 0.41540178656578064, -0.22493454813957214, 0.9983978867530823
374, 1, 0.4414421021938324, 0.4167272746562958, -0.23046031594276428, 0.998570442199707
374, 2, 0.4412175118923187, 0.41702961921691895, -0.2304570972919464, 0.9982278943061829
374, 3, 0.4410088062286377, 0.4173083007335663, -0.23050065338611603, 0.9977891445159912
374, 4, 0.44204920530319214, 0.41540536284446716, -0.22830204665660858, 0.9990342855453491
374, 5, 0.4421824514865875, 0.41464588046073914, -0.22835533320903778, 0.9988682270050049
374, 6, 0.4423120617866516, 0.41386687755584717, -0.2283891886472702, 0.9988239407539368
374, 7, 0.4404198229312897, 0.414444237947464, -0.2111615240573883, 0.9979907274246216
374, 8, 0.44235363602638245, 0.40982183814048767, -0.20181436836719513, 0.9995812773704529
374, 9, 0.44224491715431213, 0.41245272755622864, -0.2130645215511322, 0.9993994235992432
374, 10, 0.44255608320236206, 0.41043028235435486, -0.2104131281375885, 0.9994606375694275
374, 11, 0.43848881125450134, 0.40927839279174805, -0.15545636415481567, 0.9996404647827148
374, 12, 0.44754138588905334, 0.400662899017334, -0.14989911019802094, 0.9997602105140686
374, 13, 0.422624409198761, 0.42192205786705017, -0.14474716782569885, 0.7451890707015991
374, 14, 0.45191121101379395, 0.4228750467300415, -0.12474546581506729, 0.7054532170295715
374, 15, 0.4152955114841461, 0.45555055141448975, -0.16013197600841522, 0.7866736650466919
374, 16, 0.4504867196083069, 0.4460291862487793, -0.12863603234291077, 0.6645222306251526
374, 17, 0.41345715522766113, 0.4666428864002228, -0.17427362501621246, 0.6897621154785156
374, 18, 0.4496385157108307, 0.45301198959350586, -0.1405685842037201, 0.5293933749198914
374, 19, 0.4142166078090668, 0.4657107889652252, -0.1786637008190155, 0.6781591773033142
374, 20, 0.4496452212333679, 0.4508216083049774, -0.14615480601787567, 0.5336127281188965
374, 21, 0.41500478982925415, 0.46110424399375916, -0.1628239005804062, 0.5571436882019043
374, 22, 0.4493516981601715, 0.4477953314781189, -0.13156349956989288, 0.5607640743255615
374, 23, 0.45391902327537537, 0.37268316745758057, 0.00318167801015079, 0.9995056390762329
374, 24, 0.4587344527244568, 0.37047168612480164, -0.0030691304709762335, 0.9995974898338318
374, 25, 0.4344998896121979, 0.4276256561279297, 0.0811123326420784, 0.06287739425897598
374, 26, 0.4356895089149475, 0.42781680822372437, 0.0751471072435379, 0.08876870572566986
374, 27, 0.43072786927223206, 0.42896559834480286, 0.2057361900806427, 0.0523628331720829
374, 28, 0.4350004196166992, 0.43067657947540283, 0.1986645758152008, 0.02112789824604988
374, 29, 0.4321928918361664, 0.42548996210098267, 0.2184797078371048, 0.06065595522522926
374, 30, 0.43537625670433044, 0.42581379413604736, 0.2111542671918869, 0.020479638129472733
374, 31, 0.42518502473831177, 0.4410722851753235, 0.2039625346660614, 0.16795416176319122
374, 32, 0.4322053790092468, 0.4443743824958801, 0.19753684103488922, 0.07030880451202393
375, 0, 0.44317856431007385, 0.42069897055625916, -0.20471444725990295, 0.9990339279174805
375, 1, 0.4432358741760254, 0.4209182858467102, -0.2111193686723709, 0.9992179870605469
375, 2, 0.443152517080307, 0.4212009310722351, -0.21110448241233826, 0.9990236759185791
375, 3, 0.44308990240097046, 0.42145437002182007, -0.21112868189811707, 0.9989258646965027
375, 4, 0.4433390498161316, 0.41939929127693176, -0.20982575416564941, 0.9995108842849731
375, 5, 0.443319171667099, 0.4184603691101074, -0.2098933458328247, 0.999491810798645
375, 6, 0.4432894289493561, 0.41750743985176086, -0.2099330872297287, 0.999512791633606
375, 7, 0.4426036477088928, 0.41699090600013733, -0.1983010619878769, 0.998678982257843
375, 8, 0.4426351487636566, 0.41168615221977234, -0.19352415204048157, 0.9998044371604919
375, 9, 0.4427424371242523, 0.4179271161556244, -0.1955443024635315, 0.9996508359909058
375, 10, 0.4426790177822113, 0.41548579931259155, -0.19424453377723694, 0.9997602105140686
375, 11, 0.440190851688385, 0.40908193588256836, -0.14604970812797546, 0.9995394945144653
375, 12, 0.445458322763443, 0.3995896577835083, -0.14853648841381073, 0.9998550415039062
375, 13, 0.4285429120063782, 0.42851680517196655, -0.11292539536952972, 0.6463165879249573
375, 14, 0.4499797224998474, 0.4253937602043152, -0.11564966291189194, 0.8319500684738159
375, 15, 0.4238505959510803, 0.45943212509155273, -0.10193254053592682, 0.6770196557044983
375, 16, 0.4535209536552429, 0.4517810344696045, -0.10862858593463898, 0.7560585141181946
375, 17, 0.4227053225040436, 0.46928951144218445, -0.11160184442996979, 0.5094779133796692
375, 18, 0.4531216621398926, 0.45972761511802673, -0.11852703988552094, 0.6012842655181885
375, 19, 0.4228295385837555, 0.4673527479171753, -0.11577703803777695, 0.497267484664917
375, 20, 0.4545094966888428, 0.45732465386390686, -0.12516990303993225, 0.5981621742248535
375, 21, 0.42330092191696167, 0.46344465017318726, -0.10400980710983276, 0.41680315136909485
375, 22, 0.4541289806365967, 0.45362281799316406, -0.1116393581032753, 0.6350005865097046
375, 23, 0.4564141631126404, 0.3712579607963562, 0.005342436488717794, 0.9996477365493774
375, 24, 0.45865002274513245, 0.3672691881656647, -0.005290857516229153, 0.9997960925102234
375, 25, 0.44468265771865845, 0.4235646426677704, 0.08968649804592133, 0.07630062848329544
375, 26, 0.43904227018356323, 0.4204435646533966, 0.06350986659526825, 0.140215203166008
375, 27, 0.442645400762558, 0.43344223499298096, 0.218439981341362, 0.03596204146742821
375, 28, 0.44062724709510803, 0.43460607528686523, 0.1906265914440155, 0.01461340393871069
375, 29, 0.4432736039161682, 0.43162018060684204, 0.23205479979515076, 0.03436523303389549
375, 30, 0.4410073757171631, 0.4317987561225891, 0.20390832424163818, 0.017362382262945175
375, 31, 0.44066953659057617, 0.44727373123168945, 0.22106242179870605, 0.13453097641468048
375, 32, 0.43992263078689575, 0.45043864846229553, 0.19545194506645203, 0.0647425502538681
376, 0, 0.47040194272994995, 0.3745644986629486, -0.2574273645877838, 0.9363723993301392
376, 1, 0.47056952118873596, 0.36859893798828125, -0.2679315209388733, 0.9800214171409607
376, 2, 0.4711669981479645, 0.3676406741142273, -0.2679571807384491, 0.9828488230705261
376, 3, 0.4717531204223633, 0.3666955232620239, -0.26804283261299133, 0.9824681878089905
376, 4, 0.46835723519325256, 0.36987122893333435, -0.2684803009033203, 0.9705313444137573
376, 5, 0.4677169919013977, 0.3698157072067261, -0.26854345202445984, 0.9654538035392761
376, 6, 0.46707186102867126, 0.3697817623615265, -0.26857319474220276, 0.9518199563026428
376, 7, 0.4722122550010681, 0.3601057827472687, -0.26077476143836975, 0.9905164837837219
376, 8, 0.4644521176815033, 0.365219384431839, -0.2637077867984772, 0.983309805393219
376, 9, 0.4712774157524109, 0.3738643527030945, -0.2473985254764557, 0.9844346642494202
376, 10, 0.4694417417049408, 0.37508925795555115, -0.24850301444530487, 0.9756757020950317
376, 11, 0.47737860679626465, 0.3551311492919922, -0.21270596981048584, 0.9996919631958008
376, 12, 0.4569764733314514, 0.3718131482601166, -0.20663318037986755, 0.9951209425926208
376, 13, 0.493344783782959, 0.3921217918395996, -0.1689097136259079, 0.682777464389801
376, 14, 0.4563170373439789, 0.40962231159210205, -0.14457613229751587, 0.21179832518100739
376, 15, 0.49016642570495605, 0.42135360836982727, -0.16852793097496033, 0.37459713220596313
376, 16, 0.46959981322288513, 0.41917672753334045, -0.11840392649173737, 0.0980975478887558
376, 17, 0.489877313375473, 0.42661333084106445, -0.1851530820131302, 0.2161901891231537
376, 18, 0.4722157120704651, 0.4219323396682739, -0.131554514169693, 0.0804281160235405
376, 19, 0.486532598733902, 0.423909455537796, -0.19205144047737122, 0.21553047001361847
376, 20, 0.4746078550815582, 0.41644927859306335, -0.1377543807029724, 0.08411668241024017
376, 21, 0.4865358769893646, 0.42221951484680176, -0.1714463084936142, 0.1504032462835312
376, 22, 0.4735003113746643, 0.4144221544265747, -0.12058185040950775, 0.057940833270549774
376, 23, 0.47705355286598206, 0.3932301104068756, -0.003351645078510046, 0.9997342228889465
376, 24, 0.46467071771621704, 0.40255555510520935, 0.0035245981998741627, 0.9994636178016663
376, 25, 0.4799288809299469, 0.3911181688308716, 0.1652687042951584, 0.08760634809732437
376, 26, 0.46552515029907227, 0.40382352471351624, 0.17552943527698517, 0.048407234251499176
376, 27, 0.4768877923488617, 0.4000947177410126, 0.3573063910007477, 0.16748887300491333
376, 28, 0.47033029794692993, 0.40343177318573, 0.36667412519454956, 0.04497882351279259
376, 29, 0.4758607745170593, 0.4033605754375458, 0.37778764963150024, 0.20974063873291016
376, 30, 0.47259634733200073, 0.40268462896347046, 0.38714727759361267, 0.027640976011753082
376, 31, 0.4779244065284729, 0.4027513861656189, 0.3609226644039154, 0.09927461296319962
376, 32, 0.47327786684036255, 0.40839093923568726, 0.37073853611946106, 0.030851220712065697
377, 0, 0.46554142236709595, 0.37594515085220337, -0.2357446700334549, 0.2513723373413086
377, 1, 0.46696338057518005, 0.36873817443847656, -0.2448546588420868, 0.5044227838516235
377, 2, 0.46829158067703247, 0.36734679341316223, -0.24487467110157013, 0.5626908540725708
377, 3, 0.4696134626865387, 0.3659646213054657, -0.24495592713356018, 0.5226591229438782
377, 4, 0.4629859924316406, 0.37088191509246826, -0.24278056621551514, 0.3762642443180084
377, 5, 0.4617915153503418, 0.3710100054740906, -0.24282070994377136, 0.40707066655158997
377, 6, 0.46059083938598633, 0.3711627423763275, -0.24285082519054413, 0.3482089638710022
377, 7, 0.4723355174064636, 0.3568815588951111, -0.23618058860301971, 0.7708048820495605
377, 8, 0.4583130478858948, 0.365450382232666, -0.22678105533123016, 0.6707050204277039
377, 9, 0.4680878520011902, 0.37430280447006226, -0.22635439038276672, 0.5465030074119568
377, 10, 0.4644550383090973, 0.37659597396850586, -0.22380325198173523, 0.47040078043937683
377, 11, 0.48423200845718384, 0.3494260907173157, -0.1910332590341568, 0.9942055344581604
377, 12, 0.4480413496494293, 0.3707176744937897, -0.1786966323852539, 0.9872280359268188
377, 13, 0.4979575276374817, 0.39014124870300293, -0.15661193430423737, 0.5554518103599548
377, 14, 0.44664818048477173, 0.4082016944885254, -0.13972166180610657, 0.4403176009654999
377, 15, 0.48768144845962524, 0.418453186750412, -0.1496593952178955, 0.20992210507392883
377, 16, 0.45944899320602417, 0.4235832095146179, -0.13242092728614807, 0.11910414695739746
377, 17, 0.4866517186164856, 0.42520907521247864, -0.16284488141536713, 0.09802745282649994
377, 18, 0.4610472619533539, 0.4290595054626465, -0.145192950963974, 0.09321805834770203
377, 19, 0.4817356467247009, 0.4214479327201843, -0.16656076908111572, 0.10289701819419861
377, 20, 0.4646843373775482, 0.422563761472702, -0.15077756345272064, 0.10626610368490219
377, 21, 0.48141393065452576, 0.4190867841243744, -0.15094774961471558, 0.07819092273712158
377, 22, 0.46439194679260254, 0.4193374216556549, -0.1347966194152832, 0.09059222787618637
377, 23, 0.48141974210739136, 0.38587117195129395, -0.002144384430721402, 0.9989124536514282
377, 24, 0.4613378942012787, 0.3985052704811096, 0.002305259695276618, 0.9985654950141907
377, 25, 0.48227301239967346, 0.39912447333335876, 0.1330849826335907, 0.11488121747970581
377, 26, 0.4627707004547119, 0.41210034489631653, 0.14652074873447418, 0.05361468717455864
377, 27, 0.4781692624092102, 0.39542797207832336, 0.29385435581207275, 0.050034407526254654
377, 28, 0.4663172662258148, 0.4015146791934967, 0.3027894198894501, 0.03274413198232651
377, 29, 0.4756901264190674, 0.39465951919555664, 0.31048738956451416, 0.05249719321727753
377, 30, 0.46719831228256226, 0.39752334356307983, 0.31903180480003357, 0.015484488569200039
377, 31, 0.4825511872768402, 0.40318742394447327, 0.29121774435043335, 0.07114989310503006
377, 32, 0.4717126488685608, 0.40814921259880066, 0.3004784882068634, 0.04415931552648544
378, 0, 0.4826595187187195, 0.42895960807800293, -0.2030889093875885, 0.9925833940505981
378, 1, 0.48695629835128784, 0.42298829555511475, -0.21060268580913544, 0.9907389879226685
378, 2, 0.4887843728065491, 0.42390987277030945, -0.2106451690196991, 0.989504337310791
378, 3, 0.49059391021728516, 0.4247519075870514, -0.2107122838497162, 0.9905503988265991
378, 4, 0.48189640045166016, 0.4197370409965515, -0.21053294837474823, 0.9937227368354797
378, 5, 0.48024535179138184, 0.4183644652366638, -0.21057268977165222, 0.9936641454696655
378, 6, 0.4785833954811096, 0.4169436991214752, -0.2106231153011322, 0.9951019287109375
378, 7, 0.4950733780860901, 0.42308104038238525, -0.20131734013557434, 0.9822904467582703
378, 8, 0.4777105450630188, 0.4106726348400116, -0.20120687782764435, 0.9943168759346008
378, 9, 0.48590096831321716, 0.4316839575767517, -0.19434839487075806, 0.9908247590065002
378, 10, 0.4799169898033142, 0.4275354743003845, -0.1944240927696228, 0.9919122457504272
378, 11, 0.5052721500396729, 0.4343447685241699, -0.15525782108306885, 0.9875707626342773
378, 12, 0.4669366478919983, 0.409271240234375, -0.15628279745578766, 0.9880770444869995
378, 13, 0.5132628083229065, 0.46986711025238037, -0.13474035263061523, 0.9529547095298767
378, 14, 0.4472044110298157, 0.4282073676586151, -0.1337529569864273, 0.770213782787323
378, 15, 0.5274051427841187, 0.5102965235710144, -0.15705707669258118, 0.9095461964607239
378, 16, 0.4417905807495117, 0.46126729249954224, -0.14009350538253784, 0.7900675535202026
378, 17, 0.5332562327384949, 0.5244243144989014, -0.1738816350698471, 0.8108546733856201
378, 18, 0.4352521300315857, 0.4715968370437622, -0.15797366201877594, 0.6795501708984375
378, 19, 0.5285282731056213, 0.5238993763923645, -0.1761949211359024, 0.7958241701126099
378, 20, 0.4419664740562439, 0.47367918491363525, -0.16107255220413208, 0.6767630577087402
378, 21, 0.5254124999046326, 0.5167983770370483, -0.1591552048921585, 0.5995814800262451
378, 22, 0.44547563791275024, 0.4699670672416687, -0.14252574741840363, 0.6112549304962158
378, 23, 0.4989089369773865, 0.39503005146980286, -0.0014698028098791838, 0.9986066222190857
378, 24, 0.4825281500816345, 0.3840329051017761, 0.0014611572260037065, 0.9976170063018799
378, 25, 0.4862474799156189, 0.45256826281547546, 0.08999871462583542, 0.07989272475242615
378, 26, 0.4628283381462097, 0.4458158612251282, 0.08657865971326828, 0.06909271329641342
378, 27, 0.4828603267669678, 0.45156699419021606, 0.22866015136241913, 0.06908797472715378
378, 28, 0.4727628231048584, 0.4467955231666565, 0.22147443890571594, 0.03514639288187027
378, 29, 0.4819193482398987, 0.4468042254447937, 0.24430444836616516, 0.057398319244384766
378, 30, 0.4743228852748871, 0.4437364339828491, 0.23586423695087433, 0.029332391917705536
378, 31, 0.4819120764732361, 0.4721217751502991, 0.2456548511981964, 0.04689593240618706
378, 32, 0.47336649894714355, 0.46395084261894226, 0.2319217473268509, 0.03744744509458542
379, 0, 0.4809176027774811, 0.4327166974544525, -0.17563395202159882, 0.998256504535675
379, 1, 0.48591381311416626, 0.42766955494880676, -0.18403975665569305, 0.9981139898300171
379, 2, 0.4880865514278412, 0.4285614788532257, -0.18403860926628113, 0.9977560639381409
379, 3, 0.49025458097457886, 0.42939043045043945, -0.18406906723976135, 0.9977195858955383
379, 4, 0.4799298644065857, 0.42486077547073364, -0.18460983037948608, 0.9982272982597351
379, 5, 0.4780206084251404, 0.4239382743835449, -0.18464374542236328, 0.9981324076652527
379, 6, 0.47610512375831604, 0.42299243807792664, -0.18467667698860168, 0.9984498023986816
379, 7, 0.4962783753871918, 0.4277195334434509, -0.18247400224208832, 0.9958359003067017
379, 8, 0.47492045164108276, 0.41631343960762024, -0.18488937616348267, 0.9969016313552856
379, 9, 0.48501071333885193, 0.43493810296058655, -0.17037934064865112, 0.9981213212013245
379, 10, 0.4782704710960388, 0.4314321279525757, -0.17118047177791595, 0.9982272982597351
379, 11, 0.5115140080451965, 0.4310128390789032, -0.14474089443683624, 0.9943318367004395
379, 12, 0.457911878824234, 0.41243642568588257, -0.14794421195983887, 0.9969866871833801
379, 13, 0.5300512313842773, 0.4613393545150757, -0.11646504700183868, 0.9576461911201477
379, 14, 0.4272434115409851, 0.44121089577674866, -0.13680265843868256, 0.9300417304039001
379, 15, 0.5396742820739746, 0.4933087229728699, -0.10978057235479355, 0.882762610912323
379, 16, 0.4038606286048889, 0.48768267035484314, -0.1415909081697464, 0.9672517776489258
379, 17, 0.5479508638381958, 0.5009027123451233, -0.12000534683465958, 0.773135781288147
379, 18, 0.39426159858703613, 0.497710645198822, -0.1578228920698166, 0.9465384483337402
379, 19, 0.5414232015609741, 0.5004839301109314, -0.12475303560495377, 0.7655820846557617
379, 20, 0.4015933871269226, 0.5007748603820801, -0.1576661765575409, 0.9471715688705444
379, 21, 0.5369667410850525, 0.4963535666465759, -0.11153946816921234, 0.6244027614593506
379, 22, 0.40637192130088806, 0.497153639793396, -0.1423288732767105, 0.9229687452316284
379, 23, 0.5013355612754822, 0.3981079161167145, -0.002911612158641219, 0.998736560344696
379, 24, 0.4790870249271393, 0.3864019215106964, 0.0028168235439807177, 0.9987622499465942
379, 25, 0.49134334921836853, 0.4595344066619873, 0.05901303142309189, 0.07902970165014267
379, 26, 0.46032023429870605, 0.45905712246894836, 0.05443822219967842, 0.17003192007541656
379, 27, 0.48189792037010193, 0.4742478132247925, 0.16475102305412292, 0.11391603201627731
379, 28, 0.47465333342552185, 0.47371670603752136, 0.16045740246772766, 0.09805901348590851
379, 29, 0.48044461011886597, 0.470883309841156, 0.17684312164783478, 0.07320060580968857
379, 30, 0.47846347093582153, 0.4702090919017792, 0.1718197762966156, 0.061496395617723465
379, 31, 0.4796428680419922, 0.49778085947036743, 0.17547905445098877, 0.14241701364517212
379, 32, 0.4759097099304199, 0.49921610951423645, 0.168952077627182, 0.12615333497524261
380, 0, 0.4842148423194885, 0.41566458344459534, -0.2633242905139923, 0.999737560749054
380, 1, 0.4852626323699951, 0.415122389793396, -0.26676222681999207, 0.9999158382415771
380, 2, 0.4854668974876404, 0.41583824157714844, -0.2667701244354248, 0.9998937845230103
380, 3, 0.48566871881484985, 0.41651153564453125, -0.2668605148792267, 0.9998577833175659
380, 4, 0.48493701219558716, 0.4124450385570526, -0.26635298132896423, 0.9999067783355713
380, 5, 0.4848862588405609, 0.4114506244659424, -0.26640522480010986, 0.9998824596405029
380, 6, 0.4848363995552063, 0.41044557094573975, -0.26640886068344116, 0.9998207688331604
380, 7, 0.4865577816963196, 0.4158230721950531, -0.23899920284748077, 0.9998464584350586
380, 8, 0.4853622317314148, 0.4065912365913391, -0.23651793599128723, 0.9999287128448486
380, 9, 0.4850166440010071, 0.41654664278030396, -0.24819524586200714, 0.9997503161430359
380, 10, 0.4844609200954437, 0.4130201041698456, -0.24755235016345978, 0.9996833801269531
380, 11, 0.48876190185546875, 0.4180678129196167, -0.16532452404499054, 0.9998325109481812
380, 12, 0.48630887269973755, 0.40201058983802795, -0.16907380521297455, 0.9988126754760742
380, 13, 0.47481584548950195, 0.42614325881004333, -0.10876120626926422, 0.6601520776748657
380, 14, 0.48481303453445435, 0.3999629020690918, -0.09596852958202362, 0.40205925703048706
380, 15, 0.45906394720077515, 0.4311259686946869, -0.07954014837741852, 0.6148048043251038
380, 16, 0.4749084413051605, 0.40159615874290466, -0.046607017517089844, 0.2061765044927597
380, 17, 0.45483821630477905, 0.43385618925094604, -0.08630739897489548, 0.5928604602813721
380, 18, 0.47227779030799866, 0.39923083782196045, -0.04972533881664276, 0.22078989446163177
380, 19, 0.4556909501552582, 0.4334016442298889, -0.09776017814874649, 0.5889754295349121
380, 20, 0.4719293713569641, 0.4013741910457611, -0.05673642084002495, 0.203886479139328
380, 21, 0.4569917619228363, 0.4315226674079895, -0.08366338163614273, 0.5153835415840149
380, 22, 0.4728556275367737, 0.4025998115539551, -0.04733443632721901, 0.20293888449668884
380, 23, 0.5073286294937134, 0.3976920545101166, -3.693624239531346e-05, 0.9999988079071045
380, 24, 0.5015494227409363, 0.39968398213386536, 0.000304396147839725, 0.9999974966049194
380, 25, 0.5158281326293945, 0.44450104236602783, 0.07798387110233307, 0.9577202796936035
380, 26, 0.4874407649040222, 0.4422464072704315, 0.05933191627264023, 0.8506803512573242
380, 27, 0.5114696621894836, 0.4406954348087311, 0.2070036679506302, 0.33149293065071106
380, 28, 0.48130935430526733, 0.454560250043869, 0.13946351408958435, 0.1568087488412857
380, 29, 0.51214998960495, 0.4376280903816223, 0.22154884040355682, 0.3059988021850586
380, 30, 0.4825400412082672, 0.4506966471672058, 0.14842508733272552, 0.06578725576400757
380, 31, 0.5080482363700867, 0.4545363187789917, 0.21815761923789978, 0.6343237161636353
380, 32, 0.4737176299095154, 0.4720797538757324, 0.13830499351024628, 0.36079978942871094
381, 0, 0.49906063079833984, 0.4364713132381439, -0.13592898845672607, 0.9977681636810303
381, 1, 0.5045469403266907, 0.43420782685279846, -0.1429917812347412, 0.9977203011512756
381, 2, 0.5066414475440979, 0.4347464144229889, -0.14299586415290833, 0.9976736903190613
381, 3, 0.5087329149246216, 0.43524959683418274, -0.14302565157413483, 0.9976209998130798
381, 4, 0.4984217584133148, 0.4305408000946045, -0.14299237728118896, 0.9967327117919922
381, 5, 0.4967125356197357, 0.4291060268878937, -0.14299575984477997, 0.9970951080322266
381, 6, 0.4949933588504791, 0.4276852011680603, -0.1430351585149765, 0.9966680407524109
381, 7, 0.5150320529937744, 0.42965760827064514, -0.1442776769399643, 0.9956907629966736
381, 8, 0.49333834648132324, 0.4165956676006317, -0.14551295340061188, 0.9911371469497681
381, 9, 0.5020614862442017, 0.43566763401031494, -0.13235338032245636, 0.9971957206726074
381, 10, 0.49599704146385193, 0.4317649304866791, -0.13277150690555573, 0.9965919256210327
381, 11, 0.5271896719932556, 0.424612820148468, -0.10605835914611816, 0.9908087253570557
381, 12, 0.4760882258415222, 0.40026718378067017, -0.10987021028995514, 0.9977631568908691
381, 13, 0.5504441857337952, 0.4381715655326843, -0.08205581456422806, 0.8101511001586914
381, 14, 0.4566277861595154, 0.41941148042678833, -0.09878260642290115, 0.8244891166687012
381, 15, 0.5601145029067993, 0.45735347270965576, -0.06060681492090225, 0.8427146077156067
381, 16, 0.43488115072250366, 0.4578273892402649, -0.10356627404689789, 0.9474325776100159
381, 17, 0.5678032040596008, 0.4630279242992401, -0.06358636170625687, 0.7146159410476685
381, 18, 0.4256325364112854, 0.46555256843566895, -0.11726696789264679, 0.9149377942085266
381, 19, 0.5604466795921326, 0.46075019240379333, -0.07084886729717255, 0.6824551224708557
381, 20, 0.4306638836860657, 0.47175535559654236, -0.11693626642227173, 0.9176702499389648
381, 21, 0.5570254921913147, 0.45839473605155945, -0.06240967661142349, 0.6406200528144836
381, 22, 0.4353333115577698, 0.46942251920700073, -0.10437512397766113, 0.9001525640487671
381, 23, 0.5145111083984375, 0.405309796333313, 0.0013681731652468443, 0.9994283318519592
381, 24, 0.4938109517097473, 0.38867947459220886, -0.0014541364507749677, 0.9995953440666199
381, 25, 0.48201093077659607, 0.4608425199985504, 0.02232697606086731, 0.21491636335849762
381, 26, 0.4633045792579651, 0.4394836723804474, 0.03714665025472641, 0.6362192034721375
381, 27, 0.45506638288497925, 0.4731284976005554, 0.09888092428445816, 0.044819705188274384
381, 28, 0.45965591073036194, 0.4843406677246094, 0.11524432897567749, 0.48449185490608215
381, 29, 0.4509103298187256, 0.46929559111595154, 0.10816819965839386, 0.03962886705994606
381, 30, 0.46261066198349, 0.488537460565567, 0.12402375042438507, 0.35273730754852295
381, 31, 0.45018085837364197, 0.49415597319602966, 0.10290974378585815, 0.183004692196846
381, 32, 0.4526520371437073, 0.5120012760162354, 0.11261274665594101, 0.6967647075653076
382, 0, 0.5020815134048462, 0.4644041359424591, -0.1962055116891861, 0.9998103976249695
382, 1, 0.508791983127594, 0.4618527293205261, -0.2061922252178192, 0.9997914433479309
382, 2, 0.5115424394607544, 0.4636085033416748, -0.2061968296766281, 0.9998100399971008
382, 3, 0.5216933488845825, 0.46165594458580017, -0.20621518790721893, 0.9998276233673096
382, 4, 0.5013264417648315, 0.45423567295074463, -0.2076583206653595, 0.9998677968978882
382, 5, 0.4955998957157135, 0.45540851354599, -0.20769652724266052, 0.9998815059661865
382, 6, 0.49359408020973206, 0.45322075486183167, -0.20771567523479462, 0.9998795986175537
382, 7, 0.5240058302879333, 0.4537356197834015, -0.2021019458770752, 0.999543309211731
382, 8, 0.49145370721817017, 0.4315456449985504, -0.20937511324882507, 0.9997612833976746
382, 9, 0.5070322155952454, 0.46275874972343445, -0.18882812559604645, 0.9997860789299011
382, 10, 0.49905481934547424, 0.4538581073284149, -0.1909281313419342, 0.9997841715812683
382, 11, 0.5432417392730713, 0.45324182510375977, -0.15393193066120148, 0.994579553604126
382, 12, 0.4814680516719818, 0.39157846570014954, -0.1601690649986267, 0.9965139031410217
382, 13, 0.545935869216919, 0.5238760709762573, -0.1362410932779312, 0.9714329242706299
382, 14, 0.4381571412086487, 0.4298965036869049, -0.1454542726278305, 0.9785808324813843
382, 15, 0.5506517887115479, 0.6086188554763794, -0.17853263020515442, 0.9857581853866577
382, 16, 0.4175838530063629, 0.5086088180541992, -0.17341402173042297, 0.9907488226890564
382, 17, 0.5567097663879395, 0.6349049806594849, -0.2025635540485382, 0.9760392904281616
382, 18, 0.40258345007896423, 0.5221893787384033, -0.20162788033485413, 0.98382169008255
382, 19, 0.547588586807251, 0.6319988369941711, -0.20846514403820038, 0.975661039352417
382, 20, 0.41311487555503845, 0.5330376029014587, -0.2069236934185028, 0.984603226184845
382, 21, 0.5443885326385498, 0.6202443242073059, -0.18256352841854095, 0.9589214324951172
382, 22, 0.41925492882728577, 0.5284982919692993, -0.1775493621826172, 0.9790199398994446
382, 23, 0.5421647429466248, 0.3893727660179138, 0.0024566331412643194, 0.9875613451004028
382, 24, 0.5077245235443115, 0.3620017468929291, -0.0023766150698065758, 0.9879526495933533
382, 25, 0.5363078713417053, 0.5026683211326599, 0.04479070007801056, 0.13789403438568115
382, 26, 0.47858017683029175, 0.47593069076538086, 0.03468029946088791, 0.42202892899513245
382, 27, 0.5303496718406677, 0.5434426665306091, 0.1675865799188614, 0.14391516149044037
382, 28, 0.48870187997817993, 0.5198085904121399, 0.15590882301330566, 0.20557193458080292
382, 29, 0.5282371640205383, 0.5454115867614746, 0.18047629296779633, 0.09725484251976013
382, 30, 0.4915273189544678, 0.5229083299636841, 0.1686663180589676, 0.2103945016860962
382, 31, 0.5296857953071594, 0.5758036971092224, 0.1510259211063385, 0.35205793380737305
382, 32, 0.487659215927124, 0.5517110228538513, 0.14268404245376587, 0.4115547239780426
383, 0, 0.49897560477256775, 0.45924586057662964, -0.3133508265018463, 0.9994087219238281
383, 1, 0.5057084560394287, 0.4540991187095642, -0.31838545203208923, 0.9995551705360413
383, 2, 0.5083011984825134, 0.45517903566360474, -0.3183916509151459, 0.9995598196983337
383, 3, 0.5172491669654846, 0.459311842918396, -0.31846386194229126, 0.9996005892753601
383, 4, 0.49704480171203613, 0.4569225311279297, -0.32044777274131775, 0.999707043170929
383, 5, 0.494729608297348, 0.4542529582977295, -0.320491760969162, 0.9996988773345947
383, 6, 0.4921427369117737, 0.4511815309524536, -0.32049691677093506, 0.9996871948242188
383, 7, 0.5203943848609924, 0.44355452060699463, -0.28642597794532776, 0.9988042116165161
383, 8, 0.48947662115097046, 0.4292495846748352, -0.29557228088378906, 0.9993829727172852
383, 9, 0.5033807754516602, 0.4569336771965027, -0.29525741934776306, 0.9992451667785645
383, 10, 0.4958588480949402, 0.4503026306629181, -0.2978450357913971, 0.9992202520370483
383, 11, 0.5393574237823486, 0.44446685910224915, -0.21028590202331543, 0.9820764064788818
383, 12, 0.47662386298179626, 0.3919650614261627, -0.2193736732006073, 0.9872018098831177
383, 13, 0.5409620404243469, 0.5052897334098816, -0.18904761970043182, 0.9120219349861145
383, 14, 0.43431252241134644, 0.4325978457927704, -0.19438143074512482, 0.9620768427848816
383, 15, 0.5461222529411316, 0.5874485969543457, -0.23891732096672058, 0.9403891563415527
383, 16, 0.4109114706516266, 0.5130957961082458, -0.23943665623664856, 0.9801964163780212
383, 17, 0.5533095002174377, 0.6107569932937622, -0.268111914396286, 0.9083031415939331
383, 18, 0.4008116126060486, 0.5305761098861694, -0.27502065896987915, 0.9730970859527588
383, 19, 0.5444458723068237, 0.6095342040061951, -0.2780316472053528, 0.9044020771980286
383, 20, 0.40744489431381226, 0.5338096618652344, -0.28346431255340576, 0.9733089208602905
383, 21, 0.5396599173545837, 0.5984789729118347, -0.24509385228157043, 0.86259526014328
383, 22, 0.4158323407173157, 0.5329791307449341, -0.24563534557819366, 0.9623327255249023
383, 23, 0.5370246767997742, 0.3885191082954407, 0.004181255586445332, 0.9895995855331421
383, 24, 0.5021506547927856, 0.3624100089073181, -0.004111921414732933, 0.9916883111000061
383, 25, 0.5340900421142578, 0.5071834325790405, 0.03639832139015198, 0.10294371098279953
383, 26, 0.47025829553604126, 0.47335585951805115, 0.019447045400738716, 0.3550397455692291
383, 27, 0.5325901508331299, 0.5570595860481262, 0.17945082485675812, 0.17114928364753723
383, 28, 0.46952128410339355, 0.5197150707244873, 0.15896528959274292, 0.25640183687210083
383, 29, 0.5308429002761841, 0.5608606934547424, 0.19388453662395477, 0.12888015806674957
383, 30, 0.4707598090171814, 0.5242717266082764, 0.17308643460273743, 0.21502256393432617
383, 31, 0.5344194173812866, 0.5905574560165405, 0.1507258415222168, 0.346176415681839
383, 32, 0.4654294550418854, 0.5514659285545349, 0.13151702284812927, 0.40897032618522644
384, 0, 0.49379032850265503, 0.4711097180843353, -0.17960454523563385, 0.998909592628479
384, 1, 0.5040050745010376, 0.46698763966560364, -0.18850663304328918, 0.9987561702728271
384, 2, 0.5079134702682495, 0.46562498807907104, -0.1885044425725937, 0.9990206956863403
384, 3, 0.5117294788360596, 0.46647390723228455, -0.18853433430194855, 0.9990078806877136
384, 4, 0.4954316020011902, 0.46150651574134827, -0.19024880230426788, 0.9990442395210266
384, 5, 0.49385619163513184, 0.45748037099838257, -0.19029739499092102, 0.9992790818214417
384, 6, 0.4915946424007416, 0.45452338457107544, -0.19032855331897736, 0.999113142490387
384, 7, 0.5203365087509155, 0.4563506543636322, -0.18818683922290802, 0.9970038533210754
384, 8, 0.48985084891319275, 0.4342994689941406, -0.19624395668506622, 0.9981203675270081
384, 9, 0.5002319812774658, 0.4693554639816284, -0.17503684759140015, 0.9984985589981079
384, 10, 0.49539607763290405, 0.4591273069381714, -0.1773444563150406, 0.9980486631393433
384, 11, 0.5394274592399597, 0.456102579832077, -0.15318189561367035, 0.9815074801445007
384, 12, 0.48429927229881287, 0.39487987756729126, -0.14642149209976196, 0.9871456623077393
384, 13, 0.5459379553794861, 0.5396732687950134, -0.1294427067041397, 0.9413447976112366
384, 14, 0.43619728088378906, 0.4309728741645813, -0.12686611711978912, 0.9329119324684143
384, 15, 0.538111686706543, 0.6194043159484863, -0.15927079319953918, 0.9793956279754639
384, 16, 0.4141736626625061, 0.504160463809967, -0.14993837475776672, 0.9885208606719971
384, 17, 0.5435267686843872, 0.6429240703582764, -0.18079741299152374, 0.9719769358634949
384, 18, 0.40467652678489685, 0.5215842127799988, -0.1723497062921524, 0.9843001961708069
384, 19, 0.5356990098953247, 0.6415872573852539, -0.18589523434638977, 0.9712751507759094
384, 20, 0.4120193123817444, 0.5291889905929565, -0.18034899234771729, 0.9836102724075317
384, 21, 0.5327370166778564, 0.6309256553649902, -0.16236750781536102, 0.9581172466278076
384, 22, 0.4144044816493988, 0.5310192108154297, -0.15468725562095642, 0.9791562557220459
384, 23, 0.5413375496864319, 0.3914923071861267, -0.005032854620367289, 0.9806350469589233
384, 24, 0.5124765038490295, 0.3682467043399811, 0.005181600805372, 0.985594630241394
384, 25, 0.5399906039237976, 0.5279536843299866, -0.017391281202435493, 0.2593062222003937
384, 26, 0.49589723348617554, 0.4864651560783386, -0.0020061719696968794, 0.4640277326107025
384, 27, 0.534338653087616, 0.5939518809318542, 0.0620746836066246, 0.2995201647281647
384, 28, 0.5054244995117188, 0.5752115845680237, 0.07541593909263611, 0.30842188000679016
384, 29, 0.5331034064292908, 0.6004370450973511, 0.07030594348907471, 0.16010412573814392
384, 30, 0.5091359615325928, 0.5873751640319824, 0.08314730226993561, 0.2283753901720047
384, 31, 0.5312561392784119, 0.6324064135551453, 0.032463084906339645, 0.5491907000541687
384, 32, 0.5000138282775879, 0.6121890544891357, 0.04672835394740105, 0.500831663608551
385, 0, 0.5102523565292358, 0.43166181445121765, -0.16315039992332458, 0.9792312383651733
385, 1, 0.5125795006752014, 0.43174681067466736, -0.17185111343860626, 0.9899157881736755
385, 2, 0.5135732293128967, 0.43179944157600403, -0.1718287616968155, 0.9906550049781799
385, 3, 0.5145923495292664, 0.4318281412124634, -0.17187915742397308, 0.9886226058006287
385, 4, 0.5093691945075989, 0.42968350648880005, -0.16980238258838654, 0.9881617426872253
385, 5, 0.5084022283554077, 0.4286358654499054, -0.16983264684677124, 0.988385796546936
385, 6, 0.5074339509010315, 0.42757171392440796, -0.16985848546028137, 0.9849008321762085
385, 7, 0.5167194604873657, 0.4267967939376831, -0.17487210035324097, 0.9876260161399841
385, 8, 0.5058557987213135, 0.4187576174736023, -0.16625790297985077, 0.9839974641799927
385, 9, 0.5117172002792358, 0.42804667353630066, -0.16005399823188782, 0.9890260100364685
385, 10, 0.5085048675537109, 0.42525163292884827, -0.15755856037139893, 0.9909153580665588
385, 11, 0.5196706652641296, 0.41336891055107117, -0.12714284658432007, 0.9934000968933105
385, 12, 0.4965948164463043, 0.402164489030838, -0.1223863959312439, 0.9940190315246582
385, 13, 0.5286473631858826, 0.4174892008304596, -0.09524601697921753, 0.18303342163562775
385, 14, 0.4995245337486267, 0.40451952815055847, -0.09019944816827774, 0.10480864346027374
385, 15, 0.5307652354240417, 0.4279462993144989, -0.06950404495000839, 0.12235359102487564
385, 16, 0.4935730993747711, 0.41096243262290955, -0.07426048070192337, 0.12204673886299133
385, 17, 0.5330183506011963, 0.43146947026252747, -0.07362612336874008, 0.13985934853553772
385, 18, 0.4907356798648834, 0.41104206442832947, -0.07886026799678802, 0.16416487097740173
385, 19, 0.5304482579231262, 0.43214306235313416, -0.07977426797151566, 0.13577383756637573
385, 20, 0.49084171652793884, 0.41472020745277405, -0.08273057639598846, 0.17219965159893036
385, 21, 0.5289579629898071, 0.42989975214004517, -0.07108179479837418, 0.14410409331321716
385, 22, 0.4921126961708069, 0.4144447445869446, -0.07544367760419846, 0.1928907334804535
385, 23, 0.5165465474128723, 0.3976728320121765, 0.0021722628735005856, 0.9995926022529602
385, 24, 0.5033657550811768, 0.38797712326049805, -0.00217268243432045, 0.9995241165161133
385, 25, 0.4907926619052887, 0.4426601827144623, 0.014312757179141045, 0.6634650826454163
385, 26, 0.473123162984848, 0.43586984276771545, 0.019315507262945175, 0.6266183853149414
385, 27, 0.4576127529144287, 0.459299772977829, 0.07633781433105469, 0.5300990343093872
385, 28, 0.448639452457428, 0.46302035450935364, 0.05371428653597832, 0.567321240901947
385, 29, 0.4513676166534424, 0.45582330226898193, 0.08335474878549576, 0.29275617003440857
385, 30, 0.44534629583358765, 0.46394044160842896, 0.057139355689287186, 0.3971581757068634
385, 31, 0.4505334794521332, 0.48358413577079773, 0.06440616399049759, 0.6208179593086243
385, 32, 0.44253548979759216, 0.4874945878982544, 0.030849698930978775, 0.6458889245986938
386, 0, 0.5017441511154175, 0.44821929931640625, -0.13174645602703094, 0.9976130723953247
386, 1, 0.5041852593421936, 0.44873183965682983, -0.13869845867156982, 0.9988866448402405
386, 2, 0.5045251846313477, 0.44867613911628723, -0.13867686688899994, 0.9988112449645996
386, 3, 0.5049065351486206, 0.4486057758331299, -0.1386648714542389, 0.9988331198692322
386, 4, 0.5028932094573975, 0.4471926689147949, -0.13747255504131317, 0.9983646273612976
386, 5, 0.5025365352630615, 0.4461778402328491, -0.1375100463628769, 0.9981435537338257
386, 6, 0.5021610856056213, 0.4451512098312378, -0.1375037580728531, 0.9979668259620667
386, 7, 0.5054648518562317, 0.4416430592536926, -0.1423017829656601, 0.9982991814613342
386, 8, 0.5013224482536316, 0.43600302934646606, -0.13843421638011932, 0.9985660910606384
386, 9, 0.500848650932312, 0.44351306557655334, -0.13017164170742035, 0.999346911907196
386, 10, 0.49981990456581116, 0.4414318799972534, -0.12907548248767853, 0.9994001388549805
386, 11, 0.504760205745697, 0.42181333899497986, -0.11308035999536514, 0.9994420409202576
386, 12, 0.49453601241111755, 0.4136177897453308, -0.10836350917816162, 0.9995235204696655
386, 13, 0.507932186126709, 0.4379579424858093, -0.0706963986158371, 0.09506331384181976
386, 14, 0.49725884199142456, 0.43260446190834045, -0.09691217541694641, 0.4896763861179352
386, 15, 0.4983879029750824, 0.45720091462135315, -0.026860792189836502, 0.176620215177536
386, 16, 0.49504709243774414, 0.45231109857559204, -0.11009155213832855, 0.7231588363647461
386, 17, 0.4978482127189636, 0.46378734707832336, -0.028744127601385117, 0.20796982944011688
386, 18, 0.4940870702266693, 0.4563717246055603, -0.117941714823246, 0.6866033673286438
386, 19, 0.4955251216888428, 0.4605073630809784, -0.03542386740446091, 0.20511263608932495
386, 20, 0.49520307779312134, 0.45660528540611267, -0.12204835563898087, 0.6316332221031189
386, 21, 0.49535951018333435, 0.45744621753692627, -0.028606483712792397, 0.21519409120082855
386, 22, 0.4953571856021881, 0.4541673958301544, -0.11201895773410797, 0.6218084692955017
386, 23, 0.524550199508667, 0.3915155529975891, -0.0031209951266646385, 0.9991124272346497
386, 24, 0.5176944136619568, 0.38503795862197876, 0.003186105517670512, 0.9985582232475281
386, 25, 0.5202407240867615, 0.4633481204509735, 0.022785445675253868, 0.2878422141075134
386, 26, 0.5068326592445374, 0.451058566570282, 0.03571927174925804, 0.43236491084098816
386, 27, 0.4956546723842621, 0.4850156903266907, 0.09121236950159073, 0.0985569953918457
386, 28, 0.49544230103492737, 0.48089054226875305, 0.10275919735431671, 0.0540599524974823
386, 29, 0.4948389530181885, 0.47865673899650574, 0.09888511151075363, 0.06890960037708282
386, 30, 0.49621281027793884, 0.47622978687286377, 0.11020532995462418, 0.03817371279001236
386, 31, 0.4792144298553467, 0.5114138722419739, 0.08988577872514725, 0.2000110000371933
386, 32, 0.4870315194129944, 0.5065605640411377, 0.10474199056625366, 0.10124357044696808
387, 0, 0.5078948736190796, 0.4481928050518036, -0.21134094893932343, 0.9763730764389038
387, 1, 0.5117886662483215, 0.4457082450389862, -0.2156583070755005, 0.9546610116958618
387, 2, 0.5135720372200012, 0.44646155834198, -0.21565768122673035, 0.9451804757118225
387, 3, 0.5153589844703674, 0.4471791982650757, -0.2156563252210617, 0.9713426232337952
387, 4, 0.5063281655311584, 0.44164639711380005, -0.21729311347007751, 0.9776493906974792
387, 5, 0.5045359134674072, 0.44006067514419556, -0.21738629043102264, 0.9770435690879822
387, 6, 0.5027323961257935, 0.438467800617218, -0.217448428273201, 0.9813248515129089
387, 7, 0.520359456539154, 0.43991267681121826, -0.19627726078033447, 0.9413006901741028
387, 8, 0.500514030456543, 0.42518073320388794, -0.20420166850090027, 0.9639157652854919
387, 9, 0.510967493057251, 0.44614601135253906, -0.2002103626728058, 0.9740404486656189
387, 10, 0.505460262298584, 0.44238701462745667, -0.20270653069019318, 0.9758257269859314
387, 11, 0.5367440581321716, 0.4371579587459564, -0.15613184869289398, 0.9797001481056213
387, 12, 0.4817780554294586, 0.3999365568161011, -0.14375737309455872, 0.9980289340019226
387, 13, 0.5502043962478638, 0.46458593010902405, -0.14022579789161682, 0.5083631873130798
387, 14, 0.4483933448791504, 0.4329020082950592, -0.1399695724248886, 0.9767475724220276
387, 15, 0.5551935434341431, 0.4982299506664276, -0.15006737411022186, 0.37988436222076416
387, 16, 0.4176958203315735, 0.4666447639465332, -0.159342423081398, 0.9277662038803101
387, 17, 0.5659682154655457, 0.5078753232955933, -0.16069398820400238, 0.4652051031589508
387, 18, 0.40930652618408203, 0.47581925988197327, -0.17967364192008972, 0.8937554359436035
387, 19, 0.5591521263122559, 0.5061678290367126, -0.16882896423339844, 0.5072584748268127
387, 20, 0.41454631090164185, 0.4800123870372772, -0.17902353405952454, 0.8934841156005859
387, 21, 0.55384761095047, 0.5004245638847351, -0.15302959084510803, 0.42364972829818726
387, 22, 0.41920751333236694, 0.4782794415950775, -0.16069258749485016, 0.8120476603507996
387, 23, 0.5367863774299622, 0.3831334710121155, -0.009582579135894775, 0.995895504951477
387, 24, 0.5149851441383362, 0.3690989315509796, 0.009397120214998722, 0.998258650302887
387, 25, 0.5310887098312378, 0.48104003071784973, 0.014087742194533348, 0.3202265501022339
387, 26, 0.5201206207275391, 0.4513671398162842, -0.0007817189325578511, 0.5372677445411682
387, 27, 0.5472426414489746, 0.5405261516571045, 0.09358019381761551, 0.2896696627140045
387, 28, 0.5469469428062439, 0.54067063331604, 0.06710658967494965, 0.6526158452033997
387, 29, 0.5515735149383545, 0.5435977578163147, 0.10183606296777725, 0.25684189796447754
387, 30, 0.5541157126426697, 0.5501542687416077, 0.07407984882593155, 0.396820604801178
387, 31, 0.5453874468803406, 0.5750912427902222, 0.07797090709209442, 0.4922034740447998
387, 32, 0.5461939573287964, 0.5794719457626343, 0.04459251090884209, 0.6774537563323975
388, 0, 0.5064442157745361, 0.4565751254558563, -0.2620292007923126, 0.9891674518585205
388, 1, 0.5101897716522217, 0.4533746838569641, -0.26712873578071594, 0.9909532070159912
388, 2, 0.5122113227844238, 0.45449715852737427, -0.2671142518520355, 0.9898792505264282
388, 3, 0.5142358541488647, 0.45556747913360596, -0.26715898513793945, 0.9886246919631958
388, 4, 0.5044317841529846, 0.44825905561447144, -0.2672935128211975, 0.9919215440750122
388, 5, 0.5025918483734131, 0.4462089240550995, -0.2673710584640503, 0.9915211200714111
388, 6, 0.5007632374763489, 0.4441829323768616, -0.2674318253993988, 0.992886483669281
388, 7, 0.5213994979858398, 0.4475998878479004, -0.24158000946044922, 0.9663931727409363
388, 8, 0.5001099705696106, 0.4285256564617157, -0.24277262389659882, 0.9860142469406128
388, 9, 0.5110457539558411, 0.45469093322753906, -0.24748572707176208, 0.9809999465942383
388, 10, 0.5051870346069336, 0.44965505599975586, -0.24787256121635437, 0.9814017415046692
388, 11, 0.543594479560852, 0.4426155388355255, -0.1873447448015213, 0.9535105228424072
388, 12, 0.4848383069038391, 0.399647057056427, -0.19125458598136902, 0.9890387058258057
388, 13, 0.5639449954032898, 0.48205679655075073, -0.17085622251033783, 0.8899434804916382
388, 14, 0.4463147521018982, 0.4310101270675659, -0.18669554591178894, 0.9782932996749878
388, 15, 0.5668830275535583, 0.5333803296089172, -0.19873419404029846, 0.9015398025512695
388, 16, 0.4163033366203308, 0.4825107455253601, -0.2171430140733719, 0.9884998202323914
388, 17, 0.5747323632240295, 0.5472464561462402, -0.22129495441913605, 0.8412800431251526
388, 18, 0.40594682097435, 0.48980385065078735, -0.24505457282066345, 0.983607828617096
388, 19, 0.5657937526702881, 0.5449891686439514, -0.22949998080730438, 0.8449938297271729
388, 20, 0.4118068814277649, 0.49401694536209106, -0.24561253190040588, 0.9834241271018982
388, 21, 0.5611379146575928, 0.5375135540962219, -0.20339325070381165, 0.7438334822654724
388, 22, 0.41740840673446655, 0.49208301305770874, -0.2193748503923416, 0.9686034917831421
388, 23, 0.5398797988891602, 0.38695961236953735, -0.005662431009113789, 0.9330570101737976
388, 24, 0.516857385635376, 0.3650294542312622, 0.0054961699061095715, 0.9623953104019165
388, 25, 0.5259365439414978, 0.4601742923259735, 0.10087671130895615, 0.03196686878800392
388, 26, 0.502369225025177, 0.43471449613571167, 0.10385598987340927, 0.05691365897655487
388, 27, 0.5324421525001526, 0.4681539833545685, 0.27352961897850037, 0.07084684818983078
388, 28, 0.5160646438598633, 0.44517549872398376, 0.27029430866241455, 0.03887556865811348
388, 29, 0.5346353650093079, 0.46555137634277344, 0.29190269112586975, 0.05248447135090828
388, 30, 0.5188392400741577, 0.4451027810573578, 0.2882261574268341, 0.025039881467819214
388, 31, 0.5292115807533264, 0.48745208978652954, 0.28170979022979736, 0.07507255673408508
388, 32, 0.516336977481842, 0.45671042799949646, 0.27877703309059143, 0.03922683000564575
389, 0, 0.4964406490325928, 0.4418114125728607, -0.20960764586925507, 0.9995980858802795
389, 1, 0.5007861852645874, 0.4431104063987732, -0.21569006145000458, 0.9997304081916809
389, 2, 0.5021007061004639, 0.44474270939826965, -0.21567833423614502, 0.9997100234031677
389, 3, 0.5034262537956238, 0.4463616609573364, -0.21572205424308777, 0.9996941089630127
389, 4, 0.49737805128097534, 0.4365641176700592, -0.21605458855628967, 0.9996448755264282
389, 5, 0.49650341272354126, 0.4340372383594513, -0.2160784900188446, 0.999529242515564
389, 6, 0.4956197142601013, 0.43150609731674194, -0.2160835713148117, 0.9994603991508484
389, 7, 0.5081489682197571, 0.4439672827720642, -0.20548391342163086, 0.9995429515838623
389, 8, 0.4962335228919983, 0.42118868231773376, -0.20782434940338135, 0.9993366599082947
389, 9, 0.49842017889022827, 0.44179925322532654, -0.20137226581573486, 0.9996654987335205
389, 10, 0.4946846067905426, 0.43420282006263733, -0.20207259058952332, 0.9996170997619629
389, 11, 0.5150575041770935, 0.44832664728164673, -0.1441836804151535, 0.9994959831237793
389, 12, 0.48841771483421326, 0.39597731828689575, -0.1508980542421341, 0.9992601275444031
389, 13, 0.5214294791221619, 0.4527657926082611, -0.08891301602125168, 0.2446061670780182
389, 14, 0.48622187972068787, 0.3897436857223511, -0.10499216616153717, 0.8404605388641357
389, 15, 0.5118409991264343, 0.44440126419067383, -0.052913516759872437, 0.5534906983375549
389, 16, 0.4793187975883484, 0.40201711654663086, -0.08899176120758057, 0.8963375687599182
389, 17, 0.5110224485397339, 0.44558799266815186, -0.05827925726771355, 0.5292864441871643
389, 18, 0.4759049415588379, 0.4007936120033264, -0.09828999638557434, 0.8639951944351196
389, 19, 0.5080620050430298, 0.4396703839302063, -0.07059900462627411, 0.5176604986190796
389, 20, 0.4773384928703308, 0.4087407886981964, -0.10599619150161743, 0.8729533553123474
389, 21, 0.507585883140564, 0.4384007453918457, -0.05715963989496231, 0.5081888437271118
389, 22, 0.47891831398010254, 0.41020500659942627, -0.09195680171251297, 0.8829566240310669
389, 23, 0.5170033574104309, 0.41894373297691345, 0.0012432945659384131, 0.9997929930686951
389, 24, 0.5029311776161194, 0.3895151913166046, -0.0011201811721548438, 0.9997026324272156
389, 25, 0.49982142448425293, 0.4670349657535553, 0.0478229783475399, 0.639665424823761
389, 26, 0.4698389172554016, 0.40888407826423645, 0.05286342650651932, 0.5972614884376526
389, 27, 0.46496325731277466, 0.46531736850738525, 0.1549302488565445, 0.5430601239204407
389, 28, 0.4443020224571228, 0.43096232414245605, 0.16365233063697815, 0.4728300869464874
389, 29, 0.4598066806793213, 0.4616316556930542, 0.16626250743865967, 0.3679297864437103
389, 30, 0.4414401948451996, 0.4328272044658661, 0.17457368969917297, 0.24372559785842896
389, 31, 0.454367458820343, 0.47705206274986267, 0.15116633474826813, 0.7220361232757568
389, 32, 0.43466100096702576, 0.44836920499801636, 0.15469352900981903, 0.5778898000717163
390, 0, 0.5062176585197449, 0.43461260199546814, -0.16032612323760986, 0.9995456337928772
390, 1, 0.507673978805542, 0.435945987701416, -0.16751229763031006, 0.9995909333229065
390, 2, 0.5081407427787781, 0.436116099357605, -0.1675242781639099, 0.9995529055595398
390, 3, 0.5086215138435364, 0.4362749457359314, -0.16757820546627045, 0.9994685053825378
390, 4, 0.5063662528991699, 0.43463608622550964, -0.16617031395435333, 0.9995717406272888
390, 5, 0.5060003995895386, 0.433829128742218, -0.16618883609771729, 0.9994984865188599
390, 6, 0.5056191682815552, 0.433005154132843, -0.1661936342716217, 0.999401330947876
390, 7, 0.5097945332527161, 0.43343985080718994, -0.16782444715499878, 0.9995657801628113
390, 8, 0.505752682685852, 0.42846179008483887, -0.1621982604265213, 0.9995375871658325
390, 9, 0.5070290565490723, 0.43157729506492615, -0.15608300268650055, 0.9998217225074768
390, 10, 0.5054500699043274, 0.429273784160614, -0.1543998122215271, 0.9998161196708679
390, 11, 0.511176347732544, 0.426056444644928, -0.12407699972391129, 0.9999194145202637
390, 12, 0.5011803507804871, 0.41460636258125305, -0.12384923547506332, 0.99989914894104
390, 13, 0.5168041586875916, 0.4239070415496826, -0.08687915652990341, 0.3687293231487274
390, 14, 0.5029898285865784, 0.41600942611694336, -0.10703092813491821, 0.8000792860984802
390, 15, 0.5124725699424744, 0.429497092962265, -0.07039816677570343, 0.5955990552902222
390, 16, 0.4949685037136078, 0.4307887554168701, -0.12234608829021454, 0.8523738980293274
390, 17, 0.5123451948165894, 0.4324641823768616, -0.08032776415348053, 0.5360841155052185
390, 18, 0.49176517128944397, 0.4337930977344513, -0.1344194859266281, 0.8201550245285034
390, 19, 0.5097604393959045, 0.43354272842407227, -0.08922585844993591, 0.5222595930099487
390, 20, 0.49187445640563965, 0.4376838803291321, -0.1410062313079834, 0.8315335512161255
390, 21, 0.5094615817070007, 0.4318751394748688, -0.07392755150794983, 0.4950898289680481
390, 22, 0.4923582971096039, 0.43623194098472595, -0.12577088177204132, 0.851590633392334
390, 23, 0.5174535512924194, 0.40520626306533813, 0.0037533484864979982, 0.9999604225158691
390, 24, 0.5092830061912537, 0.39513540267944336, -0.0037091083358973265, 0.9999575614929199
390, 25, 0.5011242628097534, 0.453933984041214, 0.059382665902376175, 0.37696513533592224
390, 26, 0.4754079282283783, 0.4326523542404175, 0.06150994822382927, 0.5429057478904724
390, 27, 0.4697516858577728, 0.46336594223976135, 0.1703975647687912, 0.315353125333786
390, 28, 0.45345354080200195, 0.45144122838974, 0.15380999445915222, 0.36649131774902344
390, 29, 0.46586817502975464, 0.4602155089378357, 0.18247327208518982, 0.23801825940608978
390, 30, 0.4508371353149414, 0.44879668951034546, 0.16290917992591858, 0.2371954619884491
390, 31, 0.4576195776462555, 0.4783240556716919, 0.172918438911438, 0.4955388307571411
390, 32, 0.44523945450782776, 0.4724922180175781, 0.14704570174217224, 0.5194156169891357
391, 0, 0.5106006264686584, 0.44131016731262207, -0.22505995631217957, 0.9930633902549744
391, 1, 0.5134395956993103, 0.4380671977996826, -0.2313680350780487, 0.9935636520385742
391, 2, 0.515339195728302, 0.4385727047920227, -0.2313692271709442, 0.9940193891525269
391, 3, 0.5172393918037415, 0.4390468895435333, -0.231411412358284, 0.993333637714386
391, 4, 0.5075957179069519, 0.43506625294685364, -0.23047414422035217, 0.993683934211731
391, 5, 0.5056334733963013, 0.4339148700237274, -0.23054471611976624, 0.9946513772010803
391, 6, 0.5036821961402893, 0.4327831268310547, -0.23059633374214172, 0.9946777820587158
391, 7, 0.5227195024490356, 0.4320739209651947, -0.2149926722049713, 0.9831489324569702
391, 8, 0.501462459564209, 0.42003488540649414, -0.2125721275806427, 0.9900192022323608
391, 9, 0.5145323276519775, 0.4394247233867645, -0.21402719616889954, 0.9861395359039307
391, 10, 0.5087201595306396, 0.43658706545829773, -0.21331167221069336, 0.9846216440200806
391, 11, 0.5421337485313416, 0.42264026403427124, -0.1592133790254593, 0.9414399862289429
391, 12, 0.4833480417728424, 0.3967958092689514, -0.16664201021194458, 0.9917812943458557
391, 13, 0.5611923336982727, 0.4370814561843872, -0.13866591453552246, 0.6131009459495544
391, 14, 0.4458271861076355, 0.4207427501678467, -0.1552029848098755, 0.9785445332527161
391, 15, 0.5690788626670837, 0.4599401652812958, -0.1523868441581726, 0.689534068107605
391, 16, 0.41929179430007935, 0.45889973640441895, -0.17576639354228973, 0.9822010397911072
391, 17, 0.5776039958000183, 0.46569666266441345, -0.16717779636383057, 0.6519344449043274
391, 18, 0.4096415638923645, 0.4650088846683502, -0.19789128005504608, 0.9762118458747864
391, 19, 0.5703216791152954, 0.4620818793773651, -0.17617318034172058, 0.663755476474762
391, 20, 0.41721662878990173, 0.4686796963214874, -0.19827868044376373, 0.9784376621246338
391, 21, 0.5655778646469116, 0.45897728204727173, -0.15661785006523132, 0.5712528228759766
391, 22, 0.4227919578552246, 0.4670334756374359, -0.1772231161594391, 0.9610496163368225
391, 23, 0.532515287399292, 0.38939714431762695, -0.006863036192953587, 0.9845678806304932
391, 24, 0.5085962414741516, 0.3725923001766205, 0.006678066216409206, 0.9892956614494324
391, 25, 0.5209803581237793, 0.451620489358902, 0.08986242115497589, 0.02951873652637005
391, 26, 0.4955483078956604, 0.42251214385032654, 0.0933791771531105, 0.05480773374438286
391, 27, 0.5223978161811829, 0.454362690448761, 0.24014155566692352, 0.04342282563447952
391, 28, 0.5037630796432495, 0.4315580725669861, 0.2407853901386261, 0.044100869446992874
391, 29, 0.5234239101409912, 0.4504127502441406, 0.2562709450721741, 0.04004368558526039
391, 30, 0.5059650540351868, 0.43135082721710205, 0.2565617561340332, 0.031735315918922424
391, 31, 0.5187152624130249, 0.47313427925109863, 0.2504301369190216, 0.06211040914058685
391, 32, 0.5009772181510925, 0.44391414523124695, 0.25010210275650024, 0.04313523694872856
392, 0, 0.5172463059425354, 0.4193921685218811, -0.18796968460083008, 0.9972183704376221
392, 1, 0.5212320685386658, 0.41932258009910583, -0.19572024047374725, 0.9977855682373047
392, 2, 0.5229018926620483, 0.4199640154838562, -0.19571110606193542, 0.9980473518371582
392, 3, 0.5245829224586487, 0.4205523729324341, -0.1957562118768692, 0.9976603984832764
392, 4, 0.5166653990745544, 0.41528427600860596, -0.19446688890457153, 0.9963789582252502
392, 5, 0.515468418598175, 0.4136247932910919, -0.19448032975196838, 0.9962749481201172
392, 6, 0.5142653584480286, 0.41194069385528564, -0.19451338052749634, 0.9954385161399841
392, 7, 0.5301874279975891, 0.41680043935775757, -0.19337846338748932, 0.9971134662628174
392, 8, 0.5141206979751587, 0.4017391502857208, -0.18860192596912384, 0.9926115870475769
392, 9, 0.5203248858451843, 0.4176815152168274, -0.18258066475391388, 0.9971567392349243
392, 10, 0.516041100025177, 0.41364622116088867, -0.18121859431266785, 0.9968996047973633
392, 11, 0.5402213335037231, 0.4116012454032898, -0.14353935420513153, 0.9941011071205139
392, 12, 0.5039348602294922, 0.3837970197200775, -0.1345069408416748, 0.995718777179718
392, 13, 0.5599987506866455, 0.43457040190696716, -0.10994333028793335, 0.7088663578033447
392, 14, 0.49299782514572144, 0.395235538482666, -0.10966745764017105, 0.7703141570091248
392, 15, 0.5624472498893738, 0.4490028917789459, -0.08058080822229385, 0.7428674101829529
392, 16, 0.4748168885707855, 0.4138614237308502, -0.10587415844202042, 0.8740114569664001
392, 17, 0.5662767887115479, 0.4525315463542938, -0.0844583511352539, 0.7394276261329651
392, 18, 0.46830448508262634, 0.41595742106437683, -0.11356673389673233, 0.891366183757782
392, 19, 0.5614175200462341, 0.45122092962265015, -0.09109754860401154, 0.7059264779090881
392, 20, 0.4697234630584717, 0.42178523540496826, -0.11730511486530304, 0.8919530510902405
392, 21, 0.5593928694725037, 0.4492919147014618, -0.08217672258615494, 0.7027552723884583
392, 22, 0.4725905954837799, 0.42133039236068726, -0.10756804794073105, 0.8902600407600403
392, 23, 0.5251978039741516, 0.40277719497680664, -0.0019512500148266554, 0.9990494847297668
392, 24, 0.5086085200309753, 0.3810977637767792, 0.0019355907570570707, 0.9991058707237244
392, 25, 0.4955540597438812, 0.45200908184051514, 0.01023152470588684, 0.7128099203109741
392, 26, 0.4721735119819641, 0.4131288230419159, 0.02252327650785446, 0.8517937660217285
392, 27, 0.4631792902946472, 0.4572431743144989, 0.07980114966630936, 0.6017355918884277
392, 28, 0.44978809356689453, 0.43808257579803467, 0.08628629893064499, 0.7404050230979919
392, 29, 0.45744460821151733, 0.45251893997192383, 0.08729248493909836, 0.43459877371788025
392, 30, 0.4485986828804016, 0.4415777027606964, 0.09277862310409546, 0.6526426672935486
392, 31, 0.45723357796669006, 0.47320935130119324, 0.06881353259086609, 0.7481555342674255
392, 32, 0.4416874051094055, 0.455222487449646, 0.07020353525876999, 0.8153900504112244
393, 0, 0.5166741609573364, 0.42680859565734863, -0.19045637547969818, 0.9992419481277466
393, 1, 0.5209477543830872, 0.4263981282711029, -0.19824238121509552, 0.9987706542015076
393, 2, 0.5224428772926331, 0.4271537661552429, -0.19824430346488953, 0.9987062215805054
393, 3, 0.523956835269928, 0.4278740882873535, -0.19823990762233734, 0.9991872906684875
393, 4, 0.5164890885353088, 0.42281123995780945, -0.1997309774160385, 0.9991075396537781
393, 5, 0.5152055621147156, 0.42149922251701355, -0.19977886974811554, 0.9991611242294312
393, 6, 0.5138897895812988, 0.42018136382102966, -0.19979465007781982, 0.9992245435714722
393, 7, 0.528857409954071, 0.42300257086753845, -0.1947997510433197, 0.998036801815033
393, 8, 0.5129643082618713, 0.40990057587623596, -0.20274922251701355, 0.9984061121940613
393, 9, 0.5186128616333008, 0.4256559908390045, -0.1845417320728302, 0.9991216063499451
393, 10, 0.514300525188446, 0.42186954617500305, -0.18678677082061768, 0.9991951584815979
393, 11, 0.5412033200263977, 0.4177935719490051, -0.15561111271381378, 0.990678608417511
393, 12, 0.4926460385322571, 0.3866010010242462, -0.16665908694267273, 0.9991458654403687
393, 13, 0.5627850294113159, 0.4454631507396698, -0.15334905683994293, 0.8568356037139893
393, 14, 0.4627099931240082, 0.4059828817844391, -0.17202676832675934, 0.996056079864502
393, 15, 0.575107991695404, 0.48130396008491516, -0.16899287700653076, 0.7989366054534912
393, 16, 0.4292904734611511, 0.4293721616268158, -0.19330982863903046, 0.9939380884170532
393, 17, 0.585801899433136, 0.49271902441978455, -0.18204934895038605, 0.7709238529205322
393, 18, 0.41975855827331543, 0.43281543254852295, -0.21556958556175232, 0.9895988702774048
393, 19, 0.5788587331771851, 0.49199378490448, -0.18961933255195618, 0.7856422066688538
393, 20, 0.4241512417793274, 0.4389413297176361, -0.21232649683952332, 0.9898272752761841
393, 21, 0.5739730000495911, 0.48606759309768677, -0.17254924774169922, 0.6816456317901611
393, 22, 0.42896103858947754, 0.43781960010528564, -0.19363775849342346, 0.9787040948867798
393, 23, 0.537963330745697, 0.3828671872615814, 0.0010279032867401838, 0.9973340034484863
393, 24, 0.5176023244857788, 0.36259081959724426, -0.001204922329634428, 0.9976397752761841
393, 25, 0.526578426361084, 0.44531679153442383, 0.041063111275434494, 0.06868971884250641
393, 26, 0.4915807247161865, 0.4048914909362793, 0.04742312431335449, 0.632140040397644
393, 27, 0.5063545107841492, 0.45278340578079224, 0.14683564007282257, 0.019433991983532906
393, 28, 0.47551092505455017, 0.4209344983100891, 0.14029188454151154, 0.2554161846637726
393, 29, 0.5029269456863403, 0.4472145140171051, 0.1590871810913086, 0.018630612641572952
393, 30, 0.4738611578941345, 0.4186703860759735, 0.1503068506717682, 0.1447308510541916
393, 31, 0.5005213022232056, 0.4760512411594391, 0.15081872045993805, 0.07965700328350067
393, 32, 0.4668346047401428, 0.44028255343437195, 0.13713571429252625, 0.32519009709358215
394, 0, 0.5221667289733887, 0.41964128613471985, -0.1654973179101944, 0.9996466636657715
394, 1, 0.5231872200965881, 0.41719475388526917, -0.17254216969013214, 0.9996727705001831
394, 2, 0.5239681601524353, 0.41629302501678467, -0.17254863679409027, 0.9995729327201843
394, 3, 0.5247923135757446, 0.415355384349823, -0.1725882738828659, 0.9994940757751465
394, 4, 0.5209500193595886, 0.4185290038585663, -0.16981811821460724, 0.9997263550758362
394, 5, 0.5202629566192627, 0.4186151623725891, -0.1698702573776245, 0.9996590614318848
394, 6, 0.5195686221122742, 0.41867882013320923, -0.16994935274124146, 0.9996614456176758
394, 7, 0.5257771611213684, 0.40816912055015564, -0.16932623088359833, 0.9990717172622681
394, 8, 0.5181251764297485, 0.4119669198989868, -0.15772590041160583, 0.9994296431541443
394, 9, 0.5234772562980652, 0.4147993326187134, -0.15972347557544708, 0.9995245933532715
394, 10, 0.5212111473083496, 0.41544315218925476, -0.15625420212745667, 0.999731719493866
394, 11, 0.5300675630569458, 0.3915390968322754, -0.12358196824789047, 0.9983738660812378
394, 12, 0.5100563764572144, 0.4048210680484772, -0.11782126128673553, 0.9999606609344482
394, 13, 0.5460293889045715, 0.41335102915763855, -0.10291168838739395, 0.3736838400363922
394, 14, 0.5226507782936096, 0.42511531710624695, -0.09448184818029404, 0.6192134022712708
394, 15, 0.5552238821983337, 0.4501439929008484, -0.09309528768062592, 0.6345049142837524
394, 16, 0.5298463702201843, 0.42834120988845825, -0.10772965103387833, 0.8550680875778198
394, 17, 0.5602967739105225, 0.4580868184566498, -0.10233022272586823, 0.5877556800842285
394, 18, 0.5296754837036133, 0.4293653666973114, -0.11866386979818344, 0.8483753204345703
394, 19, 0.5553596615791321, 0.46159717440605164, -0.1079164370894432, 0.5680651068687439
394, 20, 0.5301128625869751, 0.43063998222351074, -0.12920546531677246, 0.8669773936271667
394, 21, 0.5528252720832825, 0.4574577212333679, -0.09507837146520615, 0.547216534614563
394, 22, 0.5307986736297607, 0.42942386865615845, -0.11221668869256973, 0.8706215023994446
394, 23, 0.5266541242599487, 0.3795360028743744, 0.0039408267475664616, 0.999902606010437
394, 24, 0.5175431370735168, 0.3841797709465027, -0.003987627569586039, 0.9999638795852661
394, 25, 0.4960542321205139, 0.426548033952713, 0.05625613406300545, 0.16781947016716003
394, 26, 0.48910483717918396, 0.43563312292099, 0.036729682236909866, 0.7319937348365784
394, 27, 0.464707612991333, 0.42332619428634644, 0.14321649074554443, 0.042247019708156586
394, 28, 0.47845762968063354, 0.4536878764629364, 0.0917540118098259, 0.3421899080276489
394, 29, 0.46236172318458557, 0.4160861670970917, 0.15325124561786652, 0.0386994332075119
394, 30, 0.48077353835105896, 0.4481557607650757, 0.09867074340581894, 0.29263997077941895
394, 31, 0.4522753655910492, 0.4457525908946991, 0.15309575200080872, 0.1243843212723732
394, 32, 0.46580347418785095, 0.48390519618988037, 0.0905061736702919, 0.5259794592857361
395, 0, 0.5155399441719055, 0.43034887313842773, -0.15130680799484253, 0.9929059743881226
395, 1, 0.5181567072868347, 0.4295635223388672, -0.15876416862010956, 0.9906588792800903
395, 2, 0.5194733142852783, 0.4295497536659241, -0.15877163410186768, 0.990380048751831
395, 3, 0.5207999348640442, 0.42951956391334534, -0.158791184425354, 0.9901048541069031
395, 4, 0.5143012404441833, 0.42800092697143555, -0.15689869225025177, 0.990347146987915
395, 5, 0.5131410360336304, 0.4272735118865967, -0.15691713988780975, 0.9899011254310608
395, 6, 0.5119756460189819, 0.42653995752334595, -0.15694715082645416, 0.9877270460128784
395, 7, 0.524027407169342, 0.424368292093277, -0.16102589666843414, 0.9903466105461121
395, 8, 0.5107719302177429, 0.4180009067058563, -0.1536683440208435, 0.984757661819458
395, 9, 0.5177282691001892, 0.42722538113594055, -0.14809495210647583, 0.9896026253700256
395, 10, 0.5139114856719971, 0.4252251088619232, -0.14575675129890442, 0.9920852780342102
395, 11, 0.5337843894958496, 0.4137517213821411, -0.12458250671625137, 0.9965369701385498
395, 12, 0.4986281991004944, 0.39958712458610535, -0.11832524836063385, 0.999406099319458
395, 13, 0.5556718707084656, 0.4312628507614136, -0.1174050122499466, 0.8009242415428162
395, 14, 0.5023924112319946, 0.40032896399497986, -0.11724992841482162, 0.6100027561187744
395, 15, 0.5653864145278931, 0.46097874641418457, -0.11507117748260498, 0.8975088596343994
395, 16, 0.5039684772491455, 0.40999943017959595, -0.1507851630449295, 0.864671528339386
395, 17, 0.5705727934837341, 0.4696022868156433, -0.1264728605747223, 0.8140866756439209
395, 18, 0.5015471577644348, 0.4122058153152466, -0.16415667533874512, 0.7928120493888855
395, 19, 0.5647888779640198, 0.4705829322338104, -0.13009323179721832, 0.8036655783653259
395, 20, 0.5032835006713867, 0.4174773395061493, -0.16898010671138763, 0.7971206307411194
395, 21, 0.5619897246360779, 0.4663827121257782, -0.11675689369440079, 0.7391350269317627
395, 22, 0.5049821138381958, 0.4162583351135254, -0.1539522409439087, 0.7891738414764404
395, 23, 0.5323625802993774, 0.3904375731945038, 0.005327756050974131, 0.9997245669364929
395, 24, 0.5145090818405151, 0.3792092204093933, -0.00544532248750329, 0.9996806383132935
395, 25, 0.5255832672119141, 0.44969892501831055, 0.051793910562992096, 0.27920734882354736
395, 26, 0.4768901467323303, 0.4075668454170227, 0.0485820397734642, 0.7742250561714172
395, 27, 0.5060131549835205, 0.4619086682796478, 0.1453295648097992, 0.15778294205665588
395, 28, 0.45788151025772095, 0.4242118299007416, 0.1402730792760849, 0.5103514790534973
395, 29, 0.5031428337097168, 0.45883482694625854, 0.1556227058172226, 0.12038777768611908
395, 30, 0.45805734395980835, 0.42261195182800293, 0.14988388121128082, 0.37735530734062195
395, 31, 0.5000304579734802, 0.47901788353919983, 0.14729128777980804, 0.24668699502944946
395, 32, 0.4468473792076111, 0.44231656193733215, 0.139520525932312, 0.503078818321228
396, 0, 0.5098458528518677, 0.41559261083602905, -0.234746053814888, 0.9998750686645508
396, 1, 0.5081323981285095, 0.41599029302597046, -0.23985663056373596, 0.9999438524246216
396, 2, 0.507949709892273, 0.4154362082481384, -0.2398529350757599, 0.9999289512634277
396, 3, 0.5077759027481079, 0.4148412048816681, -0.23993512988090515, 0.9999151229858398
396, 4, 0.508578360080719, 0.41682785749435425, -0.23782460391521454, 0.9999713897705078
396, 5, 0.5087422132492065, 0.416670560836792, -0.23787370324134827, 0.9999696016311646
396, 6, 0.5089003443717957, 0.4164923429489136, -0.23791322112083435, 0.9999600648880005
396, 7, 0.5076924562454224, 0.4091029167175293, -0.22272327542304993, 0.9999351501464844
396, 8, 0.5091767907142639, 0.41081929206848145, -0.21286284923553467, 0.9999899864196777
396, 9, 0.5103676319122314, 0.41047775745391846, -0.2236834019422531, 0.9999277591705322
396, 10, 0.5111020803451538, 0.4106736183166504, -0.22074107825756073, 0.9999451637268066
396, 11, 0.5112388134002686, 0.39617234468460083, -0.15064246952533722, 0.9997162222862244
396, 12, 0.5111840963363647, 0.4006321430206299, -0.1619400531053543, 0.9999200105667114
396, 13, 0.4969262182712555, 0.3969278931617737, -0.09319693595170975, 0.5465369820594788
396, 14, 0.513929545879364, 0.4187423288822174, -0.09380239248275757, 0.7984074354171753
396, 15, 0.4838079810142517, 0.42487332224845886, -0.06237485259771347, 0.5716809034347534
396, 16, 0.5095657110214233, 0.43626832962036133, -0.05156319588422775, 0.7857056260108948
396, 17, 0.4805634915828705, 0.4316137433052063, -0.067804254591465, 0.48651978373527527
396, 18, 0.5076851844787598, 0.44001179933547974, -0.055412568151950836, 0.7184309363365173
396, 19, 0.4801073670387268, 0.432648628950119, -0.07635462284088135, 0.44269517064094543
396, 20, 0.5078454613685608, 0.43924951553344727, -0.06346898525953293, 0.7178820371627808
396, 21, 0.48126667737960815, 0.4301776587963104, -0.06557247042655945, 0.40069034695625305
396, 22, 0.5083690881729126, 0.43723344802856445, -0.05320680886507034, 0.764940619468689
396, 23, 0.5226054191589355, 0.38485920429229736, 0.004872920922935009, 0.9999986886978149
396, 24, 0.5175523161888123, 0.38676536083221436, -0.004705663770437241, 0.9999955892562866
396, 25, 0.5355205535888672, 0.4317946434020996, 0.07794004678726196, 0.9418839812278748
396, 26, 0.4913251996040344, 0.4206145107746124, 0.09104350954294205, 0.7628154158592224
396, 27, 0.5347747802734375, 0.46480628848075867, 0.19711934030056, 0.8276496529579163
396, 28, 0.49299106001853943, 0.43107283115386963, 0.20806947350502014, 0.3010327219963074
396, 29, 0.5372533798217773, 0.4661283791065216, 0.21069160103797913, 0.807103157043457
396, 30, 0.4941481947898865, 0.42365193367004395, 0.2205309420824051, 0.16567084193229675
396, 31, 0.5308482050895691, 0.486023873090744, 0.2010384052991867, 0.861438512802124
396, 32, 0.49036702513694763, 0.4495910704135895, 0.2145092785358429, 0.3437298834323883
397, 0, 0.5049772262573242, 0.43114930391311646, -0.1329718977212906, 0.9987200498580933
397, 1, 0.509297788143158, 0.4324378967285156, -0.1419801115989685, 0.9988227486610413
397, 2, 0.5108882188796997, 0.4335467517375946, -0.14200472831726074, 0.9988254904747009
397, 3, 0.5124993920326233, 0.4346197247505188, -0.14204350113868713, 0.9987834095954895
397, 4, 0.5048573017120361, 0.42773088812828064, -0.14157064259052277, 0.9985820055007935
397, 5, 0.50364750623703, 0.42586272954940796, -0.14156390726566315, 0.998458981513977
397, 6, 0.5024154782295227, 0.42395278811454773, -0.1415751874446869, 0.9982572197914124
397, 7, 0.5175855159759521, 0.43001919984817505, -0.1521797776222229, 0.9976425766944885
397, 8, 0.502180278301239, 0.4131218492984772, -0.1502460092306137, 0.9966894388198853
397, 9, 0.5074483156204224, 0.4288880527019501, -0.1323530226945877, 0.9991768002510071
397, 10, 0.5027561187744141, 0.4234909415245056, -0.13191819190979004, 0.9992198944091797
397, 11, 0.5278968214988708, 0.42333289980888367, -0.1126888245344162, 0.9982877373695374
397, 12, 0.4924352169036865, 0.38598892092704773, -0.10856975615024567, 0.9972787499427795
397, 13, 0.5437411665916443, 0.4395671486854553, -0.06493468582630157, 0.5821913480758667
397, 14, 0.48578304052352905, 0.39343926310539246, -0.07124562561511993, 0.8088621497154236
397, 15, 0.541008472442627, 0.4603405296802521, -0.04590051248669624, 0.6777005195617676
397, 16, 0.47717100381851196, 0.4261648952960968, -0.07129684090614319, 0.922065019607544
397, 17, 0.543770432472229, 0.46706804633140564, -0.055927686393260956, 0.6160205602645874
397, 18, 0.4719846844673157, 0.43092232942581177, -0.08446807414293289, 0.8920410871505737
397, 19, 0.5388493537902832, 0.4656851589679718, -0.0669645220041275, 0.6135997176170349
397, 20, 0.4755764901638031, 0.4373607635498047, -0.09302370250225067, 0.8974412083625793
397, 21, 0.5370568633079529, 0.4629426598548889, -0.05014150217175484, 0.5679629445075989
397, 22, 0.4777507781982422, 0.4363938271999359, -0.07524062693119049, 0.908908486366272
397, 23, 0.5287712216377258, 0.38973358273506165, 0.000453492917586118, 0.9997363686561584
397, 24, 0.5097604393959045, 0.36957502365112305, -0.00040452266694046557, 0.9996922016143799
397, 25, 0.5143474340438843, 0.45321887731552124, 0.03656921908259392, 0.19610020518302917
397, 26, 0.47256118059158325, 0.42162907123565674, 0.05248860642313957, 0.5248733758926392
397, 27, 0.48884958028793335, 0.48317646980285645, 0.14075349271297455, 0.11286099255084991
397, 28, 0.4563109278678894, 0.4489560127258301, 0.13687288761138916, 0.45689257979393005
397, 29, 0.48477667570114136, 0.4826553761959076, 0.15207955241203308, 0.1035795509815216
397, 30, 0.454389750957489, 0.449449360370636, 0.1449163407087326, 0.3621963560581207
397, 31, 0.480857789516449, 0.5057188272476196, 0.13734635710716248, 0.22300156950950623
397, 32, 0.45097440481185913, 0.4708949327468872, 0.12287511676549911, 0.5774653553962708
398, 0, 0.5115530490875244, 0.4084857404232025, 0.032464418560266495, 0.9994682669639587
398, 1, 0.5115236043930054, 0.410097599029541, 0.03701794147491455, 0.9994891881942749
398, 2, 0.5113951563835144, 0.4102840721607208, 0.03699326515197754, 0.9994956254959106
398, 3, 0.5112841725349426, 0.41042235493659973, 0.03692859411239624, 0.9993546605110168
398, 4, 0.5125381946563721, 0.40953102707862854, 0.036954205483198166, 0.9995279312133789
398, 5, 0.5130218267440796, 0.40912750363349915, 0.03699547052383423, 0.9994605183601379
398, 6, 0.5134758949279785, 0.40864890813827515, 0.03698524460196495, 0.9991672039031982
398, 7, 0.5126599073410034, 0.40791404247283936, 0.057253144681453705, 0.9993059635162354
398, 8, 0.5161362886428833, 0.40579816699028015, 0.058794885873794556, 0.9993732571601868
398, 9, 0.5122926831245422, 0.40567076206207275, 0.040671467781066895, 0.9988333582878113
398, 10, 0.5134332180023193, 0.4047721326351166, 0.040903519839048386, 0.9989092350006104
398, 11, 0.5109182596206665, 0.4010806679725647, 0.05351092666387558, 0.9993674159049988
398, 12, 0.5199864506721497, 0.39644160866737366, 0.06154446676373482, 0.9993220567703247
398, 13, 0.4869280457496643, 0.41823819279670715, 0.04265965521335602, 0.16016650199890137
398, 14, 0.5148769021034241, 0.42583829164505005, 0.06310742348432541, 0.16904056072235107
398, 15, 0.4686988294124603, 0.45431169867515564, 0.021891364827752113, 0.32259783148765564
398, 16, 0.5058642625808716, 0.4583795666694641, 0.062065254896879196, 0.2053959220647812
398, 17, 0.4646815359592438, 0.46680372953414917, 0.01501764077693224, 0.38002294301986694
398, 18, 0.5025269985198975, 0.469100683927536, 0.05892094969749451, 0.21171416342258453
398, 19, 0.46444839239120483, 0.46846136450767517, 0.012516535818576813, 0.3859195113182068
398, 20, 0.5028120279312134, 0.4690532386302948, 0.05868787690997124, 0.19966568052768707
398, 21, 0.46600428223609924, 0.4630153775215149, 0.020471833646297455, 0.3137034773826599
398, 22, 0.5032605528831482, 0.4654815196990967, 0.061791740357875824, 0.22651906311511993
398, 23, 0.5209169983863831, 0.37879112362861633, -0.0030293609015643597, 0.999919056892395
398, 24, 0.524676501750946, 0.37833327054977417, 0.0028663715347647667, 0.9999185800552368
398, 25, 0.4960682988166809, 0.4255901873111725, 0.02023714780807495, 0.8922646045684814
398, 26, 0.509475827217102, 0.451948344707489, 0.07270729541778564, 0.9142106771469116
398, 27, 0.4724156856536865, 0.4465206265449524, 0.03885752707719803, 0.46280723810195923
398, 28, 0.4990359842777252, 0.4692523181438446, 0.0899900272488594, 0.5277426242828369
398, 29, 0.473091185092926, 0.44371968507766724, 0.042493756860494614, 0.6811628937721252
398, 30, 0.49915820360183716, 0.4609529674053192, 0.09323728084564209, 0.7495459318161011
398, 31, 0.46029219031333923, 0.4667486548423767, 0.03676608204841614, 0.504552960395813
398, 32, 0.49410027265548706, 0.4968447685241699, 0.09369099885225296, 0.47697386145591736
399, 0, 0.511012077331543, 0.40701815485954285, -0.007906896062195301, 0.999118983745575
399, 1, 0.5122687220573425, 0.40738293528556824, -0.005694666411727667, 0.9987682700157166
399, 2, 0.5124757885932922, 0.40776175260543823, -0.005722128786146641, 0.9987733960151672
399, 3, 0.5127057433128357, 0.40808847546577454, -0.005789933726191521, 0.9986312985420227
399, 4, 0.5123185515403748, 0.405985951423645, -0.0062343827448785305, 0.9990522265434265
399, 5, 0.5125123858451843, 0.405254989862442, -0.006205674726516008, 0.9989557266235352
399, 6, 0.5126727819442749, 0.4044575095176697, -0.006203428376466036, 0.9985920786857605
399, 7, 0.5148800611495972, 0.40511876344680786, 0.008455726318061352, 0.9980806112289429
399, 8, 0.515092134475708, 0.3997848629951477, 0.007529513444751501, 0.9985393285751343
399, 9, 0.5119792222976685, 0.4046025276184082, -0.0015058816643431783, 0.9981803894042969
399, 10, 0.5120816230773926, 0.402969092130661, -0.001950049540027976, 0.9982401132583618
399, 11, 0.5146213173866272, 0.4007108807563782, 0.008589455857872963, 0.9986360669136047
399, 12, 0.5157178640365601, 0.3885825574398041, 0.01290669571608305, 0.998950183391571
399, 13, 0.4922568202018738, 0.42345771193504333, 0.010855461470782757, 0.20586009323596954
399, 14, 0.5067564249038696, 0.41479840874671936, 0.025054018944501877, 0.606702446937561
399, 15, 0.4787587523460388, 0.46116459369659424, -0.001959355315193534, 0.2386673390865326
399, 16, 0.49807971715927124, 0.44941648840904236, 0.029840189963579178, 0.4520775377750397
399, 17, 0.47667819261550903, 0.4736621081829071, -0.008806109428405762, 0.24529768526554108
399, 18, 0.4941834509372711, 0.45998623967170715, 0.027364660054445267, 0.377353698015213
399, 19, 0.4762865900993347, 0.4742755591869354, -0.01053206343203783, 0.26417309045791626
399, 20, 0.4961634576320648, 0.4611731767654419, 0.024051498621702194, 0.37784022092819214
399, 21, 0.4769919514656067, 0.4684106707572937, -0.0029148757457733154, 0.21089333295822144
399, 22, 0.4969854950904846, 0.45758917927742004, 0.028517892584204674, 0.39137011766433716
399, 23, 0.5220770835876465, 0.38129979372024536, -0.0008533328655175865, 0.999860405921936
399, 24, 0.521146833896637, 0.37825119495391846, 0.000678877520840615, 0.9998655319213867
399, 25, 0.5024273991584778, 0.4439109265804291, 0.03064682148396969, 0.7762670516967773
399, 26, 0.5081720948219299, 0.46260735392570496, 0.07049816846847534, 0.926906943321228
399, 27, 0.4809584617614746, 0.4532308876514435, 0.08344004303216934, 0.43231555819511414
399, 28, 0.5050025582313538, 0.4760548174381256, 0.11963649094104767, 0.6659079790115356
399, 29, 0.4817165732383728, 0.44693171977996826, 0.09081460535526276, 0.4970378875732422
399, 30, 0.5063682198524475, 0.466919481754303, 0.12625683844089508, 0.6302404999732971
399, 31, 0.4688555598258972, 0.47418493032455444, 0.0871817097067833, 0.4082378149032593
399, 32, 0.5005359649658203, 0.5032563209533691, 0.12712286412715912, 0.5755969882011414
400, 0, 0.5101920962333679, 0.4082352817058563, 0.06949387490749359, 0.9997531771659851
400, 1, 0.5104929208755493, 0.40863561630249023, 0.07570038735866547, 0.9997155070304871
400, 2, 0.5103009343147278, 0.4083814322948456, 0.0756860002875328, 0.9996978044509888
400, 3, 0.5101240873336792, 0.4080548584461212, 0.0756603553891182, 0.9995786547660828
400, 4, 0.511702835559845, 0.4087311327457428, 0.07656221091747284, 0.9997318387031555
400, 5, 0.5122753977775574, 0.4083000719547272, 0.07657086104154587, 0.9997518658638
400, 6, 0.5128247141838074, 0.4077985882759094, 0.0765433982014656, 0.9996955394744873
400, 7, 0.5116906762123108, 0.4026140868663788, 0.10018710047006607, 0.9997095465660095
400, 8, 0.5159229636192322, 0.40292277932167053, 0.10519540309906006, 0.9998096823692322
400, 9, 0.5107983350753784, 0.4037081003189087, 0.0783667340874672, 0.9998525381088257
400, 10, 0.5121364593505859, 0.40341418981552124, 0.07972653955221176, 0.9998835325241089
400, 11, 0.509954035282135, 0.38878440856933594, 0.0883949026465416, 0.9998562335968018
400, 12, 0.52068030834198, 0.3927804231643677, 0.10377465188503265, 0.999972939491272
400, 13, 0.48967963457107544, 0.40726402401924133, 0.054725002497434616, 0.2358979433774948
400, 14, 0.5200196504592896, 0.42202454805374146, 0.08499134331941605, 0.11737944930791855
400, 15, 0.4766589105129242, 0.4517660439014435, 0.01610148325562477, 0.32743290066719055
400, 16, 0.5110561847686768, 0.453598290681839, 0.06526581197977066, 0.4459741711616516
400, 17, 0.4737561345100403, 0.4650532901287079, 0.00519508495926857, 0.4364238679409027
400, 18, 0.5084993243217468, 0.461539626121521, 0.060995958745479584, 0.5242337584495544
400, 19, 0.4739817678928375, 0.46665841341018677, 0.008118582889437675, 0.3995343744754791
400, 20, 0.5072980523109436, 0.46375763416290283, 0.05834832042455673, 0.48624199628829956
400, 21, 0.47539472579956055, 0.4611876308917999, 0.015989894047379494, 0.3373451232910156
400, 22, 0.5075786113739014, 0.46093839406967163, 0.0639861673116684, 0.4666983187198639
400, 23, 0.520922839641571, 0.3702327609062195, -0.006858407519757748, 0.9999401569366455
400, 24, 0.5272805094718933, 0.374753475189209, 0.0068731652572751045, 0.9999740123748779
400, 25, 0.5030825138092041, 0.426456481218338, -0.01793348230421543, 0.8592865467071533
400, 26, 0.5141798257827759, 0.45025634765625, -0.015106385573744774, 0.9677544832229614
400, 27, 0.49030905961990356, 0.4424836039543152, -0.05749316141009331, 0.29403477907180786
400, 28, 0.5159342885017395, 0.47084328532218933, -0.0792490765452385, 0.3673419654369354
400, 29, 0.4930857717990875, 0.43581831455230713, -0.06174299865961075, 0.6338562965393066
400, 30, 0.5195841193199158, 0.4588961601257324, -0.08576305210590363, 0.7910307049751282
400, 31, 0.4767398238182068, 0.4694385230541229, -0.07730317860841751, 0.6760340929031372
400, 32, 0.5065686702728271, 0.5037771463394165, -0.1016736775636673, 0.7315356135368347
401, 0, 0.5109813213348389, 0.4249580502510071, -0.10145173966884613, 0.9978111386299133
401, 1, 0.5161939263343811, 0.42065703868865967, -0.10711924731731415, 0.9976016879081726
401, 2, 0.5180922746658325, 0.42079320549964905, -0.10714278370141983, 0.9969984292984009
401, 3, 0.5199994444847107, 0.42092767357826233, -0.1071254163980484, 0.9980606436729431
401, 4, 0.5106006264686584, 0.4185260236263275, -0.10880134254693985, 0.9979388117790222
401, 5, 0.5089078545570374, 0.41754060983657837, -0.10881970077753067, 0.9976500868797302
401, 6, 0.507208526134491, 0.4165574014186859, -0.10882709920406342, 0.9983731508255005
401, 7, 0.5255760550498962, 0.4149496853351593, -0.10262882709503174, 0.9964703321456909
401, 8, 0.5056387782096863, 0.4064934253692627, -0.11217166483402252, 0.996683657169342
401, 9, 0.5137125253677368, 0.42397528886795044, -0.09636832028627396, 0.9984827637672424
401, 10, 0.507952868938446, 0.42149817943573, -0.09901552647352219, 0.9983702301979065
401, 11, 0.5349267721176147, 0.4125496447086334, -0.07105449587106705, 0.9968542456626892
401, 12, 0.48931241035461426, 0.39022326469421387, -0.08636526018381119, 0.9994057416915894
401, 13, 0.547040581703186, 0.4379664659500122, -0.06015700846910477, 0.8442953824996948
401, 14, 0.45884209871292114, 0.4109196960926056, -0.08086303621530533, 0.9710308313369751
401, 15, 0.5522642731666565, 0.4729875922203064, -0.07265514880418777, 0.8352012038230896
401, 16, 0.4339643120765686, 0.45505642890930176, -0.09510431438684464, 0.98843914270401
401, 17, 0.5606615543365479, 0.4841427206993103, -0.08270283043384552, 0.8189794421195984
401, 18, 0.4247840940952301, 0.4657377600669861, -0.11214528232812881, 0.9773491024971008
401, 19, 0.5531793832778931, 0.4833059012889862, -0.08767727762460709, 0.8387184739112854
401, 20, 0.4319874346256256, 0.4723099172115326, -0.11343951523303986, 0.9787459969520569
401, 21, 0.5492392778396606, 0.4774433970451355, -0.07510879635810852, 0.7571848034858704
401, 22, 0.43607228994369507, 0.4681919813156128, -0.09708887338638306, 0.9597822427749634
401, 23, 0.527206301689148, 0.38362470269203186, 0.007643149700015783, 0.9997572302818298
401, 24, 0.5111376047134399, 0.3658186197280884, -0.00781504437327385, 0.9998430013656616
401, 25, 0.5118661522865295, 0.460639625787735, 0.07805680483579636, 0.06865319609642029
401, 26, 0.4891349673271179, 0.45107361674308777, 0.0239958968013525, 0.7438597679138184
401, 27, 0.5015653967857361, 0.4463195502758026, 0.1784946620464325, 0.07383392006158829
401, 28, 0.5047013759613037, 0.44905659556388855, 0.12426783889532089, 0.49301645159721375
401, 29, 0.5012369155883789, 0.4357217252254486, 0.19041398167610168, 0.08199537545442581
401, 30, 0.510752260684967, 0.4408224821090698, 0.13593804836273193, 0.2307114601135254
401, 31, 0.4936625361442566, 0.4590633511543274, 0.19624340534210205, 0.24237947165966034
401, 32, 0.49889689683914185, 0.4673845171928406, 0.1388026475906372, 0.5672869086265564
402, 0, 0.5167834162712097, 0.44490766525268555, -0.18428410589694977, 0.9991808533668518
402, 1, 0.5204870700836182, 0.4396684765815735, -0.19493313133716583, 0.9992737174034119
402, 2, 0.5238853096961975, 0.4406115710735321, -0.19493696093559265, 0.9991797804832458
402, 3, 0.5243545770645142, 0.44528406858444214, -0.19497628509998322, 0.9992369413375854
402, 4, 0.5142852663993835, 0.43976837396621704, -0.19340312480926514, 0.9994114637374878
402, 5, 0.5124122500419617, 0.43776801228523254, -0.19344933331012726, 0.9993137121200562
402, 6, 0.5105271935462952, 0.43571850657463074, -0.19349035620689392, 0.9994526505470276
402, 7, 0.5303557515144348, 0.4348030090332031, -0.19577732682228088, 0.9984140396118164
402, 8, 0.5085376501083374, 0.41924312710762024, -0.1894691437482834, 0.998742401599884
402, 9, 0.5205947160720825, 0.43992310762405396, -0.17911970615386963, 0.9985155463218689
402, 10, 0.5143442153930664, 0.435599148273468, -0.17734460532665253, 0.998699426651001
402, 11, 0.5507193207740784, 0.42353060841560364, -0.15561065077781677, 0.9868603348731995
402, 12, 0.4960222840309143, 0.3813699185848236, -0.15254265069961548, 0.9946697354316711
402, 13, 0.5684419274330139, 0.47395461797714233, -0.14415420591831207, 0.9900387525558472
402, 14, 0.46808138489723206, 0.40187868475914, -0.14387564361095428, 0.942732036113739
402, 15, 0.5725008845329285, 0.5332423448562622, -0.1628253012895584, 0.9845744967460632
402, 16, 0.44204282760620117, 0.4537452161312103, -0.1687915176153183, 0.9681710600852966
402, 17, 0.5801926255226135, 0.5514844655990601, -0.1815076321363449, 0.977319598197937
402, 18, 0.4316565990447998, 0.46387773752212524, -0.1937788873910904, 0.9498947858810425
402, 19, 0.5729609727859497, 0.5488181114196777, -0.1874259114265442, 0.9762864112854004
402, 20, 0.4386289119720459, 0.47071605920791626, -0.19664497673511505, 0.9487476944923401
402, 21, 0.5686733722686768, 0.5396478176116943, -0.16594991087913513, 0.9449225068092346
402, 22, 0.443423330783844, 0.46793127059936523, -0.17209860682487488, 0.9317999482154846
402, 23, 0.5465396642684937, 0.3651772439479828, 0.005740807391703129, 0.9906498789787292
402, 24, 0.5201305150985718, 0.3444395363330841, -0.005808369722217321, 0.9932517409324646
402, 25, 0.5263079404830933, 0.43369144201278687, 0.08891674131155014, 0.07419566065073013
402, 26, 0.48994961380958557, 0.43348902463912964, 0.06824947148561478, 0.3512890338897705
402, 27, 0.5120320320129395, 0.44691500067710876, 0.2167462855577469, 0.10549654066562653
402, 28, 0.4956735670566559, 0.4382345974445343, 0.19864629209041595, 0.1613500714302063
402, 29, 0.5101485848426819, 0.4427953064441681, 0.2306651771068573, 0.10490771383047104
402, 30, 0.4972779154777527, 0.4321081042289734, 0.21258166432380676, 0.17417371273040771
402, 31, 0.5055881142616272, 0.4741438031196594, 0.22063808143138885, 0.06239752098917961
402, 32, 0.4934980869293213, 0.4645298719406128, 0.2051551640033722, 0.083082415163517
403, 0, 0.522741973400116, 0.44112640619277954, -0.22041790187358856, 0.9999150037765503
403, 1, 0.5267502069473267, 0.4396275281906128, -0.22756338119506836, 0.9999195337295532
403, 2, 0.5287024974822998, 0.44028061628341675, -0.2275523841381073, 0.9999018907546997
403, 3, 0.5306613445281982, 0.4408762753009796, -0.22758713364601135, 0.9999054670333862
403, 4, 0.5209002494812012, 0.4357225298881531, -0.22718438506126404, 0.9999547004699707
403, 5, 0.5190483331680298, 0.43379098176956177, -0.22724035382270813, 0.9999419450759888
403, 6, 0.517178475856781, 0.43185707926750183, -0.22727346420288086, 0.9999533891677856
403, 7, 0.5359615683555603, 0.4295736849308014, -0.2127934694290161, 0.9997610449790955
403, 8, 0.5144752860069275, 0.4159494638442993, -0.21226641535758972, 0.9999126195907593
403, 9, 0.5254931449890137, 0.4361136853694916, -0.20967885851860046, 0.999739944934845
403, 10, 0.519503116607666, 0.43217629194259644, -0.2096094787120819, 0.9998307228088379
403, 11, 0.5533768534660339, 0.4203895032405853, -0.16548821330070496, 0.9947865009307861
403, 12, 0.497061163187027, 0.38090842962265015, -0.17031924426555634, 0.9982706308364868
403, 13, 0.569694995880127, 0.4731314778327942, -0.15951457619667053, 0.9903345704078674
403, 14, 0.4731248915195465, 0.4140107333660126, -0.1675608903169632, 0.9754961133003235
403, 15, 0.5750008821487427, 0.5454136729240417, -0.18471644818782806, 0.9951841235160828
403, 16, 0.44377535581588745, 0.4721117615699768, -0.1927388459444046, 0.9782748222351074
403, 17, 0.5830399394035339, 0.566226065158844, -0.20552115142345428, 0.9917783141136169
403, 18, 0.4315701127052307, 0.4825532138347626, -0.21943148970603943, 0.9645348787307739
403, 19, 0.5753079056739807, 0.564772367477417, -0.211018368601799, 0.9912093877792358
403, 20, 0.43760600686073303, 0.48898494243621826, -0.2193770408630371, 0.9640562534332275
403, 21, 0.5706771016120911, 0.5547908544540405, -0.18803046643733978, 0.9780072569847107
403, 22, 0.44330692291259766, 0.4856666922569275, -0.19511759281158447, 0.9450368285179138
403, 23, 0.5428446531295776, 0.3536115288734436, 0.008217423222959042, 0.9951722025871277
403, 24, 0.5155149698257446, 0.33308273553848267, -0.008319477550685406, 0.9962893724441528
403, 25, 0.5274398326873779, 0.4245698153972626, 0.09204184263944626, 0.10160918533802032
403, 26, 0.49156808853149414, 0.416623055934906, 0.07426785677671432, 0.22626543045043945
403, 27, 0.510964572429657, 0.43744418025016785, 0.2346598207950592, 0.10121732205152512
403, 28, 0.48968878388404846, 0.42913806438446045, 0.21507179737091064, 0.0876709520816803
403, 29, 0.508189857006073, 0.43423524498939514, 0.24991825222969055, 0.07928457111120224
403, 30, 0.4891877770423889, 0.42532628774642944, 0.22991923987865448, 0.0625360906124115
403, 31, 0.5061633586883545, 0.4648619294166565, 0.2383362352848053, 0.09598670899868011
403, 32, 0.48825544118881226, 0.4559744596481323, 0.21847328543663025, 0.07333997637033463
404, 0, 0.5210152268409729, 0.4304218292236328, -0.15133407711982727, 0.9999558925628662
404, 1, 0.5259809494018555, 0.4264867603778839, -0.1558331847190857, 0.9999563694000244
404, 2, 0.5277706384658813, 0.426696240901947, -0.1558201164007187, 0.9999430179595947
404, 3, 0.5295815467834473, 0.42685145139694214, -0.15582001209259033, 0.9999544620513916
404, 4, 0.5206453204154968, 0.42384856939315796, -0.15685178339481354, 0.9999724626541138
404, 5, 0.5190615653991699, 0.4222986102104187, -0.15687590837478638, 0.9999628067016602
404, 6, 0.5174378156661987, 0.4207480251789093, -0.1568944901227951, 0.999974250793457
404, 7, 0.5343359708786011, 0.4164154529571533, -0.14368082582950592, 0.9999072551727295
404, 8, 0.5153657793998718, 0.40721240639686584, -0.15005096793174744, 0.9999556541442871
404, 9, 0.5228410959243774, 0.4272700846195221, -0.1431824266910553, 0.9999151229858398
404, 10, 0.5173277258872986, 0.42440736293792725, -0.14511020481586456, 0.9999470710754395
404, 11, 0.544601321220398, 0.41212114691734314, -0.1094481348991394, 0.9984717965126038
404, 12, 0.49989253282546997, 0.38555285334587097, -0.11413802951574326, 0.9995037317276001
404, 13, 0.5596332550048828, 0.46416425704956055, -0.10107588768005371, 0.9797412157058716
404, 14, 0.4880732595920563, 0.4274100959300995, -0.10335483402013779, 0.9350290298461914
404, 15, 0.5724532008171082, 0.5322191715240479, -0.12098705768585205, 0.9776037931442261
404, 16, 0.4739859104156494, 0.4893959164619446, -0.1071598082780838, 0.9410783052444458
404, 17, 0.582066535949707, 0.550796389579773, -0.13788287341594696, 0.9597397446632385
404, 18, 0.46524757146835327, 0.503212571144104, -0.12552092969417572, 0.8912825584411621
404, 19, 0.5756838321685791, 0.5506781339645386, -0.140255406498909, 0.9600117802619934
404, 20, 0.4720245897769928, 0.5071589350700378, -0.1280619353055954, 0.8858235478401184
404, 21, 0.570988118648529, 0.5425270199775696, -0.12294308841228485, 0.9159485697746277
404, 22, 0.47541770339012146, 0.5027847290039062, -0.10968182981014252, 0.8347400426864624
404, 23, 0.5371307730674744, 0.3614182472229004, 0.014541623182594776, 0.9995149374008179
404, 24, 0.5153168439865112, 0.3420243561267853, -0.014576055109500885, 0.9997413754463196
404, 25, 0.5222873091697693, 0.43702900409698486, 0.08530261367559433, 0.08882337808609009
404, 26, 0.4923923909664154, 0.4346621632575989, 0.035274211317300797, 0.6117476224899292
404, 27, 0.5026456713676453, 0.44369369745254517, 0.19871993362903595, 0.0695338174700737
404, 28, 0.49534592032432556, 0.44160839915275574, 0.14642208814620972, 0.2354675531387329
404, 29, 0.49911946058273315, 0.4388577342033386, 0.2112179547548294, 0.07036352902650833
404, 30, 0.4969489574432373, 0.43539127707481384, 0.1581205576658249, 0.16202904284000397
404, 31, 0.49595293402671814, 0.46291279792785645, 0.20125803351402283, 0.18124906718730927
404, 32, 0.4920191168785095, 0.4658045768737793, 0.14636558294296265, 0.3288944363594055
405, 0, 0.5159054398536682, 0.45044007897377014, -0.24786993861198425, 0.99986732006073
405, 1, 0.5212538838386536, 0.44521981477737427, -0.2554970979690552, 0.9999145269393921
405, 2, 0.524162769317627, 0.4453754127025604, -0.25550103187561035, 0.9999078512191772
405, 3, 0.5270729064941406, 0.445480078458786, -0.2555510699748993, 0.9999123811721802
405, 4, 0.5121718049049377, 0.4444308280944824, -0.2557143270969391, 0.9999295473098755
405, 5, 0.5098104476928711, 0.4434773027896881, -0.255765825510025, 0.999920129776001
405, 6, 0.5063903331756592, 0.4421211779117584, -0.2557733952999115, 0.9999339580535889
405, 7, 0.5349082350730896, 0.4269893765449524, -0.23706182837486267, 0.9997711777687073
405, 8, 0.5040618181228638, 0.41548314690589905, -0.23877207934856415, 0.9998770952224731
405, 9, 0.5206368565559387, 0.44278472661972046, -0.23528528213500977, 0.9998015761375427
405, 10, 0.5121694207191467, 0.43888092041015625, -0.2357267439365387, 0.9998111128807068
405, 11, 0.5584461092948914, 0.4019664227962494, -0.17369486391544342, 0.9955754280090332
405, 12, 0.4857277274131775, 0.3674902319908142, -0.19043654203414917, 0.9975661039352417
405, 13, 0.5695552229881287, 0.4578280448913574, -0.15297475457191467, 0.9480535387992859
405, 14, 0.4567832350730896, 0.413485586643219, -0.1694243997335434, 0.9557902812957764
405, 15, 0.5701136589050293, 0.545329213142395, -0.1927577257156372, 0.9878443479537964
405, 16, 0.450408399105072, 0.49918878078460693, -0.18806611001491547, 0.9857063889503479
405, 17, 0.5808289051055908, 0.5688015222549438, -0.21904440224170685, 0.9849621057510376
405, 18, 0.43800410628318787, 0.5201690793037415, -0.2182701826095581, 0.9774068593978882
405, 19, 0.5691601037979126, 0.5668215155601501, -0.22716613113880157, 0.984950065612793
405, 20, 0.4501623511314392, 0.5234510898590088, -0.22315964102745056, 0.9784924387931824
405, 21, 0.564513623714447, 0.5559711456298828, -0.1981765478849411, 0.9708297848701477
405, 22, 0.4564071297645569, 0.5159730315208435, -0.19232311844825745, 0.9670186042785645
405, 23, 0.5477207899093628, 0.32735079526901245, 0.01017850823700428, 0.9988952875137329
405, 24, 0.5116473436355591, 0.3094208836555481, -0.010190706700086594, 0.9988648891448975
405, 25, 0.5378053188323975, 0.4248106777667999, 0.10881432145833969, 0.1298532336950302
405, 26, 0.4900420308113098, 0.42151230573654175, 0.07552465051412582, 0.23277033865451813
405, 27, 0.5236172676086426, 0.4238665997982025, 0.285443514585495, 0.1315527856349945
405, 28, 0.49191004037857056, 0.41556838154792786, 0.2621617615222931, 0.10305766016244888
405, 29, 0.5214653611183167, 0.4185543358325958, 0.3044416010379791, 0.07641936093568802
405, 30, 0.4926365315914154, 0.4100334644317627, 0.2819959223270416, 0.059931907802820206
405, 31, 0.517870306968689, 0.4505082964897156, 0.2916032075881958, 0.17691399157047272
405, 32, 0.48887306451797485, 0.43795207142829895, 0.2715250253677368, 0.10971329361200333
406, 0, 0.5135501623153687, 0.4565211534500122, -0.47192996740341187, 0.9999812841415405
406, 1, 0.5211154222488403, 0.4469279944896698, -0.4763851761817932, 0.9999873638153076
406, 2, 0.5250745415687561, 0.4457430839538574, -0.47634267807006836, 0.999984622001648
406, 3, 0.5286767482757568, 0.44494280219078064, -0.4764302670955658, 0.999983549118042
406, 4, 0.5077403783798218, 0.44620493054389954, -0.4774349629878998, 0.9999864101409912
406, 5, 0.5039046406745911, 0.44403159618377686, -0.47744932770729065, 0.999980092048645
406, 6, 0.5004321336746216, 0.44184544682502747, -0.4773598611354828, 0.99997878074646
406, 7, 0.531779944896698, 0.4333191215991974, -0.4147191643714905, 0.9999357461929321
406, 8, 0.4932113289833069, 0.4240031838417053, -0.4198594093322754, 0.999962329864502
406, 9, 0.5214460492134094, 0.4533737301826477, -0.44012466073036194, 0.9999383687973022
406, 10, 0.506584882736206, 0.45493826270103455, -0.4415891766548157, 0.9999227523803711
406, 11, 0.559384822845459, 0.42757153511047363, -0.2773877680301666, 0.9960009455680847
406, 12, 0.4685881733894348, 0.4028211236000061, -0.30365321040153503, 0.9901803731918335
406, 13, 0.564764142036438, 0.518969714641571, -0.21974310278892517, 0.9262072443962097
406, 14, 0.44369739294052124, 0.4999259412288666, -0.23915469646453857, 0.9586487412452698
406, 15, 0.5489282011985779, 0.6193566918373108, -0.27141788601875305, 0.9709751605987549
406, 16, 0.42848825454711914, 0.614022970199585, -0.2530776858329773, 0.9777520298957825
406, 17, 0.5538102984428406, 0.6459987163543701, -0.30579569935798645, 0.9525684118270874
406, 18, 0.42212581634521484, 0.6466833353042603, -0.29087701439857483, 0.9636865258216858
406, 19, 0.5419251918792725, 0.6429243683815002, -0.327238529920578, 0.9527567625045776
406, 20, 0.4322582185268402, 0.6471651196479797, -0.3025428354740143, 0.9625535607337952
406, 21, 0.5370715856552124, 0.6314350962638855, -0.282745897769928, 0.9266908168792725
406, 22, 0.44009169936180115, 0.6195130348205566, -0.2596912980079651, 0.9482234716415405
406, 23, 0.545612096786499, 0.3543913662433624, 0.014546292833983898, 0.9860655069351196
406, 24, 0.4972006380558014, 0.3389618396759033, -0.014398640021681786, 0.9868654608726501
406, 25, 0.5462806820869446, 0.4963966906070709, 0.0933874249458313, 0.18851327896118164
406, 26, 0.47109436988830566, 0.5084174871444702, 0.051690973341464996, 0.44294464588165283
406, 27, 0.5125679969787598, 0.5522053837776184, 0.31246769428253174, 0.1616980880498886
406, 28, 0.4733622074127197, 0.5408763885498047, 0.284549355506897, 0.1872631460428238
406, 29, 0.5050111413002014, 0.551236629486084, 0.33361127972602844, 0.07760060578584671
406, 30, 0.4752759337425232, 0.5355311632156372, 0.3072405755519867, 0.11244187504053116
406, 31, 0.5111948847770691, 0.6018993854522705, 0.2885431945323944, 0.35751795768737793
406, 32, 0.4731408953666687, 0.5899792313575745, 0.2691164016723633, 0.32278043031692505
407, 0, 0.5108571648597717, 0.4602363109588623, -0.4484283924102783, 0.9999115467071533
407, 1, 0.516467273235321, 0.4483882784843445, -0.45281070470809937, 0.9999438524246216
407, 2, 0.5257830619812012, 0.4406026303768158, -0.452793687582016, 0.9999293088912964
407, 3, 0.5294775366783142, 0.440075546503067, -0.4529046416282654, 0.9999405145645142
407, 4, 0.5075257420539856, 0.44069167971611023, -0.4514014720916748, 0.9999321699142456
407, 5, 0.5032045245170593, 0.43821093440055847, -0.4514281153678894, 0.999902606010437
407, 6, 0.4997803270816803, 0.436071515083313, -0.45140257477760315, 0.9999210834503174
407, 7, 0.5358320474624634, 0.4233343005180359, -0.3966718912124634, 0.9997898936271667
407, 8, 0.49260973930358887, 0.4141926169395447, -0.3917207419872284, 0.9998480081558228
407, 9, 0.5214751362800598, 0.44974586367607117, -0.4198995530605316, 0.9997398257255554
407, 10, 0.5059008002281189, 0.4514331519603729, -0.41859087347984314, 0.9997212290763855
407, 11, 0.5645203590393066, 0.41301533579826355, -0.3003065884113312, 0.9950609803199768
407, 12, 0.4731823801994324, 0.3835013210773468, -0.2980808913707733, 0.9962320923805237
407, 13, 0.5756092071533203, 0.49333319067955017, -0.27849340438842773, 0.9749313592910767
407, 14, 0.44173580408096313, 0.4686550199985504, -0.29376325011253357, 0.9778650999069214
407, 15, 0.5571293830871582, 0.5810608863830566, -0.3467448651790619, 0.9747710824012756
407, 16, 0.43420952558517456, 0.5685439109802246, -0.36986827850341797, 0.981532633304596
407, 17, 0.5607327222824097, 0.618666410446167, -0.387942910194397, 0.9555388689041138
407, 18, 0.4242844581604004, 0.5901790857315063, -0.415382444858551, 0.9683021903038025
407, 19, 0.5466517210006714, 0.6129926443099976, -0.4021669924259186, 0.9561083912849426
407, 20, 0.4363304078578949, 0.5898212194442749, -0.4247818887233734, 0.967566728591919
407, 21, 0.5421884059906006, 0.6011610627174377, -0.3560158908367157, 0.9272857308387756
407, 22, 0.4429932236671448, 0.5823787450790405, -0.3779664933681488, 0.9487378001213074
407, 23, 0.5463318824768066, 0.33689698576927185, 0.0009930429514497519, 0.9920001029968262
407, 24, 0.5028948187828064, 0.32061445713043213, -0.0009819662664085627, 0.9961651563644409
407, 25, 0.5314547419548035, 0.43800798058509827, 0.15573962032794952, 0.08139652758836746
407, 26, 0.4799644351005554, 0.4082793891429901, 0.14738886058330536, 0.13941068947315216
407, 27, 0.5092464089393616, 0.4338289499282837, 0.4259147047996521, 0.042148441076278687
407, 28, 0.47602811455726624, 0.40942856669425964, 0.4164857864379883, 0.06913331896066666
407, 29, 0.5050789713859558, 0.42562752962112427, 0.453843891620636, 0.03147386759519577
407, 30, 0.4764346480369568, 0.4067186713218689, 0.44485530257225037, 0.047693125903606415
407, 31, 0.5027109384536743, 0.4656699597835541, 0.4313083291053772, 0.06347393244504929
407, 32, 0.47041136026382446, 0.4333880841732025, 0.4219004511833191, 0.07197023928165436
408, 0, 0.5133591294288635, 0.46062642335891724, -0.3847625255584717, 0.9999409914016724
408, 1, 0.5227314829826355, 0.4472235441207886, -0.39082852005958557, 0.9999624490737915
408, 2, 0.5263676047325134, 0.4462399482727051, -0.39083343744277954, 0.9999557733535767
408, 3, 0.529832124710083, 0.4458327293395996, -0.39091986417770386, 0.9999655485153198
408, 4, 0.5102560520172119, 0.44671812653541565, -0.38992229104042053, 0.9999593496322632
408, 5, 0.5067084431648254, 0.4448097348213196, -0.38994842767715454, 0.9999462366104126
408, 6, 0.5031486749649048, 0.44059693813323975, -0.38992658257484436, 0.999957799911499
408, 7, 0.5339987277984619, 0.429892897605896, -0.3487226366996765, 0.9998788833618164
408, 8, 0.49634915590286255, 0.41883841156959534, -0.3458663523197174, 0.9999161958694458
408, 9, 0.5188302993774414, 0.4530208706855774, -0.36206749081611633, 0.9998998641967773
408, 10, 0.5096853971481323, 0.45029395818710327, -0.3612353801727295, 0.999893069267273
408, 11, 0.5688143968582153, 0.4045315980911255, -0.2716250717639923, 0.998026430606842
408, 12, 0.48020464181900024, 0.3688717186450958, -0.27015963196754456, 0.9984173774719238
408, 13, 0.5786229968070984, 0.4753603935241699, -0.26867440342903137, 0.973430335521698
408, 14, 0.4491049647331238, 0.41282570362091064, -0.2743404805660248, 0.9803221821784973
408, 15, 0.5624537467956543, 0.5682773590087891, -0.348954975605011, 0.9836179614067078
408, 16, 0.44400063157081604, 0.511580228805542, -0.35619044303894043, 0.9857875108718872
408, 17, 0.56884765625, 0.5990618467330933, -0.3898742198944092, 0.9780551791191101
408, 18, 0.43462079763412476, 0.5313410758972168, -0.4011726975440979, 0.9773133397102356
408, 19, 0.5546493530273438, 0.5945433974266052, -0.4024835526943207, 0.9782936573028564
408, 20, 0.44798192381858826, 0.5352879762649536, -0.41123709082603455, 0.9777035117149353
408, 21, 0.5504751205444336, 0.5825688242912292, -0.3578245937824249, 0.9620481729507446
408, 22, 0.4541822075843811, 0.5283150672912598, -0.36479076743125916, 0.9645681381225586
408, 23, 0.547141432762146, 0.3278260827064514, 0.003441265318542719, 0.9967681169509888
408, 24, 0.5070694088935852, 0.303573340177536, -0.0034255958162248135, 0.9978158473968506
408, 25, 0.5326780080795288, 0.4268915057182312, 0.13237129151821136, 0.08583628386259079
408, 26, 0.4842042922973633, 0.4020088315010071, 0.12249325215816498, 0.13474588096141815
408, 27, 0.5096016526222229, 0.4261643588542938, 0.3730505406856537, 0.06074906513094902
408, 28, 0.47896844148635864, 0.40672144293785095, 0.361677885055542, 0.08381594717502594
408, 29, 0.5055251717567444, 0.41863906383514404, 0.3977515399456024, 0.0412006601691246
408, 30, 0.47884654998779297, 0.40380847454071045, 0.3866679072380066, 0.051463533192873
408, 31, 0.5026033520698547, 0.45958417654037476, 0.3762347400188446, 0.0933108925819397
408, 32, 0.474046528339386, 0.4336364269256592, 0.3643019497394562, 0.09719693660736084
409, 0, 0.5120705366134644, 0.4578210115432739, -0.40099358558654785, 0.9999433755874634
409, 1, 0.5217529535293579, 0.447051465511322, -0.40795081853866577, 0.999962568283081
409, 2, 0.5254589915275574, 0.4460550844669342, -0.40796399116516113, 0.999955415725708
409, 3, 0.5294165015220642, 0.4424208700656891, -0.4080619215965271, 0.9999649524688721
409, 4, 0.509502649307251, 0.4461680054664612, -0.4067910313606262, 0.9999579191207886
409, 5, 0.5062042474746704, 0.44204026460647583, -0.40682077407836914, 0.9999432563781738
409, 6, 0.502714216709137, 0.4394819140434265, -0.40679511427879333, 0.9999561309814453
409, 7, 0.5332257151603699, 0.4273262023925781, -0.3671436011791229, 0.9998713731765747
409, 8, 0.49572986364364624, 0.4173821210861206, -0.3628309369087219, 0.9999042749404907
409, 9, 0.5176134705543518, 0.44985899329185486, -0.3784078061580658, 0.9999105930328369
409, 10, 0.508572518825531, 0.44965416193008423, -0.37710973620414734, 0.9998987913131714
409, 11, 0.5689483284950256, 0.4023709297180176, -0.28421151638031006, 0.9981541037559509
409, 12, 0.47978582978248596, 0.3643436133861542, -0.2834308445453644, 0.9982494711875916
409, 13, 0.5792394876480103, 0.47334641218185425, -0.27834317088127136, 0.972655177116394
409, 14, 0.4486961364746094, 0.4105558693408966, -0.2845391631126404, 0.9827917218208313
409, 15, 0.5633447766304016, 0.5634738206863403, -0.3615586757659912, 0.9864859580993652
409, 16, 0.4431529939174652, 0.5087890028953552, -0.3664098083972931, 0.9888450503349304
409, 17, 0.568820059299469, 0.5980722308158875, -0.4047369062900543, 0.9811295866966248
409, 18, 0.43347591161727905, 0.5290448069572449, -0.41363248229026794, 0.9816669225692749
409, 19, 0.5550854802131653, 0.5939912796020508, -0.41859930753707886, 0.9811325669288635
409, 20, 0.44679945707321167, 0.5341095924377441, -0.42544180154800415, 0.9821105599403381
409, 21, 0.5509048700332642, 0.5817814469337463, -0.3711525797843933, 0.9667543768882751
409, 22, 0.4531148374080658, 0.5269947052001953, -0.3758106231689453, 0.9728426337242126
409, 23, 0.5477427840232849, 0.3247992694377899, 0.005007976666092873, 0.9965985417366028
409, 24, 0.506584107875824, 0.301565945148468, -0.00496262451633811, 0.9974695444107056
409, 25, 0.5312254428863525, 0.4291718900203705, 0.13446837663650513, 0.07612533122301102
409, 26, 0.48297563195228577, 0.409073144197464, 0.12499071657657623, 0.14613309502601624
409, 27, 0.5072676539421082, 0.4317421019077301, 0.3868829309940338, 0.06073881685733795
409, 28, 0.47685641050338745, 0.41745680570602417, 0.3761211037635803, 0.07889033108949661
409, 29, 0.5028600692749023, 0.42509880661964417, 0.4126035273075104, 0.039134178310632706
409, 30, 0.47613319754600525, 0.4141494035720825, 0.40207892656326294, 0.05114557221531868
409, 31, 0.5006789565086365, 0.4650246202945709, 0.3871174454689026, 0.11215969175100327
409, 32, 0.4726657271385193, 0.4476051330566406, 0.376363605260849, 0.10899470001459122
410, 0, 0.5161055326461792, 0.4382057189941406, -0.294096976518631, 0.9999392032623291
410, 1, 0.5211677551269531, 0.4338727593421936, -0.2996692359447479, 0.9999561309814453
410, 2, 0.5239202976226807, 0.43444132804870605, -0.29968127608299255, 0.9999485015869141
410, 3, 0.5266708135604858, 0.43496835231781006, -0.29973721504211426, 0.9999494552612305
410, 4, 0.5134086608886719, 0.4298584461212158, -0.2986328601837158, 0.9999648332595825
410, 5, 0.5108829140663147, 0.42770037055015564, -0.29866358637809753, 0.9999568462371826
410, 6, 0.5053776502609253, 0.4317454993724823, -0.2986675798892975, 0.9999622106552124
410, 7, 0.5340237617492676, 0.41993027925491333, -0.268533319234848, 0.9998443126678467
410, 8, 0.5048362612724304, 0.40594834089279175, -0.2644481658935547, 0.999941349029541
410, 9, 0.5206299424171448, 0.432770699262619, -0.2764652371406555, 0.9998579025268555
410, 10, 0.5124688148498535, 0.4283906817436218, -0.2752336859703064, 0.9998797178268433
410, 11, 0.5579543709754944, 0.40219375491142273, -0.20041033625602722, 0.998084545135498
410, 12, 0.4847128391265869, 0.3630116879940033, -0.2026176154613495, 0.9979177117347717
410, 13, 0.5755919218063354, 0.4587112069129944, -0.18698938190937042, 0.9862765073776245
410, 14, 0.4602643549442291, 0.4075465798377991, -0.18846890330314636, 0.9721778631210327
410, 15, 0.567167341709137, 0.5429650545120239, -0.23707351088523865, 0.9956023693084717
410, 16, 0.4539588391780853, 0.4799536466598511, -0.2230052500963211, 0.9842602610588074
410, 17, 0.5730793476104736, 0.5681983828544617, -0.2674725651741028, 0.9939020872116089
410, 18, 0.44377630949020386, 0.49702101945877075, -0.25410082936286926, 0.9755257368087769
410, 19, 0.5616929531097412, 0.5642306208610535, -0.2755792737007141, 0.9935624599456787
410, 20, 0.45432227849960327, 0.4982658922672272, -0.2603849172592163, 0.9745312333106995
410, 21, 0.5577254295349121, 0.5530423521995544, -0.24305769801139832, 0.9855933785438538
410, 22, 0.4602571427822113, 0.4925067126750946, -0.2282014787197113, 0.958415150642395
410, 23, 0.5451596975326538, 0.3290266990661621, 0.003786133136600256, 0.9991300702095032
410, 24, 0.5103464722633362, 0.3116960823535919, -0.003813399001955986, 0.9989155530929565
410, 25, 0.5330665111541748, 0.404663622379303, 0.11358890682458878, 0.08490516990423203
410, 26, 0.49131330847740173, 0.39545920491218567, 0.0980573296546936, 0.09758816659450531
410, 27, 0.5225468277931213, 0.40453973412513733, 0.3144765794277191, 0.07797045260667801
410, 28, 0.493507444858551, 0.3962661027908325, 0.299292653799057, 0.048330310732126236
410, 29, 0.5207434892654419, 0.39922526478767395, 0.3357071876525879, 0.0552322119474411
410, 30, 0.49371904134750366, 0.3922678232192993, 0.3203487694263458, 0.03642037510871887
410, 31, 0.518462061882019, 0.43103310465812683, 0.3228969871997833, 0.09351293742656708
410, 32, 0.4922786355018616, 0.41760939359664917, 0.30802586674690247, 0.04864977300167084
411, 0, 0.5147748589515686, 0.413483202457428, -0.16816337406635284, 0.9960594177246094
411, 1, 0.519539475440979, 0.40707337856292725, -0.17518404126167297, 0.9975581169128418
411, 2, 0.5217806696891785, 0.4067724347114563, -0.17519702017307281, 0.9970309734344482
411, 3, 0.5240300893783569, 0.4064202904701233, -0.17524069547653198, 0.9971722960472107
411, 4, 0.512620210647583, 0.40534332394599915, -0.1768116056919098, 0.9978628754615784
411, 5, 0.510589599609375, 0.4041420817375183, -0.1768357902765274, 0.9978539347648621
411, 6, 0.5085433125495911, 0.40292003750801086, -0.17685635387897491, 0.9983720183372498
411, 7, 0.530165433883667, 0.3967558443546295, -0.16530592739582062, 0.996329128742218
411, 8, 0.5058287382125854, 0.38988521695137024, -0.1739923059940338, 0.9985668063163757
411, 9, 0.5183136463165283, 0.41138505935668945, -0.15968753397464752, 0.997929573059082
411, 10, 0.5111852884292603, 0.4094277322292328, -0.16228675842285156, 0.9984139204025269
411, 11, 0.5440767407417297, 0.3938722312450409, -0.11676470190286636, 0.9936920404434204
411, 12, 0.4911192059516907, 0.3756973147392273, -0.13237808644771576, 0.9984807372093201
411, 13, 0.5552952885627747, 0.415010929107666, -0.07978159189224243, 0.9115902185440063
411, 14, 0.472755491733551, 0.3960675895214081, -0.0845324918627739, 0.6481626033782959
411, 15, 0.5661718845367432, 0.45666831731796265, -0.05988193675875664, 0.8156079649925232
411, 16, 0.4625094532966614, 0.4544437825679779, -0.04445763677358627, 0.8168575763702393
411, 17, 0.5749449729919434, 0.4663492739200592, -0.06645257771015167, 0.6912616491317749
411, 18, 0.45508652925491333, 0.46776071190834045, -0.05194266885519028, 0.76120924949646
411, 19, 0.5682898759841919, 0.46751657128334045, -0.068954236805439, 0.6543659567832947
411, 20, 0.4635418951511383, 0.4714929461479187, -0.056356169283390045, 0.7437177300453186
411, 21, 0.5640510320663452, 0.46282222867012024, -0.06046739220619202, 0.5187333226203918
411, 22, 0.4669035077095032, 0.46761104464530945, -0.045407794415950775, 0.6892164945602417
411, 23, 0.536625862121582, 0.37011048197746277, 0.012953119352459908, 0.9995997548103333
411, 24, 0.5102578997612, 0.3534877598285675, -0.01296461932361126, 0.9996479749679565
411, 25, 0.525378406047821, 0.44579532742500305, 0.08033765852451324, 0.06013258546590805
411, 26, 0.4840778708457947, 0.43983229994773865, 0.04299304261803627, 0.5830836892127991
411, 27, 0.49667224287986755, 0.4463728666305542, 0.1981317549943924, 0.026702798902988434
411, 28, 0.4828609824180603, 0.4389662742614746, 0.1688680350780487, 0.21417628228664398
411, 29, 0.4917258322238922, 0.43815353512763977, 0.21233277022838593, 0.029704494401812553
411, 30, 0.4850250780582428, 0.4300726056098938, 0.18336817622184753, 0.1366254836320877
411, 31, 0.4882059693336487, 0.46906524896621704, 0.21404461562633514, 0.04217951372265816
411, 32, 0.475339412689209, 0.4650074541568756, 0.18323983252048492, 0.1879546046257019
412, 0, 0.5143202543258667, 0.41275036334991455, -0.2543756067752838, 0.9881317615509033
412, 1, 0.5184196829795837, 0.40664562582969666, -0.2651291787624359, 0.9864582419395447
412, 2, 0.5209177732467651, 0.4071045219898224, -0.26516005396842957, 0.9840391278266907
412, 3, 0.5234124660491943, 0.4074940085411072, -0.2652410864830017, 0.9866979718208313
412, 4, 0.5110340118408203, 0.40331941843032837, -0.2645793557167053, 0.9910090565681458
412, 5, 0.5087311863899231, 0.40156883001327515, -0.2646183371543884, 0.9897063970565796
412, 6, 0.5064041018486023, 0.39980408549308777, -0.2646758556365967, 0.9913403391838074
412, 7, 0.5299407839775085, 0.39891406893730164, -0.255426287651062, 0.9635838270187378
412, 8, 0.5033902525901794, 0.38631200790405273, -0.25377556681632996, 0.9869899153709412
412, 9, 0.5189185738563538, 0.41196250915527344, -0.24339613318443298, 0.9840732216835022
412, 10, 0.5107712745666504, 0.4084042012691498, -0.24302847683429718, 0.9868342280387878
412, 11, 0.5513084530830383, 0.4058031439781189, -0.2027546465396881, 0.983791708946228
412, 12, 0.48795610666275024, 0.3690795600414276, -0.20044052600860596, 0.992327868938446
412, 13, 0.5659751296043396, 0.4568595588207245, -0.1877056211233139, 0.9968243837356567
412, 14, 0.4639774262905121, 0.39693722128868103, -0.18359331786632538, 0.9105700254440308
412, 15, 0.575196385383606, 0.5142911672592163, -0.21057923138141632, 0.9900310039520264
412, 16, 0.4570697247982025, 0.44286614656448364, -0.20835761725902557, 0.8837761878967285
412, 17, 0.5831233263015747, 0.5315512418746948, -0.23234772682189941, 0.9737043380737305
412, 18, 0.45048093795776367, 0.4523910880088806, -0.23401455581188202, 0.8178125023841858
412, 19, 0.5757984519004822, 0.528338611125946, -0.2353748381137848, 0.9679416418075562
412, 20, 0.45823878049850464, 0.4546963572502136, -0.23820945620536804, 0.8086140155792236
412, 21, 0.5711908340454102, 0.5198827981948853, -0.21302637457847595, 0.9151896238327026
412, 22, 0.4623008668422699, 0.4523588716983795, -0.21195702254772186, 0.7624602317810059
412, 23, 0.5386003255844116, 0.3689751923084259, 0.005860043689608574, 0.998576283454895
412, 24, 0.5066377520561218, 0.3510543704032898, -0.005891226697713137, 0.9983707070350647
412, 25, 0.5266851186752319, 0.42789769172668457, 0.1205068975687027, 0.03726290911436081
412, 26, 0.4804309010505676, 0.4111698865890503, 0.10306306928396225, 0.12125048041343689
412, 27, 0.5083829760551453, 0.4288313090801239, 0.31019797921180725, 0.012682413682341576
412, 28, 0.4837382435798645, 0.4230353534221649, 0.2967088222503662, 0.019694430753588676
412, 29, 0.5052303671836853, 0.42292165756225586, 0.3315199911594391, 0.013257141225039959
412, 30, 0.48473048210144043, 0.41937825083732605, 0.31823065876960754, 0.02415236085653305
412, 31, 0.5049163103103638, 0.45699718594551086, 0.32913199067115784, 0.01188642531633377
412, 32, 0.4804457724094391, 0.4531771242618561, 0.3163357377052307, 0.016269255429506302
413, 0, 0.513087809085846, 0.4001782238483429, -0.2064235508441925, 0.9973397850990295
413, 1, 0.516106903553009, 0.39669281244277954, -0.21139828860759735, 0.9984390139579773
413, 2, 0.5174292922019958, 0.39707598090171814, -0.21140506863594055, 0.998103141784668
413, 3, 0.5187526941299438, 0.3974359631538391, -0.2114688903093338, 0.9978638291358948
413, 4, 0.5123444199562073, 0.39449551701545715, -0.21154256165027618, 0.9979305267333984
413, 5, 0.5111635327339172, 0.3933882713317871, -0.21158738434314728, 0.9975662231445312
413, 6, 0.5099796056747437, 0.39227738976478577, -0.21161556243896484, 0.9974488615989685
413, 7, 0.5219944715499878, 0.3934391736984253, -0.19683736562728882, 0.9960088729858398
413, 8, 0.5088187456130981, 0.384968638420105, -0.19726397097110748, 0.9974254965782166
413, 9, 0.5152689814567566, 0.3999532461166382, -0.19686810672283173, 0.9984689354896545
413, 10, 0.5109425187110901, 0.3971709907054901, -0.19713303446769714, 0.9977541565895081
413, 11, 0.5283909440040588, 0.396607369184494, -0.13846777379512787, 0.997654378414154
413, 12, 0.5025848746299744, 0.3774349093437195, -0.1449476182460785, 0.9928799271583557
413, 13, 0.5314721465110779, 0.418737530708313, -0.08693178743124008, 0.38290008902549744
413, 14, 0.49374741315841675, 0.38252130150794983, -0.08943098038434982, 0.4611518085002899
413, 15, 0.525122880935669, 0.44411662220954895, -0.0716208815574646, 0.4284195899963379
413, 16, 0.4888675808906555, 0.41273489594459534, -0.057358939200639725, 0.6573484539985657
413, 17, 0.5258114337921143, 0.45064496994018555, -0.08011358976364136, 0.39075103402137756
413, 18, 0.48530110716819763, 0.4174475371837616, -0.06372221559286118, 0.6275139451026917
413, 19, 0.5230098962783813, 0.447551429271698, -0.0889773964881897, 0.3966168463230133
413, 20, 0.4887920916080475, 0.4193679392337799, -0.07180488109588623, 0.6315323710441589
413, 21, 0.5219050049781799, 0.4445847272872925, -0.07511535286903381, 0.3385886251926422
413, 22, 0.49062004685401917, 0.41872644424438477, -0.059554774314165115, 0.6094747185707092
413, 23, 0.5282926559448242, 0.3731665015220642, 0.0006390411290340126, 0.9996064305305481
413, 24, 0.5175948739051819, 0.3692701458930969, -0.0005202653119340539, 0.999536395072937
413, 25, 0.5199359655380249, 0.41716983914375305, 0.036996543407440186, 0.1685645878314972
413, 26, 0.5179258584976196, 0.42371296882629395, 0.04680678993463516, 0.24476289749145508
413, 27, 0.5077154636383057, 0.42900756001472473, 0.15423323214054108, 0.15291127562522888
413, 28, 0.5258895754814148, 0.44220614433288574, 0.14127987623214722, 0.3052538335323334
413, 29, 0.5068198442459106, 0.42757081985473633, 0.16693802177906036, 0.12348622828722
413, 30, 0.5273007154464722, 0.4407297670841217, 0.15125149488449097, 0.17497332394123077
413, 31, 0.5019038915634155, 0.4453898072242737, 0.16071845591068268, 0.20888404548168182
413, 32, 0.5271883010864258, 0.46184593439102173, 0.13902324438095093, 0.29860204458236694
414, 0, 0.5145875215530396, 0.4031243324279785, -0.18986719846725464, 0.9996073842048645
414, 1, 0.5192323923110962, 0.39917615056037903, -0.19451428949832916, 0.9997772574424744
414, 2, 0.5207403898239136, 0.3995893597602844, -0.19452700018882751, 0.9996987581253052
414, 3, 0.5222607851028442, 0.39998117089271545, -0.19457367062568665, 0.9997236132621765
414, 4, 0.5150105357170105, 0.3968256115913391, -0.19558647274971008, 0.999642014503479
414, 5, 0.5137007236480713, 0.3956485390663147, -0.1956109255552292, 0.9994792342185974
414, 6, 0.5123881697654724, 0.394464373588562, -0.19560225307941437, 0.9994943141937256
414, 7, 0.5259044766426086, 0.3953874409198761, -0.17984551191329956, 0.9993461966514587
414, 8, 0.511071503162384, 0.3864196240901947, -0.18470630049705505, 0.999292254447937
414, 9, 0.5160865187644958, 0.40284591913223267, -0.18042698502540588, 0.9997887015342712
414, 10, 0.5113548636436462, 0.39978641271591187, -0.18191498517990112, 0.9996854066848755
414, 11, 0.5316872596740723, 0.3989441394805908, -0.12663255631923676, 0.9993539452552795
414, 12, 0.4983462393283844, 0.3751715421676636, -0.137249156832695, 0.9973437190055847
414, 13, 0.5355531573295593, 0.421144962310791, -0.08537141233682632, 0.6319156885147095
414, 14, 0.4864581227302551, 0.38376384973526, -0.09126873314380646, 0.859128475189209
414, 15, 0.5256452560424805, 0.4478837251663208, -0.07629222422838211, 0.7138378024101257
414, 16, 0.48049196600914, 0.417976051568985, -0.07256380468606949, 0.933264434337616
414, 17, 0.5260239243507385, 0.4559236168861389, -0.08529184013605118, 0.6517406105995178
414, 18, 0.47613415122032166, 0.42493611574172974, -0.08286558836698532, 0.8965939879417419
414, 19, 0.5217987895011902, 0.45251888036727905, -0.09535391628742218, 0.6582400798797607
414, 20, 0.48068132996559143, 0.4275009036064148, -0.0896744430065155, 0.8942098021507263
414, 21, 0.5207403898239136, 0.4486282467842102, -0.08056491613388062, 0.6045902967453003
414, 22, 0.4830027222633362, 0.4255944490432739, -0.07497669011354446, 0.8673228621482849
414, 23, 0.5308975577354431, 0.37301093339920044, 0.001022874261252582, 0.9996962547302246
414, 24, 0.5164417624473572, 0.3649032711982727, -0.0009235962061211467, 0.9995359182357788
414, 25, 0.5251766443252563, 0.43323153257369995, 0.03790273517370224, 0.18114431202411652
414, 26, 0.5176891684532166, 0.43328624963760376, 0.03839554265141487, 0.49803459644317627
414, 27, 0.5136563181877136, 0.43556496500968933, 0.13948611915111542, 0.26476535201072693
414, 28, 0.5268726348876953, 0.44543248414993286, 0.12903866171836853, 0.4026959240436554
414, 29, 0.5124362707138062, 0.42924606800079346, 0.150743305683136, 0.2257872372865677
414, 30, 0.5287685990333557, 0.43991121649742126, 0.13855625689029694, 0.2090560495853424
414, 31, 0.5062904953956604, 0.4559468924999237, 0.14436018466949463, 0.3547590970993042
414, 32, 0.5267804861068726, 0.4691881537437439, 0.12839505076408386, 0.3727807402610779
415, 0, 0.5293907523155212, 0.40394824743270874, 0.18750910460948944, 0.9630668759346008
415, 1, 0.5270001292228699, 0.4039381742477417, 0.19974292814731598, 0.9407318234443665
415, 2, 0.5256866812705994, 0.40245625376701355, 0.19974127411842346, 0.9206618666648865
415, 3, 0.524383544921875, 0.40091532468795776, 0.19965684413909912, 0.9450992345809937
415, 4, 0.5305159687995911, 0.4079769253730774, 0.19796447455883026, 0.9156564474105835
415, 5, 0.5317642688751221, 0.4092283546924591, 0.19797711074352264, 0.9066505432128906
415, 6, 0.5330144762992859, 0.41044947504997253, 0.1979004591703415, 0.939444899559021
415, 7, 0.5217586159706116, 0.3973677456378937, 0.2319238930940628, 0.9162594079971313
415, 8, 0.5352483987808228, 0.4119998812675476, 0.22500070929527283, 0.932807981967926
415, 9, 0.5278047919273376, 0.3994086682796478, 0.19720089435577393, 0.9889416098594666
415, 10, 0.5318242907524109, 0.40309080481529236, 0.1949845552444458, 0.9867600202560425
415, 11, 0.5133390426635742, 0.37933942675590515, 0.2179764211177826, 0.9997636675834656
415, 12, 0.5464248657226562, 0.42542776465415955, 0.19236181676387787, 0.9999727010726929
415, 13, 0.4877581000328064, 0.3399675190448761, 0.20095951855182648, 0.27931293845176697
415, 14, 0.5758812427520752, 0.44849106669425964, 0.1593962460756302, 0.5413171052932739
415, 15, 0.49256283044815063, 0.326515257358551, 0.1797230839729309, 0.1337002068758011
415, 16, 0.5711780190467834, 0.4785502552986145, 0.15846095979213715, 0.8762432932853699
415, 17, 0.49487170577049255, 0.32266712188720703, 0.1756213903427124, 0.0914875715970993
415, 18, 0.568688154220581, 0.4881945252418518, 0.1569853127002716, 0.901092529296875
415, 19, 0.49734434485435486, 0.3315412402153015, 0.1781909465789795, 0.08289877325296402
415, 20, 0.565693199634552, 0.49298417568206787, 0.15626530349254608, 0.8784140944480896
415, 21, 0.4976653456687927, 0.33290043473243713, 0.17994049191474915, 0.0850384384393692
415, 22, 0.5657952427864075, 0.4877391755580902, 0.1591622680425644, 0.8348702788352966
415, 23, 0.5287262201309204, 0.35901087522506714, 0.017233500257134438, 0.9993128776550293
415, 24, 0.5447984933853149, 0.3810931444168091, -0.017321376129984856, 0.9997987151145935
415, 25, 0.512622058391571, 0.41989627480506897, -0.03395659849047661, 0.720063328742981
415, 26, 0.5265682935714722, 0.44860589504241943, -0.049596384167671204, 0.9105783104896545
415, 27, 0.5005808472633362, 0.443960577249527, -0.12782961130142212, 0.09162380546331406
415, 28, 0.5227898955345154, 0.4548388123512268, -0.16636113822460175, 0.65834641456604
415, 29, 0.49999427795410156, 0.43853455781936646, -0.1394023895263672, 0.6977646946907043
415, 30, 0.5228273272514343, 0.44300028681755066, -0.17957602441310883, 0.9788222908973694
415, 31, 0.4989236295223236, 0.46969786286354065, -0.15866287052631378, 0.4500451683998108
415, 32, 0.5227470993995667, 0.481784850358963, -0.20255999267101288, 0.9003309607505798
416, 0, 0.5121302008628845, 0.3893636465072632, -0.27246612310409546, 0.9996496438980103
416, 1, 0.5138031244277954, 0.38924646377563477, -0.27715015411376953, 0.9996887445449829
416, 2, 0.5145260095596313, 0.39016565680503845, -0.2771836817264557, 0.999509334564209
416, 3, 0.5152455568313599, 0.39103859663009644, -0.27722910046577454, 0.999383807182312
416, 4, 0.5117449760437012, 0.38627782464027405, -0.27783066034317017, 0.9998559951782227
416, 5, 0.51109778881073, 0.3852977454662323, -0.27785301208496094, 0.999790370464325
416, 6, 0.5104398131370544, 0.38428208231925964, -0.27788877487182617, 0.9997506737709045
416, 7, 0.5181412100791931, 0.3916897773742676, -0.24751409888267517, 0.9993103742599487
416, 8, 0.5104954242706299, 0.38042232394218445, -0.25061750411987305, 0.999819815158844
416, 9, 0.5142031311988831, 0.39002200961112976, -0.2551310062408447, 0.9993922710418701
416, 10, 0.511551558971405, 0.38682809472084045, -0.25625672936439514, 0.9994086027145386
416, 11, 0.5304247736930847, 0.4014061689376831, -0.18391063809394836, 0.9998549222946167
416, 12, 0.5046071410179138, 0.3711130917072296, -0.17953020334243774, 0.9992202520370483
416, 13, 0.5471076369285583, 0.4202655851840973, -0.14932404458522797, 0.9993940591812134
416, 14, 0.49389728903770447, 0.3473855257034302, -0.11906854808330536, 0.7346002459526062
416, 15, 0.5560590028762817, 0.44725120067596436, -0.1582869291305542, 0.9947583079338074
416, 16, 0.48556894063949585, 0.3645842373371124, -0.09289180487394333, 0.751741349697113
416, 17, 0.5596688389778137, 0.4580225348472595, -0.17574509978294373, 0.9872298836708069
416, 18, 0.48108553886413574, 0.36746859550476074, -0.10337494313716888, 0.6893540620803833
416, 19, 0.5576044917106628, 0.4597232937812805, -0.17683374881744385, 0.9857126474380493
416, 20, 0.48289722204208374, 0.37334364652633667, -0.11085981130599976, 0.6595491170883179
416, 21, 0.555729329586029, 0.45538872480392456, -0.15934816002845764, 0.9609649181365967
416, 22, 0.48517242074012756, 0.37380507588386536, -0.09530338644981384, 0.6062290668487549
416, 23, 0.5272868871688843, 0.38493967056274414, 0.002676013158634305, 0.999922513961792
416, 24, 0.5175447463989258, 0.37741994857788086, -0.002747530583292246, 0.9998540878295898
416, 25, 0.5122267007827759, 0.4200695753097534, 0.12596650421619415, 0.06698599457740784
416, 26, 0.5103905200958252, 0.42241084575653076, 0.1198689341545105, 0.23508363962173462
416, 27, 0.4990832209587097, 0.43108612298965454, 0.28206849098205566, 0.267706960439682
416, 28, 0.5185220241546631, 0.4459441602230072, 0.26623985171318054, 0.3541298508644104
416, 29, 0.49845728278160095, 0.43062400817871094, 0.2994404137134552, 0.3004888892173767
416, 30, 0.5192109942436218, 0.44609859585762024, 0.2822510302066803, 0.3238085210323334
416, 31, 0.4926609396934509, 0.44288140535354614, 0.2970128357410431, 0.14449073374271393
416, 32, 0.5206781029701233, 0.46016865968704224, 0.2752194404602051, 0.20659585297107697
417, 0, 0.5182041525840759, 0.3793511390686035, 0.1332356482744217, 0.9717267751693726
417, 1, 0.5162307024002075, 0.37813758850097656, 0.13993866741657257, 0.9529984593391418
417, 2, 0.51552414894104, 0.3773098289966583, 0.13992726802825928, 0.9578987956047058
417, 3, 0.5148206353187561, 0.3764232099056244, 0.1398543268442154, 0.9465873837471008
417, 4, 0.518938422203064, 0.38073208928108215, 0.13738523423671722, 0.8957018852233887
417, 5, 0.5197944641113281, 0.3813355267047882, 0.13739554584026337, 0.909159779548645
417, 6, 0.5206383466720581, 0.3818782866001129, 0.13736024498939514, 0.8843691349029541
417, 7, 0.5138694643974304, 0.3740291893482208, 0.15634478628635406, 0.9492181539535522
417, 8, 0.5235013365745544, 0.38354364037513733, 0.14683650434017181, 0.9064271450042725
417, 9, 0.5182710886001587, 0.3776682913303375, 0.13849209249019623, 0.989823043346405
417, 10, 0.5207746624946594, 0.37973374128341675, 0.13564135134220123, 0.979290246963501
417, 11, 0.5095130801200867, 0.37055015563964844, 0.1360136866569519, 0.9999485015869141
417, 12, 0.531764030456543, 0.39955934882164, 0.12522286176681519, 0.999843955039978
417, 13, 0.4935251772403717, 0.34172266721725464, 0.13087987899780273, 0.1936682164669037
417, 14, 0.5496244430541992, 0.42413875460624695, 0.11338840425014496, 0.1873648315668106
417, 15, 0.49377530813217163, 0.3248592019081116, 0.10753683745861053, 0.29904869198799133
417, 16, 0.5521152019500732, 0.45233017206192017, 0.11461315304040909, 0.6363105177879333
417, 17, 0.4922504425048828, 0.32122230529785156, 0.10401932895183563, 0.247974693775177
417, 18, 0.5522032380104065, 0.46531805396080017, 0.1126733273267746, 0.6537564396858215
417, 19, 0.4943102300167084, 0.3280770182609558, 0.10209997743368149, 0.23415859043598175
417, 20, 0.5505261421203613, 0.4678305387496948, 0.11037573963403702, 0.5922585725784302
417, 21, 0.4955464005470276, 0.3295315206050873, 0.10633740574121475, 0.19890503585338593
417, 22, 0.5505131483078003, 0.46285662055015564, 0.1144447922706604, 0.5133178234100342
417, 23, 0.5212507843971252, 0.3651717007160187, 0.004510162863880396, 0.9997876286506653
417, 24, 0.5352197885513306, 0.3815171420574188, -0.004714502487331629, 0.9999169111251831
417, 25, 0.5042288899421692, 0.4159756600856781, 0.026173356920480728, 0.7226064801216125
417, 26, 0.538486897945404, 0.44442886114120483, 0.017884623259305954, 0.9694277048110962
417, 27, 0.49757498502731323, 0.423910915851593, 0.021125778555870056, 0.11894693225622177
417, 28, 0.5387275815010071, 0.4642595648765564, -0.0357244610786438, 0.9073365926742554
417, 29, 0.500011682510376, 0.41857993602752686, 0.020548764616250992, 0.6056336164474487
417, 30, 0.5391561388969421, 0.4540759325027466, -0.04104499891400337, 0.9860692024230957
417, 31, 0.4953306317329407, 0.4451112449169159, 0.016560642048716545, 0.23493269085884094
417, 32, 0.5381407141685486, 0.49655961990356445, -0.053690530359745026, 0.9339767098426819
418, 0, 0.526745080947876, 0.3621551990509033, -0.24219337105751038, 0.939123272895813
418, 1, 0.5272803902626038, 0.35544052720069885, -0.25240767002105713, 0.983159065246582
418, 2, 0.5279284715652466, 0.3544890880584717, -0.25243884325027466, 0.9781553149223328
418, 3, 0.5285596251487732, 0.35359668731689453, -0.25252270698547363, 0.9849386215209961
418, 4, 0.5248611569404602, 0.3559234142303467, -0.2515551745891571, 0.9656487703323364
418, 5, 0.5242011547088623, 0.35542842745780945, -0.2516076862812042, 0.936532735824585
418, 6, 0.523522675037384, 0.3549593985080719, -0.25164318084716797, 0.9470265507698059
418, 7, 0.5295571684837341, 0.345615029335022, -0.24627785384655, 0.9867624640464783
418, 8, 0.5214935541152954, 0.3480442762374878, -0.24299578368663788, 0.9787089228630066
418, 9, 0.527904748916626, 0.3610730767250061, -0.23251774907112122, 0.9733991622924805
418, 10, 0.5261495113372803, 0.3615674376487732, -0.23174671828746796, 0.9648445248603821
418, 11, 0.5345960855484009, 0.343350350856781, -0.19815266132354736, 0.9983651041984558
418, 12, 0.5143401622772217, 0.34983280301094055, -0.19269073009490967, 0.9659057259559631
418, 13, 0.554084062576294, 0.3850804269313812, -0.1686694324016571, 0.7737513780593872
418, 14, 0.5039677023887634, 0.39171159267425537, -0.14567531645298004, 0.3513697385787964
418, 15, 0.5640019178390503, 0.43186280131340027, -0.1794804334640503, 0.7091339230537415
418, 16, 0.5036177635192871, 0.44208887219429016, -0.13119302690029144, 0.15712153911590576
418, 17, 0.5677824020385742, 0.43751445412635803, -0.1988697499036789, 0.5355052351951599
418, 18, 0.5003369450569153, 0.4499897062778473, -0.14548301696777344, 0.10415104776620865
418, 19, 0.5641322135925293, 0.4371293783187866, -0.2077970802783966, 0.5407922267913818
418, 20, 0.5032621622085571, 0.44988930225372314, -0.15518444776535034, 0.12353643029928207
418, 21, 0.5627835392951965, 0.43651339411735535, -0.18426330387592316, 0.4088858962059021
418, 22, 0.5050041079521179, 0.44795066118240356, -0.1357126533985138, 0.10475423187017441
418, 23, 0.5367617011070251, 0.3905448615550995, -0.004744968377053738, 0.9939557909965515
418, 24, 0.5246304869651794, 0.3952009975910187, 0.004885354079306126, 0.9867168664932251
418, 25, 0.5407227277755737, 0.38002729415893555, 0.14853154122829437, 0.03718293458223343
418, 26, 0.5260802507400513, 0.394064724445343, 0.1598067581653595, 0.020626045763492584
418, 27, 0.5366734862327576, 0.3891927897930145, 0.3341878652572632, 0.07676228135824203
418, 28, 0.5292032361030579, 0.39430519938468933, 0.3468351364135742, 0.018827931955456734
418, 29, 0.5351895689964294, 0.3886018991470337, 0.3536849319934845, 0.07319614291191101
418, 30, 0.530745804309845, 0.3916948437690735, 0.3671385943889618, 0.017388857901096344
418, 31, 0.5365964770317078, 0.39851653575897217, 0.34240782260894775, 0.037836845964193344
418, 32, 0.5311704277992249, 0.4023062288761139, 0.3576553761959076, 0.013465208932757378
419, 0, 0.5294179916381836, 0.3455723524093628, -0.08292683213949203, 0.8946220278739929
419, 1, 0.5263989567756653, 0.3410552740097046, -0.09538232535123825, 0.9179506897926331
419, 2, 0.5247762799263, 0.34047800302505493, -0.0953955203294754, 0.8473451137542725
419, 3, 0.5231819748878479, 0.33993208408355713, -0.09545623511075974, 0.8830558061599731
419, 4, 0.5309737920761108, 0.3415517807006836, -0.09847626090049744, 0.9545716047286987
419, 5, 0.5325269103050232, 0.34141290187835693, -0.09848032891750336, 0.9235908389091492
419, 6, 0.5340879559516907, 0.3413175344467163, -0.09855833649635315, 0.93287593126297
419, 7, 0.5191864967346191, 0.33813968300819397, -0.11975480616092682, 0.8431234359741211
419, 8, 0.535349428653717, 0.34052038192749023, -0.1337023675441742, 0.9570952653884888
419, 9, 0.5268769860267639, 0.34610652923583984, -0.08599462360143661, 0.9316543936729431
419, 10, 0.531932532787323, 0.34632495045661926, -0.09012908488512039, 0.9463247656822205
419, 11, 0.5043595433235168, 0.3438880443572998, -0.1074160486459732, 0.9972409009933472
419, 12, 0.5458676815032959, 0.3553256392478943, -0.11864493042230606, 0.9949197173118591
419, 13, 0.5133088827133179, 0.3894211947917938, -0.08734074980020523, 0.2790467441082001
419, 14, 0.5616188645362854, 0.40105655789375305, -0.10299097001552582, 0.43223458528518677
419, 15, 0.5312700271606445, 0.41937464475631714, -0.09093735367059708, 0.12683627009391785
419, 16, 0.5686851739883423, 0.44063541293144226, -0.09991827607154846, 0.4196428954601288
419, 17, 0.5331703424453735, 0.4218050539493561, -0.10205509513616562, 0.09690990298986435
419, 18, 0.5711807012557983, 0.4492594301700592, -0.11297855526208878, 0.23629237711429596
419, 19, 0.5359124541282654, 0.41898012161254883, -0.10474248230457306, 0.09986189007759094
419, 20, 0.5679311156272888, 0.444381445646286, -0.11337270587682724, 0.22916363179683685
419, 21, 0.5375168323516846, 0.4198325574398041, -0.09288210421800613, 0.09010139852762222
419, 22, 0.5653273463249207, 0.44208067655563354, -0.10070105642080307, 0.1991184949874878
419, 23, 0.5156956315040588, 0.4080020785331726, -0.001537004834972322, 0.9996645450592041
419, 24, 0.5383641719818115, 0.4155772626399994, 0.0015087006613612175, 0.9994986057281494
419, 25, 0.499589741230011, 0.42117300629615784, 0.09807294607162476, 0.47277501225471497
419, 26, 0.5284842848777771, 0.4243147075176239, 0.10912127792835236, 0.11976581066846848
419, 27, 0.488562673330307, 0.4656790494918823, 0.21228721737861633, 0.6695161461830139
419, 28, 0.5203806161880493, 0.4571167528629303, 0.22004835307598114, 0.37790191173553467
419, 29, 0.4886900782585144, 0.47205379605293274, 0.2257370501756668, 0.6875243186950684
419, 30, 0.519778311252594, 0.46207448840141296, 0.2317170649766922, 0.32005318999290466
419, 31, 0.484762579202652, 0.4722900390625, 0.23128314316272736, 0.1379675269126892
419, 32, 0.5183274745941162, 0.4632035195827484, 0.23213131725788116, 0.09210686385631561
420, 0, 0.5317530632019043, 0.3538147509098053, -0.034971222281455994, 0.9309002161026001
420, 1, 0.5285393595695496, 0.34836554527282715, -0.048777200281620026, 0.921649158000946
420, 2, 0.526959240436554, 0.34765565395355225, -0.04878111556172371, 0.8757891654968262
420, 3, 0.5253946185112, 0.34694814682006836, -0.04883382096886635, 0.9188063144683838
420, 4, 0.5328418612480164, 0.3491012156009674, -0.05253257602453232, 0.9460293650627136
420, 5, 0.5343303084373474, 0.3490102291107178, -0.052538882941007614, 0.9086825847625732
420, 6, 0.5358203053474426, 0.3489549458026886, -0.05262613296508789, 0.9220327734947205
420, 7, 0.5215328931808472, 0.34383246302604675, -0.08245528489351273, 0.9072345495223999
420, 8, 0.5367151498794556, 0.3468294143676758, -0.09926104545593262, 0.9594700336456299
420, 9, 0.5293474197387695, 0.3535762131214142, -0.041270703077316284, 0.9655990600585938
420, 10, 0.5342267155647278, 0.3541402220726013, -0.04627778008580208, 0.9698920249938965
420, 11, 0.5071403980255127, 0.3447415828704834, -0.07811915129423141, 0.9985443353652954
420, 12, 0.5463746190071106, 0.3581244647502899, -0.09772678464651108, 0.9974901676177979
420, 13, 0.5169677138328552, 0.39514613151550293, -0.05785633251070976, 0.24486583471298218
420, 14, 0.5582209825515747, 0.4034072756767273, -0.08571380376815796, 0.4899834096431732
420, 15, 0.536956787109375, 0.4316873848438263, -0.06267237663269043, 0.1818568855524063
420, 16, 0.5661693215370178, 0.44195911288261414, -0.0825662761926651, 0.387346088886261
420, 17, 0.5399540662765503, 0.4333827495574951, -0.07349001616239548, 0.1134478971362114
420, 18, 0.5693261623382568, 0.44892793893814087, -0.09587021917104721, 0.18522986769676208
420, 19, 0.5428799390792847, 0.4308803081512451, -0.07681165635585785, 0.117302805185318
420, 20, 0.565951406955719, 0.44312921166419983, -0.09480216354131699, 0.18980561196804047
420, 21, 0.543991208076477, 0.4321056008338928, -0.06495939940214157, 0.10906340181827545
420, 22, 0.5630578994750977, 0.44124892354011536, -0.08293844759464264, 0.1697203665971756
420, 23, 0.5170673727989197, 0.4038388431072235, 0.007190679665654898, 0.9989199638366699
420, 24, 0.5399645566940308, 0.4157187044620514, -0.007229614071547985, 0.9992592930793762
420, 25, 0.5052530765533447, 0.4153837561607361, 0.11233566701412201, 0.16361171007156372
420, 26, 0.5357778072357178, 0.4241730272769928, 0.0966852605342865, 0.2167075127363205
420, 27, 0.49212199449539185, 0.45333388447761536, 0.21855321526527405, 0.3087679445743561
420, 28, 0.5253660678863525, 0.45077282190322876, 0.19996404647827148, 0.3397531807422638
420, 29, 0.49028944969177246, 0.4577803611755371, 0.23073962330818176, 0.32707953453063965
420, 30, 0.5235021114349365, 0.453670471906662, 0.2111547291278839, 0.3963385224342346
420, 31, 0.4904569685459137, 0.4646650552749634, 0.23428091406822205, 0.05697169899940491
420, 32, 0.5249931216239929, 0.46069177985191345, 0.2126019448041916, 0.09881521761417389
421, 0, 0.5346659421920776, 0.34762096405029297, -0.07611142098903656, 0.878852903842926
421, 1, 0.5316632986068726, 0.3415827751159668, -0.08829851448535919, 0.8968587517738342
421, 2, 0.5302909016609192, 0.3406776785850525, -0.08831936866044998, 0.8284841775894165
421, 3, 0.5289450883865356, 0.3397817015647888, -0.08837709575891495, 0.8721972107887268
421, 4, 0.5351498126983643, 0.3427211344242096, -0.09197752177715302, 0.9357592463493347
421, 5, 0.5363517999649048, 0.342698335647583, -0.09198688715696335, 0.9053103923797607
421, 6, 0.5375626683235168, 0.342700719833374, -0.09206613898277283, 0.909221351146698
421, 7, 0.524726152420044, 0.3365386128425598, -0.11686887592077255, 0.8364642262458801
421, 8, 0.5373337268829346, 0.3409518599510193, -0.13346976041793823, 0.9438139200210571
421, 9, 0.5323358178138733, 0.3480522334575653, -0.08104398846626282, 0.9280630946159363
421, 10, 0.5364816188812256, 0.3488461673259735, -0.0859842523932457, 0.9334204196929932
421, 11, 0.5123357772827148, 0.33930593729019165, -0.10677740722894669, 0.9953946471214294
421, 12, 0.5446042418479919, 0.35661208629608154, -0.1231415718793869, 0.9926124811172485
421, 13, 0.5281350612640381, 0.39592254161834717, -0.0887879878282547, 0.14625898003578186
421, 14, 0.5611293315887451, 0.4064843952655792, -0.11249257624149323, 0.33495891094207764
421, 15, 0.5486869812011719, 0.44445329904556274, -0.09930340200662613, 0.25047799944877625
421, 16, 0.5745548009872437, 0.450893372297287, -0.1128304973244667, 0.5044191479682922
421, 17, 0.553632378578186, 0.44716426730155945, -0.1111917719244957, 0.1793016493320465
421, 18, 0.577153205871582, 0.4597001373767853, -0.1269415318965912, 0.32231882214546204
421, 19, 0.5553673505783081, 0.4453086853027344, -0.1143094077706337, 0.20318090915679932
421, 20, 0.5752785801887512, 0.4525388479232788, -0.12644194066524506, 0.3285016119480133
421, 21, 0.5553078651428223, 0.4460301995277405, -0.10183236747980118, 0.18988662958145142
421, 22, 0.5728960037231445, 0.45023807883262634, -0.11366592347621918, 0.250576376914978
421, 23, 0.5212660431861877, 0.40188953280448914, 0.001551572815515101, 0.9991494417190552
421, 24, 0.5380375385284424, 0.41166359186172485, -0.0016042802017182112, 0.999251663684845
421, 25, 0.5047031044960022, 0.4182252585887909, 0.09085068851709366, 0.23150214552879333
421, 26, 0.5324772000312805, 0.41920292377471924, 0.09696497023105621, 0.08067048341035843
421, 27, 0.4921506941318512, 0.45886093378067017, 0.20684537291526794, 0.33452874422073364
421, 28, 0.5255874991416931, 0.4523462653160095, 0.20836055278778076, 0.15556970238685608
421, 29, 0.49149689078330994, 0.4614940583705902, 0.2205764502286911, 0.3204653859138489
421, 30, 0.5240755677223206, 0.4554682970046997, 0.21984116733074188, 0.10777641087770462
421, 31, 0.49135762453079224, 0.47280871868133545, 0.22678379714488983, 0.08728798478841782
421, 32, 0.5284785032272339, 0.4651133120059967, 0.22087904810905457, 0.05147361382842064
422, 0, 0.531636655330658, 0.3477436304092407, -0.14170058071613312, 0.9815250635147095
422, 1, 0.5295575857162476, 0.3414657711982727, -0.15122535824775696, 0.9921268224716187
422, 2, 0.5289039611816406, 0.34074604511260986, -0.1512584090232849, 0.9896764159202576
422, 3, 0.5282642841339111, 0.3400214612483978, -0.15136830508708954, 0.9914134740829468
422, 4, 0.5311300754547119, 0.3416909873485565, -0.15357796847820282, 0.9915401339530945
422, 5, 0.5317139625549316, 0.3412504196166992, -0.153599813580513, 0.9882931113243103
422, 6, 0.5323077440261841, 0.3408072292804718, -0.15366260707378387, 0.9847763776779175
422, 7, 0.5257676839828491, 0.3349396288394928, -0.16076210141181946, 0.9964239001274109
422, 8, 0.5314931273460388, 0.3362680673599243, -0.17168016731739044, 0.9960745573043823
422, 9, 0.5306323170661926, 0.34776049852371216, -0.13941653072834015, 0.99573814868927
422, 10, 0.5326142907142639, 0.34793898463249207, -0.14275331795215607, 0.9954795837402344
422, 11, 0.5233809351921082, 0.3400636911392212, -0.14000089466571808, 0.9998310804367065
422, 12, 0.5352320075035095, 0.35083168745040894, -0.13546226918697357, 0.9922771453857422
422, 13, 0.5514190196990967, 0.4130510687828064, -0.11963440477848053, 0.8220362663269043
422, 14, 0.5425278544425964, 0.41146278381347656, -0.09268148243427277, 0.14578822255134583
422, 15, 0.5687291026115417, 0.46909967064857483, -0.12170298397541046, 0.8591469526290894
422, 16, 0.553080677986145, 0.4503759741783142, -0.06527775526046753, 0.15910404920578003
422, 17, 0.5726218223571777, 0.4757620096206665, -0.1346176117658615, 0.7102794647216797
422, 18, 0.5564666986465454, 0.4587833285331726, -0.07231683284044266, 0.10337597131729126
422, 19, 0.5728297829627991, 0.47419750690460205, -0.14000707864761353, 0.7483968734741211
422, 20, 0.5546184182167053, 0.4521545469760895, -0.07537864148616791, 0.11846622079610825
422, 21, 0.5724261999130249, 0.4730273485183716, -0.12476010620594025, 0.6888899803161621
422, 22, 0.5526084899902344, 0.44959181547164917, -0.06673414260149002, 0.09011930972337723
422, 23, 0.5284809470176697, 0.3975454866886139, -0.003278374206274748, 0.9997603297233582
422, 24, 0.5348503589630127, 0.4070051908493042, 0.0033449199981987476, 0.999619722366333
422, 25, 0.523003339767456, 0.4156877398490906, 0.10040435940027237, 0.5928744673728943
422, 26, 0.5295894145965576, 0.42582443356513977, 0.10371222347021103, 0.15087682008743286
422, 27, 0.5026292204856873, 0.4609731435775757, 0.23222501575946808, 0.6807529330253601
422, 28, 0.5111659169197083, 0.4577837288379669, 0.2287319004535675, 0.38576754927635193
422, 29, 0.5007231831550598, 0.4693230092525482, 0.24647076427936554, 0.5830227732658386
422, 30, 0.5088607668876648, 0.4641488492488861, 0.24159732460975647, 0.1973772495985031
422, 31, 0.49833932518959045, 0.46335136890411377, 0.23913688957691193, 0.3429178297519684
422, 32, 0.5067006945610046, 0.4612094759941101, 0.2292226105928421, 0.16475889086723328
423, 0, 0.5324155688285828, 0.346011757850647, -0.1414601057767868, 0.9646219611167908
423, 1, 0.530534565448761, 0.33872753381729126, -0.15085448324680328, 0.9858679175376892
423, 2, 0.5301074981689453, 0.33795708417892456, -0.15089154243469238, 0.9824448227882385
423, 3, 0.5296921133995056, 0.3371884226799011, -0.1510038524866104, 0.9865129590034485
423, 4, 0.5314549207687378, 0.3390581011772156, -0.15257585048675537, 0.9822242856025696
423, 5, 0.5317819714546204, 0.33866965770721436, -0.1526014357805252, 0.9749660491943359
423, 6, 0.5321199297904968, 0.3382805585861206, -0.1526622176170349, 0.9689204692840576
423, 7, 0.5275000333786011, 0.33211246132850647, -0.1614132821559906, 0.9950779676437378
423, 8, 0.5308169722557068, 0.3339550793170929, -0.16947123408317566, 0.9917784333229065
423, 9, 0.5318689346313477, 0.34638869762420654, -0.13972949981689453, 0.9931238293647766
423, 10, 0.5330348014831543, 0.34674084186553955, -0.1422518491744995, 0.9918043613433838
423, 11, 0.5266068577766418, 0.3387969434261322, -0.14501148462295532, 0.9998577833175659
423, 12, 0.5330654978752136, 0.3502218425273895, -0.13114477694034576, 0.9875416159629822
423, 13, 0.5546407103538513, 0.413343608379364, -0.12836270034313202, 0.863700807094574
423, 14, 0.5386423468589783, 0.41261982917785645, -0.0864410400390625, 0.08345512300729752
423, 15, 0.5706533193588257, 0.4731745719909668, -0.13021422922611237, 0.8758302927017212
423, 16, 0.5494465827941895, 0.4503224194049835, -0.055400289595127106, 0.09196005016565323
423, 17, 0.574467658996582, 0.4803219139575958, -0.1436004340648651, 0.7220039963722229
423, 18, 0.5529608726501465, 0.45824941992759705, -0.06108459085226059, 0.06058068200945854
423, 19, 0.5740224123001099, 0.4787418246269226, -0.14835789799690247, 0.7571960687637329
423, 20, 0.5509828925132751, 0.45064687728881836, -0.06418900936841965, 0.0686853677034378
423, 21, 0.5734857320785522, 0.4775277376174927, -0.13297152519226074, 0.6953054070472717
423, 22, 0.5491771101951599, 0.44824662804603577, -0.05681135505437851, 0.05292933061718941
423, 23, 0.5297766327857971, 0.398182213306427, -0.004772343207150698, 0.9997643828392029
423, 24, 0.5340664386749268, 0.40682360529899597, 0.00486307917162776, 0.999619722366333
423, 25, 0.5220159888267517, 0.41775694489479065, 0.09671558439731598, 0.5623353719711304
423, 26, 0.5294052362442017, 0.4276738166809082, 0.1043701320886612, 0.2029646337032318
423, 27, 0.501722514629364, 0.4623161256313324, 0.2276601791381836, 0.6841839551925659
423, 28, 0.5081983208656311, 0.4582742154598236, 0.22836582362651825, 0.44490447640419006
423, 29, 0.5000100135803223, 0.46994999051094055, 0.2416021078824997, 0.5694378018379211
423, 30, 0.5055498480796814, 0.4635162353515625, 0.24106192588806152, 0.24263302981853485
423, 31, 0.4964818060398102, 0.46627458930015564, 0.23227176070213318, 0.3653620183467865
423, 32, 0.5022610425949097, 0.4644371569156647, 0.22825029492378235, 0.20840035378932953
424, 0, 0.5331928730010986, 0.3536560833454132, -0.1500364989042282, 0.9897000789642334
424, 1, 0.5322530269622803, 0.3450580835342407, -0.1608879268169403, 0.9956081509590149
424, 2, 0.5322388410568237, 0.34391704201698303, -0.1609092652797699, 0.9940201044082642
424, 3, 0.5322242975234985, 0.34278154373168945, -0.16099825501441956, 0.9952993392944336
424, 4, 0.5317279696464539, 0.3459379971027374, -0.1618221253156662, 0.9948358535766602
424, 5, 0.5316737294197083, 0.3455570638179779, -0.16187703609466553, 0.9936478734016418
424, 6, 0.5316203236579895, 0.34518858790397644, -0.1619264930486679, 0.9928638339042664
424, 7, 0.530678927898407, 0.33587056398391724, -0.17550873756408691, 0.9977502226829529
424, 8, 0.5296018719673157, 0.33959683775901794, -0.18051964044570923, 0.9978785514831543
424, 9, 0.5330604314804077, 0.3535570204257965, -0.1496681571006775, 0.996501088142395
424, 10, 0.5330834984779358, 0.3542947471141815, -0.15132948756217957, 0.9963221549987793
424, 11, 0.5295150279998779, 0.3378952741622925, -0.15962918102741241, 0.9997913241386414
424, 12, 0.5280089378356934, 0.35372138023376465, -0.14702220261096954, 0.9968408346176147
424, 13, 0.5562555193901062, 0.40533819794654846, -0.13967539370059967, 0.7813607454299927
424, 14, 0.5292381048202515, 0.4135723114013672, -0.11094436794519424, 0.09582934528589249
424, 15, 0.5702059864997864, 0.47587135434150696, -0.13924960792064667, 0.9226772785186768
424, 16, 0.5346821546554565, 0.4614142179489136, -0.09217365831136703, 0.2238946259021759
424, 17, 0.5759636759757996, 0.48383739590644836, -0.15311813354492188, 0.8117839097976685
424, 18, 0.5337622761726379, 0.4703168272972107, -0.09971056878566742, 0.16704383492469788
424, 19, 0.5732687711715698, 0.48404964804649353, -0.1564817726612091, 0.8421701788902283
424, 20, 0.5340254902839661, 0.4636383056640625, -0.10619132220745087, 0.18843188881874084
424, 21, 0.5713009834289551, 0.4826499819755554, -0.1414254903793335, 0.7797325849533081
424, 22, 0.5342827439308167, 0.46092748641967773, -0.09522489458322525, 0.13648362457752228
424, 23, 0.5317946076393127, 0.3991082012653351, -0.005181427113711834, 0.999478280544281
424, 24, 0.5302979946136475, 0.40658998489379883, 0.0052863736636936665, 0.9993523955345154
424, 25, 0.5254635810852051, 0.4108228087425232, 0.10459461063146591, 0.2981361746788025
424, 26, 0.5287165641784668, 0.4122774004936218, 0.12033464014530182, 0.09353522956371307
424, 27, 0.5141444802284241, 0.43668192625045776, 0.24087002873420715, 0.372528612613678
424, 28, 0.5189261436462402, 0.4284919202327728, 0.2517871856689453, 0.18253131210803986
424, 29, 0.5132313370704651, 0.4380878806114197, 0.25537070631980896, 0.3354872465133667
424, 30, 0.5177143812179565, 0.4291220009326935, 0.26563626527786255, 0.08494032174348831
424, 31, 0.5122861266136169, 0.4474727213382721, 0.2500818371772766, 0.16625817120075226
424, 32, 0.5179357528686523, 0.439643532037735, 0.2594110667705536, 0.09225635975599289
425, 0, 0.5267531871795654, 0.34810882806777954, -0.12722307443618774, 0.9887987971305847
425, 1, 0.5252357125282288, 0.34042367339134216, -0.13910022377967834, 0.9935790300369263
425, 2, 0.5247622132301331, 0.33944857120513916, -0.13911910355091095, 0.9904849529266357
425, 3, 0.5242855548858643, 0.3384891152381897, -0.13917957246303558, 0.9925485253334045
425, 4, 0.5261633992195129, 0.340823233127594, -0.13920319080352783, 0.9933520555496216
425, 5, 0.5266422629356384, 0.34029707312583923, -0.1392633318901062, 0.9914512038230896
425, 6, 0.5271186232566833, 0.33977872133255005, -0.13933774828910828, 0.9925739765167236
425, 7, 0.5225279927253723, 0.33285844326019287, -0.1616639494895935, 0.9939593076705933
425, 8, 0.5264682769775391, 0.3350709080696106, -0.16332963109016418, 0.995876133441925
425, 9, 0.5262558460235596, 0.3484651446342468, -0.13056010007858276, 0.993354082107544
425, 10, 0.5277627110481262, 0.3487260341644287, -0.13118278980255127, 0.9945593476295471
425, 11, 0.519601047039032, 0.3393006920814514, -0.14638639986515045, 0.998918890953064
425, 12, 0.5286727547645569, 0.35063686966896057, -0.14314572513103485, 0.9970037341117859
425, 13, 0.5389183759689331, 0.406734436750412, -0.1260591596364975, 0.4358968436717987
425, 14, 0.5337199568748474, 0.4138224422931671, -0.12479664385318756, 0.3453907072544098
425, 15, 0.5533258318901062, 0.46588975191116333, -0.12486114352941513, 0.8421705365180969
425, 16, 0.5356879830360413, 0.466031938791275, -0.1194453090429306, 0.703046441078186
425, 17, 0.5582410097122192, 0.47167450189590454, -0.1379835456609726, 0.704069197177887
425, 18, 0.5335953235626221, 0.47507891058921814, -0.13114860653877258, 0.5557674765586853
425, 19, 0.5572176575660706, 0.4707868695259094, -0.14153537154197693, 0.7476662993431091
425, 20, 0.5336804389953613, 0.46939539909362793, -0.13632361590862274, 0.6079497933387756
425, 21, 0.5561232566833496, 0.46992364525794983, -0.1273173987865448, 0.6695855259895325
425, 22, 0.5342516899108887, 0.467155784368515, -0.12290295213460922, 0.49244722723960876
425, 23, 0.5283616185188293, 0.4055100381374359, -0.002678586170077324, 0.9991605281829834
425, 24, 0.5304973125457764, 0.412307471036911, 0.0027142981998622417, 0.9992939233779907
425, 25, 0.5266903638839722, 0.4263516664505005, 0.09859157353639603, 0.143736332654953
425, 26, 0.5294895172119141, 0.42889758944511414, 0.10575445741415024, 0.058778271079063416
425, 27, 0.5183834433555603, 0.4564080834388733, 0.2224404364824295, 0.2280096709728241
425, 28, 0.5203907489776611, 0.45429930090904236, 0.2265489399433136, 0.09710496664047241
425, 29, 0.5183597803115845, 0.4566102623939514, 0.2355130910873413, 0.18170568346977234
425, 30, 0.5194407105445862, 0.45499226450920105, 0.23898586630821228, 0.04322744905948639
425, 31, 0.5166588425636292, 0.4724538028240204, 0.2303178757429123, 0.11271972209215164
425, 32, 0.51982182264328, 0.4707552492618561, 0.2304721176624298, 0.05649809166789055
426, 0, 0.5287543535232544, 0.3682182729244232, -0.15106463432312012, 0.9468396306037903
426, 1, 0.5303693413734436, 0.359529972076416, -0.16108913719654083, 0.9505947232246399
426, 2, 0.5317187309265137, 0.358381986618042, -0.16113099455833435, 0.9442899227142334
426, 3, 0.5330447554588318, 0.3572733998298645, -0.16121439635753632, 0.9667041301727295
426, 4, 0.5255916118621826, 0.3599219024181366, -0.16139152646064758, 0.9117733240127563
426, 5, 0.5241479873657227, 0.35923075675964355, -0.16143934428691864, 0.8804554343223572
426, 6, 0.5227106213569641, 0.35855165123939514, -0.1615116447210312, 0.8985736966133118
426, 7, 0.5345966219902039, 0.3462989330291748, -0.1714918613433838, 0.9745669960975647
426, 8, 0.51859450340271, 0.3488469123840332, -0.17353831231594086, 0.8799892067909241
426, 9, 0.5309152007102966, 0.36622941493988037, -0.1497158259153366, 0.9699487686157227
426, 10, 0.5266114473342896, 0.36679717898368835, -0.15039777755737305, 0.9533393383026123
426, 11, 0.5443034172058105, 0.3437477648258209, -0.15841816365718842, 0.998651921749115
426, 12, 0.5068174600601196, 0.35175493359565735, -0.14895497262477875, 0.9807977080345154
426, 13, 0.5657544136047363, 0.4157082736492157, -0.14788980782032013, 0.9147248864173889
426, 14, 0.5005874037742615, 0.4215945899486542, -0.13265573978424072, 0.25759145617485046
426, 15, 0.5725000500679016, 0.4909849464893341, -0.1558561474084854, 0.9471380114555359
426, 16, 0.495136022567749, 0.48462697863578796, -0.14132270216941833, 0.48806026577949524
426, 17, 0.5783648490905762, 0.5018998384475708, -0.1717918962240219, 0.8449070453643799
426, 18, 0.48894208669662476, 0.4945584535598755, -0.15516644716262817, 0.40549007058143616
426, 19, 0.5721974968910217, 0.5026544332504272, -0.17691102623939514, 0.8707370758056641
426, 20, 0.49231308698654175, 0.49269232153892517, -0.16434277594089508, 0.4720958173274994
426, 21, 0.569145917892456, 0.4998514950275421, -0.15904897451400757, 0.8349145650863647
426, 22, 0.4961605668067932, 0.48948749899864197, -0.1465960443019867, 0.4137704372406006
426, 23, 0.5400371551513672, 0.4034034013748169, 0.00064805120928213, 0.9984057545661926
426, 24, 0.5201672315597534, 0.4076499938964844, -0.0006127726519480348, 0.9984779953956604
426, 25, 0.5439719557762146, 0.43424689769744873, 0.10166188329458237, 0.06435989588499069
426, 26, 0.5205364227294922, 0.4441601634025574, 0.10507066547870636, 0.14290079474449158
426, 27, 0.5350536108016968, 0.46247342228889465, 0.22468432784080505, 0.09130217880010605
426, 28, 0.5185935497283936, 0.4699896574020386, 0.2239375114440918, 0.11065473407506943
426, 29, 0.533514142036438, 0.4590652585029602, 0.23758402466773987, 0.05656604468822479
426, 30, 0.51935213804245, 0.46762967109680176, 0.2362165004014969, 0.041647497564554214
426, 31, 0.535559892654419, 0.49151644110679626, 0.22544491291046143, 0.09042076766490936
426, 32, 0.5191845893859863, 0.49884849786758423, 0.2210594117641449, 0.0933503657579422
427, 0, 0.5257323980331421, 0.4129350781440735, -0.18557916581630707, 0.9844666719436646
427, 1, 0.5311527252197266, 0.40294745564460754, -0.1956440657377243, 0.9757418632507324
427, 2, 0.5337439775466919, 0.40229687094688416, -0.19564788043498993, 0.97386634349823
427, 3, 0.5363408923149109, 0.40172868967056274, -0.19570223987102509, 0.9761736989021301
427, 4, 0.523086667060852, 0.40122050046920776, -0.19752918183803558, 0.9611413478851318
427, 5, 0.5205316543579102, 0.39956915378570557, -0.1975415050983429, 0.9572935104370117
427, 6, 0.5180133581161499, 0.39795827865600586, -0.19757463037967682, 0.9496923685073853
427, 7, 0.5410494208335876, 0.38566187024116516, -0.18812227249145508, 0.987881064414978
427, 8, 0.5130152702331543, 0.3803465664386749, -0.1959259808063507, 0.9716637134552002
427, 9, 0.5283076167106628, 0.40980085730552673, -0.17562448978424072, 0.9905601143836975
427, 10, 0.5210659503936768, 0.4083404839038849, -0.17801499366760254, 0.9846768975257874
427, 11, 0.5567441582679749, 0.3721139132976532, -0.14495745301246643, 0.9994401335716248
427, 12, 0.4900715947151184, 0.3585510551929474, -0.14914190769195557, 0.996942937374115
427, 13, 0.5754830241203308, 0.433515727519989, -0.11610402166843414, 0.8968711495399475
427, 14, 0.46627822518348694, 0.4077056348323822, -0.12918072938919067, 0.8921986818313599
427, 15, 0.5760533809661865, 0.5045549869537354, -0.1187267154455185, 0.8761093616485596
427, 16, 0.46312466263771057, 0.45122095942497253, -0.1319197416305542, 0.7835837006568909
427, 17, 0.5821428298950195, 0.5213332772254944, -0.12581557035446167, 0.6949405670166016
427, 18, 0.4579523205757141, 0.4606708884239197, -0.13770371675491333, 0.6220334768295288
427, 19, 0.5758669376373291, 0.5176215767860413, -0.13302601873874664, 0.7388326525688171
427, 20, 0.4632372260093689, 0.4548954367637634, -0.14621923863887787, 0.6410734057426453
427, 21, 0.5711061954498291, 0.5122407674789429, -0.12113883346319199, 0.7079131603240967
427, 22, 0.46687763929367065, 0.4522806704044342, -0.13473698496818542, 0.6256169676780701
427, 23, 0.5353357791900635, 0.41661834716796875, 0.005152459256350994, 0.9919290542602539
427, 24, 0.5013108849525452, 0.4072617292404175, -0.005088820122182369, 0.9900552034378052
427, 25, 0.5352266430854797, 0.47662773728370667, 0.030436355620622635, 0.2338271290063858
427, 26, 0.48190179467201233, 0.4595825672149658, 0.011343434453010559, 0.5524038672447205
427, 27, 0.5177730321884155, 0.5446133613586426, 0.10044851154088974, 0.1909768432378769
427, 28, 0.47397908568382263, 0.529326319694519, 0.08682042360305786, 0.4563165307044983
427, 29, 0.5120835304260254, 0.5477375388145447, 0.10650716722011566, 0.1493816375732422
427, 30, 0.4743817448616028, 0.5361132621765137, 0.09332716464996338, 0.2543485462665558
427, 31, 0.5206946730613708, 0.5888974070549011, 0.07711691409349442, 0.28555846214294434
427, 32, 0.4694898724555969, 0.568219780921936, 0.06178031116724014, 0.5118438005447388
428, 0, 0.523440957069397, 0.3992295265197754, -0.2901661992073059, 0.7937646508216858
428, 1, 0.5280144810676575, 0.39124244451522827, -0.2971423864364624, 0.7441587448120117
428, 2, 0.5302368402481079, 0.3903905749320984, -0.29716548323631287, 0.7665448188781738
428, 3, 0.53244549036026, 0.38957056403160095, -0.29724398255348206, 0.8198198080062866
428, 4, 0.520634651184082, 0.3900052309036255, -0.29887887835502625, 0.6143755912780762
428, 5, 0.5184646844863892, 0.38869404792785645, -0.2989383935928345, 0.5423803925514221
428, 6, 0.516305685043335, 0.38741570711135864, -0.2989951968193054, 0.48522812128067017
428, 7, 0.5370293855667114, 0.3749738335609436, -0.2723425626754761, 0.8496182560920715
428, 8, 0.5119530558586121, 0.37137866020202637, -0.280649870634079, 0.539018988609314
428, 9, 0.5258137583732605, 0.3958744406700134, -0.27383190393447876, 0.7878962755203247
428, 10, 0.5197258591651917, 0.39533233642578125, -0.276458203792572, 0.6132457256317139
428, 11, 0.5522754788398743, 0.3600464165210724, -0.21582087874412537, 0.9940663576126099
428, 12, 0.4911774694919586, 0.35108715295791626, -0.21936416625976562, 0.8855251669883728
428, 13, 0.5718520879745483, 0.4207567572593689, -0.1892436444759369, 0.7504705190658569
428, 14, 0.46770936250686646, 0.3934633135795593, -0.19535104930400848, 0.6058893203735352
428, 15, 0.5770582556724548, 0.5005790591239929, -0.20620951056480408, 0.8248775601387024
428, 16, 0.4600411355495453, 0.45996958017349243, -0.19825740158557892, 0.45817580819129944
428, 17, 0.5865713953971863, 0.5137701630592346, -0.22342853248119354, 0.5904144048690796
428, 18, 0.45175305008888245, 0.46838557720184326, -0.21449172496795654, 0.33146345615386963
428, 19, 0.5778886079788208, 0.5145125389099121, -0.23626649379730225, 0.6407515406608582
428, 20, 0.4604763984680176, 0.47216007113456726, -0.22493615746498108, 0.3397166132926941
428, 21, 0.5723315477371216, 0.5121052265167236, -0.21188516914844513, 0.6034299731254578
428, 22, 0.4649391770362854, 0.47039806842803955, -0.20308342576026917, 0.2783980071544647
428, 23, 0.5338138937950134, 0.39148247241973877, 0.002187432488426566, 0.9277645945549011
428, 24, 0.501710057258606, 0.38508960604667664, -0.0021253700833767653, 0.9241352081298828
428, 25, 0.5321261882781982, 0.39849990606307983, 0.1633121818304062, 0.03693719580769539
428, 26, 0.49337610602378845, 0.3973742127418518, 0.1581997275352478, 0.06148034334182739
428, 27, 0.5215911269187927, 0.4006783068180084, 0.3451060950756073, 0.04377966746687889
428, 28, 0.4929445683956146, 0.402312695980072, 0.33577853441238403, 0.06116838753223419
428, 29, 0.5177134871482849, 0.39544907212257385, 0.3638684153556824, 0.03594062104821205
428, 30, 0.4942161440849304, 0.3974170982837677, 0.3539930582046509, 0.024374928325414658
428, 31, 0.5221350193023682, 0.4241507649421692, 0.3411475419998169, 0.04956912621855736
428, 32, 0.49365004897117615, 0.4258784353733063, 0.3294452428817749, 0.060835350304841995
429, 0, 0.5274511575698853, 0.37995386123657227, -0.2821331024169922, 0.8119521141052246
429, 1, 0.5311987996101379, 0.37285250425338745, -0.28872498869895935, 0.7455824017524719
429, 2, 0.5330972671508789, 0.37212520837783813, -0.2887458801269531, 0.7884600758552551
429, 3, 0.5349879264831543, 0.37143126130104065, -0.2888246178627014, 0.8272484540939331
429, 4, 0.5246037244796753, 0.3718063235282898, -0.2903467118740082, 0.6004050970077515
429, 5, 0.5226986408233643, 0.37073689699172974, -0.2904006540775299, 0.5487931966781616
429, 6, 0.5207883715629578, 0.3696901202201843, -0.2904551029205322, 0.4556179344654083
429, 7, 0.538743257522583, 0.3600930869579315, -0.26590925455093384, 0.8259207606315613
429, 8, 0.5166241526603699, 0.3572784960269928, -0.2734263837337494, 0.5373345017433167
429, 9, 0.5294568538665771, 0.3786369264125824, -0.2668977677822113, 0.8218764066696167
429, 10, 0.5242680311203003, 0.3783106803894043, -0.2692359685897827, 0.5802496671676636
429, 11, 0.5529921054840088, 0.35099536180496216, -0.21342813968658447, 0.9965322017669678
429, 12, 0.49781331419944763, 0.34364405274391174, -0.21801380813121796, 0.92585289478302
429, 13, 0.5712953209877014, 0.41058191657066345, -0.18699964880943298, 0.7907087206840515
429, 14, 0.47310012578964233, 0.3850615918636322, -0.1966649442911148, 0.5812783241271973
429, 15, 0.5762454271316528, 0.4902406930923462, -0.2048446238040924, 0.8977970480918884
429, 16, 0.4619917869567871, 0.4487028419971466, -0.2034875601530075, 0.49358898401260376
429, 17, 0.5857731699943542, 0.5025513172149658, -0.22132012248039246, 0.7282118201255798
429, 18, 0.45321694016456604, 0.4557144045829773, -0.22034481167793274, 0.36966273188591003
429, 19, 0.5775052309036255, 0.5039889812469482, -0.23550614714622498, 0.7823352217674255
429, 20, 0.4609617590904236, 0.45937079191207886, -0.2319476306438446, 0.38715359568595886
429, 21, 0.5721617937088013, 0.5020504593849182, -0.21112684905529022, 0.7354031801223755
429, 22, 0.46550697088241577, 0.4581003785133362, -0.20903253555297852, 0.31928226351737976
429, 23, 0.5347028970718384, 0.38677650690078735, 0.0008991841459646821, 0.8886520862579346
429, 24, 0.5060016512870789, 0.3795931935310364, -0.0008306593517772853, 0.8705806732177734
429, 25, 0.5235865116119385, 0.3715135455131531, 0.15951672196388245, 0.013022641651332378
429, 26, 0.4947105348110199, 0.36635449528694153, 0.15519872307777405, 0.026276204735040665
429, 27, 0.5141887068748474, 0.3657068610191345, 0.34501928091049194, 0.01949644647538662
429, 28, 0.4980979859828949, 0.36263513565063477, 0.3444516956806183, 0.02155969850718975
429, 29, 0.5107054710388184, 0.36112141609191895, 0.36419394612312317, 0.021480150520801544
429, 30, 0.500210165977478, 0.35702651739120483, 0.3636947572231293, 0.010317225940525532
429, 31, 0.5150920748710632, 0.38072046637535095, 0.3429815173149109, 0.027478506788611412
429, 32, 0.5000354051589966, 0.3810054063796997, 0.34224316477775574, 0.026803234592080116
430, 0, 0.5244703888893127, 0.4002548158168793, -0.24758696556091309, 0.8733012080192566
430, 1, 0.5277354717254639, 0.3923792243003845, -0.25711438059806824, 0.9126663208007812
430, 2, 0.5297727584838867, 0.3914157450199127, -0.2571496069431305, 0.9329264760017395
430, 3, 0.5317869782447815, 0.39047786593437195, -0.2572377026081085, 0.9429149627685547
430, 4, 0.5206382870674133, 0.3911173641681671, -0.25768864154815674, 0.7790125608444214
430, 5, 0.5185862183570862, 0.3897988498210907, -0.25773105025291443, 0.7068710327148438
430, 6, 0.5165310502052307, 0.388500839471817, -0.25778236985206604, 0.5920751094818115
430, 7, 0.5367221236228943, 0.37518855929374695, -0.2453163117170334, 0.9758460521697998
430, 8, 0.5125328898429871, 0.37213554978370667, -0.24807703495025635, 0.8005111813545227
430, 9, 0.527808427810669, 0.39607569575309753, -0.23593619465827942, 0.9207878112792969
430, 10, 0.5222046375274658, 0.39592474699020386, -0.23686008155345917, 0.7600442171096802
430, 11, 0.553898274898529, 0.3598439395427704, -0.20352014899253845, 0.9990492463111877
430, 12, 0.49776387214660645, 0.34306639432907104, -0.19804655015468597, 0.8396161794662476
430, 13, 0.5716425776481628, 0.4190112352371216, -0.18562957644462585, 0.880910336971283
430, 14, 0.4688190519809723, 0.36748698353767395, -0.17709432542324066, 0.6028650403022766
430, 15, 0.5757337808609009, 0.5002297163009644, -0.20484094321727753, 0.9675091505050659
430, 16, 0.45511919260025024, 0.4291397035121918, -0.18516291677951813, 0.5000771880149841
430, 17, 0.5851919651031494, 0.5141221880912781, -0.224341481924057, 0.8659365773200989
430, 18, 0.4453384280204773, 0.4360474944114685, -0.20151129364967346, 0.35583820939064026
430, 19, 0.5767572522163391, 0.5134690403938293, -0.23740200698375702, 0.8774020075798035
430, 20, 0.45229920744895935, 0.4398849904537201, -0.2138666808605194, 0.39116212725639343
430, 21, 0.5717076063156128, 0.5104987621307373, -0.21125097572803497, 0.8408056497573853
430, 22, 0.45699644088745117, 0.43951258063316345, -0.1911325603723526, 0.3039216995239258
430, 23, 0.5366309881210327, 0.38098394870758057, -0.002264220966026187, 0.9881342053413391
430, 24, 0.5068891048431396, 0.36715948581695557, 0.002350662834942341, 0.966829240322113
430, 25, 0.5231648087501526, 0.3885081708431244, 0.15326638519763947, 0.011764463968575
430, 26, 0.4896097183227539, 0.36921197175979614, 0.15958377718925476, 0.04205457866191864
430, 27, 0.5146973133087158, 0.38525110483169556, 0.3333399295806885, 0.04612118750810623
430, 28, 0.49319714307785034, 0.3756137490272522, 0.3350085914134979, 0.06962979584932327
430, 29, 0.5127403736114502, 0.38000330328941345, 0.3521559238433838, 0.0507536306977272
430, 30, 0.4972720742225647, 0.3710678517818451, 0.35303542017936707, 0.03500838950276375
430, 31, 0.5114565491676331, 0.40344592928886414, 0.33370304107666016, 0.043030258268117905
430, 32, 0.489609956741333, 0.3997286558151245, 0.33339065313339233, 0.0595148541033268
431, 0, 0.5256319642066956, 0.3741098940372467, -0.3211307227611542, 0.6402229070663452
431, 1, 0.5284222364425659, 0.3674381673336029, -0.33017146587371826, 0.9260823130607605
431, 2, 0.5300188064575195, 0.36666908860206604, -0.33020010590553284, 0.9012953042984009
431, 3, 0.5316061973571777, 0.3659406304359436, -0.3303074240684509, 0.9530144929885864
431, 4, 0.5239430069923401, 0.3674815595149994, -0.327785849571228, 0.7931616902351379
431, 5, 0.5225650072097778, 0.3669954836368561, -0.3278280794620514, 0.6219460368156433
431, 6, 0.5211972594261169, 0.3665653169155121, -0.3278447091579437, 0.7242240905761719
431, 7, 0.5359939336776733, 0.35590770840644836, -0.30969691276550293, 0.980975866317749
431, 8, 0.520270586013794, 0.3567986488342285, -0.29839640855789185, 0.9161343574523926
431, 9, 0.5287336111068726, 0.371871680021286, -0.3060275912284851, 0.9500837922096252
431, 10, 0.5245869755744934, 0.3725722134113312, -0.30292439460754395, 0.8887073397636414
431, 11, 0.5529739856719971, 0.3515298068523407, -0.2522527575492859, 0.9992462396621704
431, 12, 0.5080265402793884, 0.3475629985332489, -0.22782012820243835, 0.9237865209579468
431, 13, 0.5696304440498352, 0.3994135558605194, -0.23953230679035187, 0.9853804707527161
431, 14, 0.4948757588863373, 0.37535586953163147, -0.1806734800338745, 0.7981815338134766
431, 15, 0.5805467963218689, 0.45221298933029175, -0.2651635706424713, 0.9746659994125366
431, 16, 0.4995807707309723, 0.4089442491531372, -0.16949467360973358, 0.389700323343277
431, 17, 0.5844777226448059, 0.459575355052948, -0.2912899851799011, 0.9421553015708923
431, 18, 0.4982985556125641, 0.41364943981170654, -0.18532806634902954, 0.3038947284221649
431, 19, 0.5795063972473145, 0.4587055742740631, -0.3018064796924591, 0.9339526891708374
431, 20, 0.5024898648262024, 0.4128979444503784, -0.1947021186351776, 0.3163319230079651
431, 21, 0.5760585069656372, 0.4565480649471283, -0.2712388038635254, 0.9198919534683228
431, 22, 0.5039348006248474, 0.41132572293281555, -0.1738976389169693, 0.3335827589035034
431, 23, 0.5424991250038147, 0.3794880211353302, -0.005058266222476959, 0.9958676099777222
431, 24, 0.5178248286247253, 0.375474214553833, 0.005197758320719004, 0.9929835796356201
431, 25, 0.5374650359153748, 0.40891343355178833, 0.1356077492237091, 0.10648505389690399
431, 26, 0.5076051354408264, 0.4027981758117676, 0.15407399833202362, 0.11689674854278564
431, 27, 0.5351558327674866, 0.4013374447822571, 0.33643007278442383, 0.056246280670166016
431, 28, 0.5097455978393555, 0.4013645648956299, 0.34392428398132324, 0.046781986951828
431, 29, 0.5339103937149048, 0.3963879346847534, 0.35693633556365967, 0.0917811244726181
431, 30, 0.5112844109535217, 0.39676663279533386, 0.36403095722198486, 0.029414458200335503
431, 31, 0.5382751822471619, 0.4155929684638977, 0.33781564235687256, 0.08123566955327988
431, 32, 0.5102331042289734, 0.4179818034172058, 0.3465539515018463, 0.06445501744747162
432, 0, 0.5241866111755371, 0.390105277299881, -0.29538413882255554, 0.6639007329940796
432, 1, 0.5266106128692627, 0.38176584243774414, -0.3088003695011139, 0.8999559283256531
432, 2, 0.5285857915878296, 0.3805122673511505, -0.3088226020336151, 0.9067540168762207
432, 3, 0.5305412411689758, 0.37932032346725464, -0.3089368939399719, 0.9435455799102783
432, 4, 0.5207498669624329, 0.38211745023727417, -0.3058256506919861, 0.6800298094749451
432, 5, 0.5188690423965454, 0.3814969062805176, -0.30585113167762756, 0.5342867970466614
432, 6, 0.5169918537139893, 0.38093048334121704, -0.30584442615509033, 0.5769630074501038
432, 7, 0.5350020527839661, 0.36532342433929443, -0.30278655886650085, 0.9845249056816101
432, 8, 0.514127254486084, 0.3684861958026886, -0.2890999913215637, 0.8901185393333435
432, 9, 0.5281589031219482, 0.3867301642894745, -0.28415587544441223, 0.9153631925582886
432, 10, 0.5229095816612244, 0.3878006041049957, -0.2804185450077057, 0.834403932094574
432, 11, 0.5542713403701782, 0.34281036257743835, -0.25046852231025696, 0.9995561242103577
432, 12, 0.5007950663566589, 0.35273706912994385, -0.2200988233089447, 0.9217569828033447
432, 13, 0.5743194818496704, 0.4059337079524994, -0.2264297902584076, 0.9670262932777405
432, 14, 0.48894762992858887, 0.387317955493927, -0.15020695328712463, 0.39155352115631104
432, 15, 0.5834676027297974, 0.47290584444999695, -0.2529713213443756, 0.9591356515884399
432, 16, 0.5008739233016968, 0.4271255433559418, -0.12118087708950043, 0.136391282081604
432, 17, 0.5911016464233398, 0.48231324553489685, -0.2821893095970154, 0.882611870765686
432, 18, 0.49990779161453247, 0.43341854214668274, -0.13573752343654633, 0.11242067813873291
432, 19, 0.583462119102478, 0.4826450049877167, -0.2930767834186554, 0.8679715991020203
432, 20, 0.5046050548553467, 0.4307861626148224, -0.1449941247701645, 0.12139033526182175
432, 21, 0.5793802738189697, 0.48035648465156555, -0.2594177722930908, 0.8349522352218628
432, 22, 0.5063210725784302, 0.4288210868835449, -0.12492029368877411, 0.11422654986381531
432, 23, 0.5423036813735962, 0.38252386450767517, -0.005677619483321905, 0.9965711832046509
432, 24, 0.5121466517448425, 0.38080838322639465, 0.005798312369734049, 0.994428277015686
432, 25, 0.5435407161712646, 0.4057891368865967, 0.16454824805259705, 0.03650619462132454
432, 26, 0.49754205346107483, 0.39951154589653015, 0.18532098829746246, 0.08457701653242111
432, 27, 0.5360072255134583, 0.40245386958122253, 0.3763573169708252, 0.05242769420146942
432, 28, 0.5010364651679993, 0.40771788358688354, 0.3832363188266754, 0.07042767107486725
432, 29, 0.5327435731887817, 0.39740028977394104, 0.39866968989372253, 0.0894155204296112
432, 30, 0.5037441849708557, 0.40356186032295227, 0.40439945459365845, 0.05262414738535881
432, 31, 0.5396746397018433, 0.42151087522506714, 0.38310518860816956, 0.05226319283246994
432, 32, 0.5015031695365906, 0.4312679171562195, 0.3886449635028839, 0.06220390647649765
433, 0, 0.5202937722206116, 0.3979330360889435, -0.14021733403205872, 0.8765904903411865
433, 1, 0.5197136402130127, 0.40043893456459045, -0.1482418179512024, 0.9601330757141113
433, 2, 0.5197849869728088, 0.4001021087169647, -0.1482553333044052, 0.9620664119720459
433, 3, 0.519877016544342, 0.39976027607917786, -0.14830592274665833, 0.957788348197937
433, 4, 0.5186920762062073, 0.4013316333293915, -0.14500238001346588, 0.9473491311073303
433, 5, 0.5182117223739624, 0.4016135632991791, -0.14504410326480865, 0.9476389288902283
433, 6, 0.5177227258682251, 0.4018956422805786, -0.14507165551185608, 0.9460809230804443
433, 7, 0.5191205739974976, 0.39708268642425537, -0.15387199819087982, 0.9621124863624573
433, 8, 0.5154885053634644, 0.3993506133556366, -0.13937149941921234, 0.9695583581924438
433, 9, 0.5203052759170532, 0.3937038481235504, -0.1384458988904953, 0.9425097107887268
433, 10, 0.5194979310035706, 0.39462950825691223, -0.13431069254875183, 0.9395604729652405
433, 11, 0.521721363067627, 0.37992972135543823, -0.12967942655086517, 0.9939106702804565
433, 12, 0.5105741024017334, 0.3849283754825592, -0.10498299449682236, 0.9806108474731445
433, 13, 0.5248108506202698, 0.3708036243915558, -0.10486054420471191, 0.3462029993534088
433, 14, 0.5127235054969788, 0.38088852167129517, -0.06472241133451462, 0.03671981394290924
433, 15, 0.5268812775611877, 0.3939257264137268, -0.08035626262426376, 0.16637714207172394
433, 16, 0.5144058465957642, 0.40079638361930847, -0.02829894982278347, 0.024996114894747734
433, 17, 0.5287639498710632, 0.40122562646865845, -0.08803817629814148, 0.17541185021400452
433, 18, 0.5123552083969116, 0.40706902742385864, -0.02893936261534691, 0.03474697843194008
433, 19, 0.5269226431846619, 0.4023185670375824, -0.08921293914318085, 0.1784951239824295
433, 20, 0.5154153108596802, 0.40540605783462524, -0.03316149860620499, 0.03592173382639885
433, 21, 0.5258572697639465, 0.39925873279571533, -0.0806422308087349, 0.14317646622657776
433, 22, 0.5160827040672302, 0.4026359021663666, -0.029015716165304184, 0.039794277399778366
433, 23, 0.5288832187652588, 0.3350974917411804, -0.009958327747881413, 0.9973806738853455
433, 24, 0.5235083699226379, 0.3400196433067322, 0.010035386309027672, 0.9949613809585571
433, 25, 0.5369437336921692, 0.3632408678531647, 0.05279701203107834, 0.0898277536034584
433, 26, 0.5236755609512329, 0.3654938042163849, 0.07758421450853348, 0.04138411208987236
433, 27, 0.5390276908874512, 0.36687079071998596, 0.1530528962612152, 0.05256156623363495
433, 28, 0.532861053943634, 0.36892929673194885, 0.17799362540245056, 0.015960747376084328
433, 29, 0.5391687154769897, 0.36235567927360535, 0.16377216577529907, 0.03737112879753113
433, 30, 0.5333925485610962, 0.36580610275268555, 0.1889720857143402, 0.015491620637476444
433, 31, 0.5406692028045654, 0.3847590982913971, 0.16194909811019897, 0.05430290102958679
433, 32, 0.5380515456199646, 0.3805592358112335, 0.1919851005077362, 0.017765497788786888
434, 0, 0.5203559398651123, 0.36783158779144287, -0.12460829317569733, 0.9999845027923584
434, 1, 0.5225991010665894, 0.36544057726860046, -0.13243336975574493, 0.9999827146530151
434, 2, 0.5234417915344238, 0.36582276225090027, -0.132449209690094, 0.9999814033508301
434, 3, 0.5242796540260315, 0.3661770820617676, -0.13245609402656555, 0.9999814033508301
434, 4, 0.5208773016929626, 0.36475735902786255, -0.13452117145061493, 0.999985933303833
434, 5, 0.5203157067298889, 0.364449679851532, -0.13455674052238464, 0.9999876022338867
434, 6, 0.5197369456291199, 0.3641144335269928, -0.13458134233951569, 0.9999886751174927
434, 7, 0.527118980884552, 0.36544185876846313, -0.131554514169693, 0.9999886751174927
434, 8, 0.5205572247505188, 0.36180031299591064, -0.14254921674728394, 0.9999936819076538
434, 9, 0.5224977135658264, 0.36892426013946533, -0.12021143734455109, 0.9999909400939941
434, 10, 0.5199211239814758, 0.36734071373939514, -0.1235428899526596, 0.9999929666519165
434, 11, 0.5311339497566223, 0.37033355236053467, -0.1050790399312973, 0.9998828172683716
434, 12, 0.5189184546470642, 0.36429786682128906, -0.10469140857458115, 0.9999032020568848
434, 13, 0.5350142121315002, 0.4058738648891449, -0.0727153941988945, 0.8825970888137817
434, 14, 0.5153414607048035, 0.40760383009910583, -0.07456418871879578, 0.9196121096611023
434, 15, 0.554378867149353, 0.43486160039901733, -0.08792652934789658, 0.766761302947998
434, 16, 0.522024393081665, 0.4411376416683197, -0.06309451907873154, 0.8542883992195129
434, 17, 0.5602670311927795, 0.4440676271915436, -0.10001616179943085, 0.5485104918479919
434, 18, 0.5202069878578186, 0.45170724391937256, -0.07171250134706497, 0.7369050979614258
434, 19, 0.5575512647628784, 0.4481654167175293, -0.09852688014507294, 0.5502661466598511
434, 20, 0.5231040120124817, 0.4521147310733795, -0.07548387348651886, 0.7349207997322083
434, 21, 0.555528461933136, 0.44453588128089905, -0.08818410336971283, 0.36245667934417725
434, 22, 0.5239059329032898, 0.44797343015670776, -0.06486845016479492, 0.6586043238639832
434, 23, 0.5311993360519409, 0.35089224576950073, 0.0005133230588398874, 0.999941349029541
434, 24, 0.5281177163124084, 0.3488968014717102, -0.0005774740711785853, 0.9999319314956665
434, 25, 0.5243402123451233, 0.3954251706600189, 0.08928518742322922, 0.055106885731220245
434, 26, 0.525827944278717, 0.3999224305152893, 0.07807206362485886, 0.2809388339519501
434, 27, 0.5208190083503723, 0.4097745716571808, 0.20275576412677765, 0.1354265958070755
434, 28, 0.5376334190368652, 0.43287330865859985, 0.17852748930454254, 0.1820552498102188
434, 29, 0.5187836289405823, 0.4099924862384796, 0.2155448943376541, 0.09156379848718643
434, 30, 0.5371038913726807, 0.43443742394447327, 0.18882255256175995, 0.173707976937294
434, 31, 0.5239611864089966, 0.419237345457077, 0.20677277445793152, 0.19531308114528656
434, 32, 0.5459370613098145, 0.4475666582584381, 0.17245616018772125, 0.2957814633846283
435, 0, 0.5247167348861694, 0.3695187568664551, -0.17312011122703552, 0.9999936819076538
435, 1, 0.5281031727790833, 0.36696869134902954, -0.18305765092372894, 0.9999960660934448
435, 2, 0.5295335650444031, 0.36814579367637634, -0.18305754661560059, 0.9999947547912598
435, 3, 0.5309489369392395, 0.3693082928657532, -0.18307922780513763, 0.999996542930603
435, 4, 0.5240370035171509, 0.3639562726020813, -0.18296101689338684, 0.9999966621398926
435, 5, 0.5226196050643921, 0.36314740777015686, -0.18300199508666992, 0.9999953508377075
435, 6, 0.5211713314056396, 0.36230963468551636, -0.18305766582489014, 0.9999969005584717
435, 7, 0.5335908532142639, 0.3719935417175293, -0.18065068125724792, 0.9999959468841553
435, 8, 0.5190693140029907, 0.36156928539276123, -0.18196450173854828, 0.9999972581863403
435, 9, 0.5269170999526978, 0.37398430705070496, -0.16659444570541382, 0.9999964237213135
435, 10, 0.5217057466506958, 0.37032821774482727, -0.1670650988817215, 0.9999961853027344
435, 11, 0.5408380627632141, 0.39120224118232727, -0.14728796482086182, 0.9998456239700317
435, 12, 0.5086902379989624, 0.36638152599334717, -0.13922086358070374, 0.9998687505722046
435, 13, 0.5549795627593994, 0.4580857455730438, -0.14475390315055847, 0.9983096122741699
435, 14, 0.49187684059143066, 0.39484351873397827, -0.13101425766944885, 0.9048631191253662
435, 15, 0.5713119506835938, 0.5264490246772766, -0.15976090729236603, 0.9908782839775085
435, 16, 0.4702032208442688, 0.43220701813697815, -0.13539403676986694, 0.7074660658836365
435, 17, 0.5780758261680603, 0.5488618612289429, -0.17702823877334595, 0.9602953195571899
435, 18, 0.4588100016117096, 0.4405245780944824, -0.15186792612075806, 0.48798155784606934
435, 19, 0.571570634841919, 0.5470300316810608, -0.17282268404960632, 0.9610797762870789
435, 20, 0.46378764510154724, 0.44531431794166565, -0.15069133043289185, 0.49561190605163574
435, 21, 0.5687503218650818, 0.5374355316162109, -0.15956944227218628, 0.9029965996742249
435, 22, 0.4685032367706299, 0.44262582063674927, -0.1363164186477661, 0.39756548404693604
435, 23, 0.5366323590278625, 0.36524417996406555, 0.004605185240507126, 0.9999735355377197
435, 24, 0.5236884355545044, 0.3533615469932556, -0.0046273223124444485, 0.9999597072601318
435, 25, 0.5191382169723511, 0.41733548045158386, 0.10378050804138184, 0.08906170725822449
435, 26, 0.5086418390274048, 0.4101521670818329, 0.0773288682103157, 0.29010745882987976
435, 27, 0.5170046091079712, 0.408073753118515, 0.23163875937461853, 0.05671633407473564
435, 28, 0.5285480618476868, 0.41311347484588623, 0.2158278524875641, 0.05315234139561653
435, 29, 0.5171076655387878, 0.4043359160423279, 0.24682264029979706, 0.03878503665328026
435, 30, 0.5322688817977905, 0.41219085454940796, 0.23109397292137146, 0.03863923251628876
435, 31, 0.5128098130226135, 0.4152289032936096, 0.2505131959915161, 0.182230144739151
435, 32, 0.5272085070610046, 0.4198869466781616, 0.23201194405555725, 0.15456058084964752
436, 0, 0.524507462978363, 0.37251079082489014, -0.16492846608161926, 0.999964714050293
436, 1, 0.5265952348709106, 0.371334046125412, -0.17658255994319916, 0.999972939491272
436, 2, 0.5275018811225891, 0.3720944821834564, -0.17659413814544678, 0.9999704360961914
436, 3, 0.5284236073493958, 0.37282851338386536, -0.1766367256641388, 0.9999765157699585
436, 4, 0.5239827036857605, 0.36984044313430786, -0.17581519484519958, 0.9999754428863525
436, 5, 0.5229550004005432, 0.3694327771663666, -0.17584370076656342, 0.9999686479568481
436, 6, 0.5219036340713501, 0.36898329854011536, -0.17586219310760498, 0.9999732971191406
436, 7, 0.5302826762199402, 0.37542420625686646, -0.18265210092067719, 0.9999703168869019
436, 8, 0.5210123062133789, 0.368613064289093, -0.1793615221977234, 0.9999715089797974
436, 9, 0.526339054107666, 0.3749051094055176, -0.1610843688249588, 0.999963641166687
436, 10, 0.522700309753418, 0.37259259819984436, -0.16025088727474213, 0.9999566078186035
436, 11, 0.5388254523277283, 0.39117082953453064, -0.14945264160633087, 0.9998555183410645
436, 12, 0.5111781358718872, 0.3713553249835968, -0.1409885138273239, 0.9991570711135864
436, 13, 0.5533871650695801, 0.448275089263916, -0.13754981756210327, 0.9993581175804138
436, 14, 0.4949105381965637, 0.38266244530677795, -0.11844811588525772, 0.5484890341758728
436, 15, 0.5730094909667969, 0.5009762644767761, -0.151949942111969, 0.9964672327041626
436, 16, 0.4688881039619446, 0.4062787890434265, -0.11194863170385361, 0.4167459011077881
436, 17, 0.5784275531768799, 0.5203511118888855, -0.1698152720928192, 0.9848839044570923
436, 18, 0.45654335618019104, 0.41269028186798096, -0.1255861073732376, 0.3134844899177551
436, 19, 0.5748170614242554, 0.5221149921417236, -0.1658373773097992, 0.9838706254959106
436, 20, 0.4601249694824219, 0.41855722665786743, -0.12511852383613586, 0.3210143744945526
436, 21, 0.5725693702697754, 0.5136733651161194, -0.1515115201473236, 0.9486027359962463
436, 22, 0.46526193618774414, 0.41691526770591736, -0.1122448667883873, 0.22977325320243835
436, 23, 0.5355427861213684, 0.36293601989746094, 0.0012814104557037354, 0.9998644590377808
436, 24, 0.5236701369285583, 0.3572429120540619, -0.0012938068248331547, 0.9995105266571045
436, 25, 0.5247128009796143, 0.40998947620391846, 0.08518567681312561, 0.034089118242263794
436, 26, 0.5113731026649475, 0.41243118047714233, 0.08211341500282288, 0.10163697600364685
436, 27, 0.5239009261131287, 0.4218212962150574, 0.20870999991893768, 0.08733432739973068
436, 28, 0.527535080909729, 0.43010076880455017, 0.20085597038269043, 0.07261715084314346
436, 29, 0.5223007202148438, 0.42122405767440796, 0.22281809151172638, 0.045700255781412125
436, 30, 0.5287635922431946, 0.42966803908348083, 0.2135818898677826, 0.07548346370458603
436, 31, 0.5260644555091858, 0.43764233589172363, 0.21778783202171326, 0.1062798872590065
436, 32, 0.5329400300979614, 0.44512084126472473, 0.20483550429344177, 0.13238053023815155
437, 0, 0.5282049775123596, 0.34074339270591736, -0.1687217354774475, 0.99982088804245
437, 1, 0.5263822674751282, 0.34447646141052246, -0.1762697547674179, 0.9998712539672852
437, 2, 0.525323212146759, 0.3442498743534088, -0.17625372111797333, 0.9998776912689209
437, 3, 0.5242305994033813, 0.343989759683609, -0.1762632578611374, 0.9998620748519897
437, 4, 0.5300208926200867, 0.3469487428665161, -0.18025149405002594, 0.9997983574867249
437, 5, 0.5311385989189148, 0.3481075167655945, -0.18028348684310913, 0.9998272061347961
437, 6, 0.5322256088256836, 0.34919896721839905, -0.18027709424495697, 0.9997469782829285
437, 7, 0.5234584808349609, 0.34673967957496643, -0.16747015714645386, 0.9999411106109619
437, 8, 0.5349596738815308, 0.35363268852233887, -0.18650156259536743, 0.9998601675033569
437, 9, 0.5282865762710571, 0.3389680087566376, -0.16050875186920166, 0.9996870756149292
437, 10, 0.5309177041053772, 0.34025853872299194, -0.16623453795909882, 0.9995077848434448
437, 11, 0.5187425017356873, 0.3528231382369995, -0.1323007047176361, 0.9997027516365051
437, 12, 0.5403566360473633, 0.3681703805923462, -0.1430739313364029, 0.9993062019348145
437, 13, 0.5155172348022461, 0.380912184715271, -0.0733102336525917, 0.1765567511320114
437, 14, 0.5318933725357056, 0.42769715189933777, -0.10782676935195923, 0.9752352833747864
437, 15, 0.5305007696151733, 0.37679359316825867, -0.07895471155643463, 0.14667737483978271
437, 16, 0.5239858627319336, 0.4554608166217804, -0.08133077621459961, 0.8903614282608032
437, 17, 0.5308403372764587, 0.37402084469795227, -0.08799438178539276, 0.1056886538863182
437, 18, 0.5228700041770935, 0.46841904520988464, -0.08898565173149109, 0.7832770943641663
437, 19, 0.5330040454864502, 0.3813256025314331, -0.08732973039150238, 0.11494734138250351
437, 20, 0.5214065313339233, 0.46762776374816895, -0.08762992918491364, 0.7390309572219849
437, 21, 0.5340961813926697, 0.382697731256485, -0.07915425300598145, 0.07087455689907074
437, 22, 0.5210517048835754, 0.4616897702217102, -0.08055898547172546, 0.6368882656097412
437, 23, 0.5228344798088074, 0.36083894968032837, 0.0034954757429659367, 0.9994810223579407
437, 24, 0.5408859848976135, 0.3753446340560913, -0.0035382662899792194, 0.9996299743652344
437, 25, 0.517704427242279, 0.3914397060871124, 0.12663325667381287, 0.04605244845151901
437, 26, 0.5463250279426575, 0.4109289348125458, 0.1152186244726181, 0.24273300170898438
437, 27, 0.5100548267364502, 0.4162824749946594, 0.2526319622993469, 0.045362263917922974
437, 28, 0.5611543655395508, 0.46742919087409973, 0.2326679527759552, 0.1843305379152298
437, 29, 0.509021520614624, 0.422113835811615, 0.26692962646484375, 0.06584259122610092
437, 30, 0.5612871050834656, 0.47428810596466064, 0.2448931187391281, 0.19390147924423218
437, 31, 0.5140942335128784, 0.41026243567466736, 0.26175394654273987, 0.11884459853172302
437, 32, 0.5699419975280762, 0.47413256764411926, 0.23576144874095917, 0.28210222721099854
438, 0, 0.5246779918670654, 0.3922024071216583, -0.22074659168720245, 0.995631217956543
438, 1, 0.5257062315940857, 0.39311379194259644, -0.2249271124601364, 0.9970887303352356
438, 2, 0.5263904333114624, 0.39355215430259705, -0.2249513417482376, 0.9971709847450256
438, 3, 0.5270719528198242, 0.3939741253852844, -0.2249942272901535, 0.99616539478302
438, 4, 0.5232913494110107, 0.3910960853099823, -0.22435125708580017, 0.9981986880302429
438, 5, 0.5224803686141968, 0.3902326822280884, -0.2243998795747757, 0.9981744289398193
438, 6, 0.5216578841209412, 0.3893769681453705, -0.22446255385875702, 0.9975378513336182
438, 7, 0.5277414321899414, 0.39099130034446716, -0.20812661945819855, 0.995712161064148
438, 8, 0.5190539956092834, 0.3842502534389496, -0.20601102709770203, 0.9987257122993469
438, 9, 0.5253533124923706, 0.390262633562088, -0.20999082922935486, 0.9956381916999817
438, 10, 0.5228568315505981, 0.3877663016319275, -0.20935580134391785, 0.9956413507461548
438, 11, 0.5338019132614136, 0.37918952107429504, -0.1573730707168579, 0.9979460835456848
438, 12, 0.507580041885376, 0.3696250021457672, -0.15566672384738922, 0.9971413016319275
438, 13, 0.5519026517868042, 0.3714788556098938, -0.1315620392560959, 0.817924976348877
438, 14, 0.5056600570678711, 0.3624141812324524, -0.11252166330814362, 0.6358704566955566
438, 15, 0.5656852126121521, 0.3868657946586609, -0.12393073737621307, 0.9278910160064697
438, 16, 0.5024992823600769, 0.36871421337127686, -0.08482834696769714, 0.719490110874176
438, 17, 0.5709941983222961, 0.3926003873348236, -0.13633663952350616, 0.913996696472168
438, 18, 0.4975692629814148, 0.3684605360031128, -0.09290601313114166, 0.6764072775840759
438, 19, 0.5679795145988464, 0.3959863483905792, -0.1411179155111313, 0.9012517333030701
438, 20, 0.500058114528656, 0.3711469769477844, -0.09737759083509445, 0.6536306142807007
438, 21, 0.5650129318237305, 0.393209844827652, -0.12612837553024292, 0.8327603936195374
438, 22, 0.5028014779090881, 0.371380478143692, -0.08593585342168808, 0.5688059329986572
438, 23, 0.5343803763389587, 0.34260788559913635, -0.005200045183300972, 0.9995737671852112
438, 24, 0.5240481495857239, 0.33899399638175964, 0.0052128564566373825, 0.9987804293632507
438, 25, 0.5416358113288879, 0.37514278292655945, 0.06954607367515564, 0.12021190673112869
438, 26, 0.5266323685646057, 0.3653130829334259, 0.08101244270801544, 0.18182091414928436
438, 27, 0.5465546250343323, 0.3831882178783417, 0.1969325691461563, 0.28117355704307556
438, 28, 0.538247287273407, 0.37558844685554504, 0.21054336428642273, 0.09588784724473953
438, 29, 0.5480601787567139, 0.38072407245635986, 0.21026821434497833, 0.22375153005123138
438, 30, 0.5387545824050903, 0.372575581073761, 0.22435693442821503, 0.08901043981313705
438, 31, 0.5464988350868225, 0.40139421820640564, 0.2039223164319992, 0.21062463521957397
438, 32, 0.5430689454078674, 0.3923141062259674, 0.22084477543830872, 0.06495465338230133
439, 0, 0.5332534909248352, 0.33944255113601685, -0.15475010871887207, 0.9996196031570435
439, 1, 0.5299584865570068, 0.33956125378608704, -0.16414794325828552, 0.9996681213378906
439, 2, 0.5286322236061096, 0.3388434052467346, -0.1641615927219391, 0.9997711777687073
439, 3, 0.5272854566574097, 0.3381043076515198, -0.16421523690223694, 0.9996910095214844
439, 4, 0.5342350006103516, 0.3431885838508606, -0.16339445114135742, 0.9992194175720215
439, 5, 0.5353404879570007, 0.3446274697780609, -0.16344329714775085, 0.9994509816169739
439, 6, 0.5364409685134888, 0.3459964394569397, -0.16346654295921326, 0.9992087483406067
439, 7, 0.5226892828941345, 0.34139880537986755, -0.16454391181468964, 0.9999207258224487
439, 8, 0.5371841788291931, 0.3530247211456299, -0.1615406572818756, 0.9998132586479187
439, 9, 0.5317148566246033, 0.33948659896850586, -0.14967432618141174, 0.9995904564857483
439, 10, 0.5348259210586548, 0.3421163558959961, -0.14898304641246796, 0.9993582367897034
439, 11, 0.5096768736839294, 0.3498806953430176, -0.12862294912338257, 0.9997667670249939
439, 12, 0.5462656021118164, 0.38162630796432495, -0.13674618303775787, 0.9998231530189514
439, 13, 0.5021092891693115, 0.3769981265068054, -0.0885857567191124, 0.2914283275604248
439, 14, 0.560696542263031, 0.45598873496055603, -0.11769561469554901, 0.9396424293518066
439, 15, 0.5173659324645996, 0.374129980802536, -0.0966753363609314, 0.06554156541824341
439, 16, 0.5598342418670654, 0.47595152258872986, -0.11740050464868546, 0.3560163974761963
439, 17, 0.5177363157272339, 0.370025634765625, -0.10611741244792938, 0.04089711979031563
439, 18, 0.5613351464271545, 0.48725542426109314, -0.1275675743818283, 0.2072322517633438
439, 19, 0.5208163261413574, 0.3788779675960541, -0.10722120106220245, 0.04012822359800339
439, 20, 0.5576775074005127, 0.48375779390335083, -0.12759454548358917, 0.1897437572479248
439, 21, 0.5220292210578918, 0.3804452121257782, -0.09756547212600708, 0.023197004571557045
439, 22, 0.5561111569404602, 0.47819626331329346, -0.11765106767416, 0.1485750675201416
439, 23, 0.5175310969352722, 0.3688370883464813, -0.0009623251971788704, 0.9996438026428223
439, 24, 0.5406507849693298, 0.3834119141101837, 0.0009326179279014468, 0.9996740818023682
439, 25, 0.5142889618873596, 0.39759352803230286, 0.11738260090351105, 0.036547139286994934
439, 26, 0.5371594429016113, 0.4056258201599121, 0.11168140172958374, 0.09965356439352036
439, 27, 0.5123336911201477, 0.4171573519706726, 0.24093838036060333, 0.02221270464360714
439, 28, 0.5465190410614014, 0.4310641884803772, 0.23714394867420197, 0.03921160474419594
439, 29, 0.5140007734298706, 0.4221439063549042, 0.25442591309547424, 0.050623442977666855
439, 30, 0.5465863347053528, 0.43584468960762024, 0.25014033913612366, 0.07394076138734818
439, 31, 0.5121307373046875, 0.41487252712249756, 0.24902090430259705, 0.03888501971960068
439, 32, 0.5482543706893921, 0.43264055252075195, 0.24235181510448456, 0.0514167882502079
440, 0, 0.533676266670227, 0.41211968660354614, -0.22636112570762634, 0.9998897314071655
440, 1, 0.5382502675056458, 0.4035400450229645, -0.2332017868757248, 0.9998674392700195
440, 2, 0.5405029058456421, 0.40294966101646423, -0.23322074115276337, 0.9998464584350586
440, 3, 0.542756974697113, 0.40233829617500305, -0.23326687514781952, 0.9998779296875
440, 4, 0.5314216613769531, 0.402784526348114, -0.23287706077098846, 0.9998853206634521
440, 5, 0.529248058795929, 0.40171921253204346, -0.23289355635643005, 0.9998576641082764
440, 6, 0.5270653963088989, 0.40066277980804443, -0.23292715847492218, 0.9999115467071533
440, 7, 0.5468341112136841, 0.39159050583839417, -0.21503905951976776, 0.9997898936271667
440, 8, 0.5225943326950073, 0.3888012766838074, -0.21572640538215637, 0.9998608827590942
440, 9, 0.5361279845237732, 0.41021841764450073, -0.21412727236747742, 0.9998552799224854
440, 10, 0.5286251306533813, 0.40880119800567627, -0.21429619193077087, 0.9998663663864136
440, 11, 0.5562391877174377, 0.3950449228286743, -0.156507208943367, 0.998504638671875
440, 12, 0.5063312649726868, 0.3802167773246765, -0.16792190074920654, 0.9995763897895813
440, 13, 0.5689278244972229, 0.4416739046573639, -0.14381442964076996, 0.9629473686218262
440, 14, 0.48924127221107483, 0.4160268008708954, -0.1532941311597824, 0.941983699798584
440, 15, 0.5802924036979675, 0.5074318647384644, -0.18009264767169952, 0.9688119888305664
440, 16, 0.4839555621147156, 0.4705054759979248, -0.17342683672904968, 0.9431601762771606
440, 17, 0.5883069038391113, 0.5248256921768188, -0.20194928348064423, 0.9480633735656738
440, 18, 0.4755159020423889, 0.4858679175376892, -0.19849812984466553, 0.8971604108810425
440, 19, 0.5804965496063232, 0.5252079367637634, -0.20595523715019226, 0.9429696202278137
440, 20, 0.48366719484329224, 0.48721837997436523, -0.20233170688152313, 0.899770200252533
440, 21, 0.5763625502586365, 0.5175031423568726, -0.1834961473941803, 0.8782792687416077
440, 22, 0.48753732442855835, 0.48115968704223633, -0.17711013555526733, 0.8571525812149048
440, 23, 0.5447352528572083, 0.3623296618461609, 0.008298829197883606, 0.9993218183517456
440, 24, 0.521914541721344, 0.34754034876823425, -0.008262026123702526, 0.9994051456451416
440, 25, 0.5258577466011047, 0.44117262959480286, 0.10603676736354828, 0.07850565761327744
440, 26, 0.49958935379981995, 0.42636024951934814, 0.07602989673614502, 0.21721512079238892
440, 27, 0.5021234750747681, 0.4304773509502411, 0.2530200779438019, 0.042364753782749176
440, 28, 0.49811047315597534, 0.41745102405548096, 0.235809326171875, 0.05844801664352417
440, 29, 0.4990796148777008, 0.4238559603691101, 0.2696515619754791, 0.049615129828453064
440, 30, 0.4995521605014801, 0.41321346163749695, 0.25356343388557434, 0.045965008437633514
440, 31, 0.49439501762390137, 0.4491712749004364, 0.2667473554611206, 0.0881209746003151
440, 32, 0.49317002296447754, 0.4356384575366974, 0.24823574721813202, 0.08131646364927292
441, 0, 0.5328935980796814, 0.40150946378707886, -0.24351036548614502, 0.9999399185180664
441, 1, 0.5373243689537048, 0.39347952604293823, -0.2519794702529907, 0.9999442100524902
441, 2, 0.5395543575286865, 0.39344167709350586, -0.25198987126350403, 0.9999325275421143
441, 3, 0.5417870283126831, 0.39337286353111267, -0.2520565092563629, 0.9999560117721558
441, 4, 0.5307314395904541, 0.39124733209609985, -0.2519662082195282, 0.9999570846557617
441, 5, 0.5286098718643188, 0.3897332549095154, -0.2519778609275818, 0.999933123588562
441, 6, 0.5264708995819092, 0.38822662830352783, -0.25200125575065613, 0.9999550580978394
441, 7, 0.5457124710083008, 0.38386717438697815, -0.23614728450775146, 0.9998927116394043
441, 8, 0.5220995545387268, 0.37574225664138794, -0.23815464973449707, 0.9999397993087769
441, 9, 0.5353096723556519, 0.40045055747032166, -0.2313460409641266, 0.9999257326126099
441, 10, 0.5277742743492126, 0.39763548970222473, -0.2320452183485031, 0.9999285936355591
441, 11, 0.5573244690895081, 0.39391329884529114, -0.18077465891838074, 0.9990184307098389
441, 12, 0.504676878452301, 0.36686986684799194, -0.18635189533233643, 0.9994775652885437
441, 13, 0.5697323083877563, 0.45134496688842773, -0.17735809087753296, 0.9799327850341797
441, 14, 0.47946614027023315, 0.3948848247528076, -0.16767315566539764, 0.9383046627044678
441, 15, 0.5751931071281433, 0.5348727703094482, -0.21585938334465027, 0.9908361434936523
441, 16, 0.46107950806617737, 0.43933960795402527, -0.18519701063632965, 0.9219129681587219
441, 17, 0.5826218128204346, 0.5584743022918701, -0.23995521664619446, 0.983135998249054
441, 18, 0.4508717954158783, 0.450194388628006, -0.21220533549785614, 0.8695915341377258
441, 19, 0.5741720199584961, 0.557209312915802, -0.2456602305173874, 0.982619047164917
441, 20, 0.45760592818260193, 0.4524073600769043, -0.21240846812725067, 0.8717687726020813
441, 21, 0.5699039697647095, 0.546781063079834, -0.2200033962726593, 0.9542079567909241
441, 22, 0.4619100093841553, 0.4486255645751953, -0.18752259016036987, 0.8129382133483887
441, 23, 0.5463865399360657, 0.36062347888946533, 0.008157376199960709, 0.9991588592529297
441, 24, 0.5223562717437744, 0.3465018570423126, -0.008107438683509827, 0.9991915822029114
441, 25, 0.5342221856117249, 0.4382822811603546, 0.1054910197854042, 0.09966139495372772
441, 26, 0.5006726980209351, 0.4253380596637726, 0.0798117071390152, 0.2449808567762375
441, 27, 0.5123922824859619, 0.4336581230163574, 0.26410308480262756, 0.03930544853210449
441, 28, 0.49651163816452026, 0.4219508171081543, 0.24755673110485077, 0.05971573293209076
441, 29, 0.5086079239845276, 0.4290153980255127, 0.28174230456352234, 0.03444227948784828
441, 30, 0.49681511521339417, 0.4196561276912689, 0.2656923234462738, 0.03520474582910538
441, 31, 0.507844865322113, 0.452992707490921, 0.27213698625564575, 0.11308108270168304
441, 32, 0.4927295744419098, 0.44079285860061646, 0.2557828426361084, 0.10626419633626938
442, 0, 0.5229324698448181, 0.40067702531814575, -0.15186674892902374, 0.9409061074256897
442, 1, 0.522457480430603, 0.4008879065513611, -0.15620113909244537, 0.9428602457046509
442, 2, 0.5225371718406677, 0.40056613087654114, -0.15620501339435577, 0.9318625330924988
442, 3, 0.522630512714386, 0.400216281414032, -0.15624788403511047, 0.9518988728523254
442, 4, 0.5217944979667664, 0.401027649641037, -0.15613633394241333, 0.9351992011070251
442, 5, 0.521490216255188, 0.4008887708187103, -0.15621058642864227, 0.9270888566970825
442, 6, 0.5211693644523621, 0.40074270963668823, -0.15626512467861176, 0.9381877779960632
442, 7, 0.5218044519424438, 0.39570504426956177, -0.14657782018184662, 0.9276977777481079
442, 8, 0.5192813277244568, 0.39638498425483704, -0.14589127898216248, 0.945830225944519
442, 9, 0.5230472683906555, 0.3969830274581909, -0.14489877223968506, 0.9814541935920715
442, 10, 0.5224185585975647, 0.39693593978881836, -0.144762322306633, 0.9801692366600037
442, 11, 0.5255511999130249, 0.38219624757766724, -0.11780287325382233, 0.9960386753082275
442, 12, 0.5161593556404114, 0.382368266582489, -0.10609979927539825, 0.9974632263183594
442, 13, 0.5411630868911743, 0.39645513892173767, -0.09188830107450485, 0.18190903961658478
442, 14, 0.526500940322876, 0.3936023712158203, -0.09339549392461777, 0.37406787276268005
442, 15, 0.5554792881011963, 0.41981378197669983, -0.07325160503387451, 0.16325238347053528
442, 16, 0.5329490303993225, 0.4049603044986725, -0.09326188266277313, 0.3257339894771576
442, 17, 0.561332106590271, 0.4239042401313782, -0.078597791492939, 0.23137910664081573
442, 18, 0.5327314734458923, 0.4055619239807129, -0.10105059295892715, 0.3106343150138855
442, 19, 0.5587654709815979, 0.42737656831741333, -0.08246080577373505, 0.2173701673746109
442, 20, 0.5335804224014282, 0.40776219964027405, -0.10569846630096436, 0.2805483341217041
442, 21, 0.5562768578529358, 0.42545998096466064, -0.07449425756931305, 0.19942353665828705
442, 22, 0.534214973449707, 0.4069123864173889, -0.09520931541919708, 0.2285047024488449
442, 23, 0.5352411866188049, 0.33366307616233826, -0.007571047637611628, 0.9994667172431946
442, 24, 0.5306349992752075, 0.337051123380661, 0.007612860295921564, 0.9991917014122009
442, 25, 0.5529137849807739, 0.38441887497901917, -0.00994139350950718, 0.5325701236724854
442, 26, 0.54535311460495, 0.3844468295574188, -0.01777314580976963, 0.3485787808895111
442, 27, 0.569110095500946, 0.4112388491630554, 0.04851910471916199, 0.3608112931251526
442, 28, 0.5686753988265991, 0.41165822744369507, 0.01606200449168682, 0.1423569619655609
442, 29, 0.5704786777496338, 0.41109174489974976, 0.05471246689558029, 0.21116310358047485
442, 30, 0.5717340707778931, 0.40921512246131897, 0.01958870328962803, 0.13978919386863708
442, 31, 0.5747954845428467, 0.43493083119392395, 0.043405067175626755, 0.3466252386569977
442, 32, 0.5744092464447021, 0.4363633990287781, 0.003745131194591522, 0.147738516330719
443, 0, 0.5274073481559753, 0.3845251202583313, -0.22971110045909882, 0.9991462230682373
443, 1, 0.5308579206466675, 0.3832325339317322, -0.23881009221076965, 0.9989919066429138
443, 2, 0.5323718190193176, 0.3843960762023926, -0.23886680603027344, 0.9986470341682434
443, 3, 0.5338810682296753, 0.38547834753990173, -0.23895879089832306, 0.9991685152053833
443, 4, 0.5264422297477722, 0.3794245719909668, -0.2390219271183014, 0.9994211196899414
443, 5, 0.5250090956687927, 0.3778952360153198, -0.23903505504131317, 0.9991378784179688
443, 6, 0.5235415697097778, 0.37632080912590027, -0.2390764057636261, 0.9992730021476746
443, 7, 0.5368009209632874, 0.3845520317554474, -0.23350147902965546, 0.998012900352478
443, 8, 0.5214408040046692, 0.3708517849445343, -0.23358049988746643, 0.9993029832839966
443, 9, 0.5294211506843567, 0.3862176537513733, -0.2215561866760254, 0.9995545744895935
443, 10, 0.5240305066108704, 0.381388396024704, -0.22166717052459717, 0.9993636012077332
443, 11, 0.5480589866638184, 0.3959929049015045, -0.1856687068939209, 0.9989824891090393
443, 12, 0.507012665271759, 0.3656163215637207, -0.18355505168437958, 0.9973537921905518
443, 13, 0.5585395097732544, 0.43756648898124695, -0.1791781783103943, 0.9966927766799927
443, 14, 0.4948292672634125, 0.3777589499950409, -0.16605210304260254, 0.9425625801086426
443, 15, 0.571987509727478, 0.48602989315986633, -0.19264425337314606, 0.994746744632721
443, 16, 0.48003965616226196, 0.39999252557754517, -0.16917940974235535, 0.9201713800430298
443, 17, 0.5780182480812073, 0.5035807490348816, -0.2118254005908966, 0.9864452481269836
443, 18, 0.47032028436660767, 0.4055473804473877, -0.1895396113395691, 0.7913175225257874
443, 19, 0.573091983795166, 0.504187822341919, -0.21482081711292267, 0.9832830429077148
443, 20, 0.4750986099243164, 0.4100433886051178, -0.19153721630573273, 0.7683357000350952
443, 21, 0.5700533390045166, 0.4963410198688507, -0.1952647715806961, 0.9568917751312256
443, 22, 0.47979044914245605, 0.40871748328208923, -0.1711498498916626, 0.7149081826210022
443, 23, 0.5451293587684631, 0.3598547577857971, -0.0028419673908501863, 0.9999500513076782
443, 24, 0.5252812504768372, 0.35116857290267944, 0.0029379811603575945, 0.9996923208236694
443, 25, 0.5447619557380676, 0.4216248095035553, 0.05942962318658829, 0.3584124445915222
443, 26, 0.5176662802696228, 0.4197496771812439, 0.0732688456773758, 0.1570587158203125
443, 27, 0.550516664981842, 0.4343843162059784, 0.2008632868528366, 0.1488831341266632
443, 28, 0.5322571992874146, 0.4286293387413025, 0.21069753170013428, 0.033090196549892426
443, 29, 0.5511710047721863, 0.4320087730884552, 0.2165457010269165, 0.15540316700935364
443, 30, 0.5339060425758362, 0.4245109260082245, 0.2247474491596222, 0.03668991103768349
443, 31, 0.5504924058914185, 0.45777440071105957, 0.21554391086101532, 0.18032875657081604
443, 32, 0.5351668000221252, 0.45003509521484375, 0.220921128988266, 0.057157110422849655
444, 0, 0.5369337201118469, 0.378815233707428, 0.12232427299022675, 0.8622134923934937
444, 1, 0.5331239700317383, 0.3791753947734833, 0.1295311450958252, 0.7191891670227051
444, 2, 0.5316894054412842, 0.3778495788574219, 0.12955541908740997, 0.8650769591331482
444, 3, 0.5302770733833313, 0.3764369487762451, 0.12949404120445251, 0.8325637578964233
444, 4, 0.5375050902366638, 0.3829690217971802, 0.12999789416790009, 0.4657241106033325
444, 5, 0.5388799905776978, 0.3838033974170685, 0.12997035682201385, 0.5689250230789185
444, 6, 0.5402439832687378, 0.3845375180244446, 0.12993362545967102, 0.4186880588531494
444, 7, 0.5266698598861694, 0.37064775824546814, 0.15755178034305573, 0.9227660894393921
444, 8, 0.5419188737869263, 0.38413065671920776, 0.1611703336238861, 0.8088788986206055
444, 9, 0.5347864627838135, 0.3741912543773651, 0.13238754868507385, 0.97897869348526
444, 10, 0.5391156077384949, 0.3770695924758911, 0.13332319259643555, 0.9419110417366028
444, 11, 0.5144469738006592, 0.35444408655166626, 0.14648130536079407, 0.9996010661125183
444, 12, 0.5478404760360718, 0.39625465869903564, 0.14608325064182281, 0.9996247291564941
444, 13, 0.5025366544723511, 0.3450588583946228, 0.11793098598718643, 0.25008147954940796
444, 14, 0.5636811852455139, 0.4294441342353821, 0.1066829115152359, 0.2663990557193756
444, 15, 0.5046284794807434, 0.3673977851867676, 0.09466983377933502, 0.09016813337802887
444, 16, 0.5698504447937012, 0.454602986574173, 0.0923236683011055, 0.5186712145805359
444, 17, 0.5060000419616699, 0.37090519070625305, 0.08975397050380707, 0.13188505172729492
444, 18, 0.5726742744445801, 0.46142369508743286, 0.08739085495471954, 0.6425915360450745
444, 19, 0.505871057510376, 0.3809329867362976, 0.0908009335398674, 0.10046421736478806
444, 20, 0.5698415040969849, 0.465257465839386, 0.08808951824903488, 0.5357826948165894
444, 21, 0.506184458732605, 0.37960973381996155, 0.09462388604879379, 0.10669400542974472
444, 22, 0.5678784251213074, 0.4617655575275421, 0.09245812892913818, 0.5285432934761047
444, 23, 0.5220071077346802, 0.3527848422527313, -0.0014345592353492975, 0.9850252270698547
444, 24, 0.5416632890701294, 0.37272563576698303, 0.001456823549233377, 0.9864895343780518
444, 25, 0.5182916522026062, 0.3768124580383301, -0.06595280766487122, 0.9848366379737854
444, 26, 0.5475130677223206, 0.4034162163734436, -0.09792105108499527, 0.9880222082138062
444, 27, 0.5122113227844238, 0.39140498638153076, -0.19283224642276764, 0.12364291399717331
444, 28, 0.5447155833244324, 0.4302983283996582, -0.22770074009895325, 0.5944055914878845
444, 29, 0.5133942365646362, 0.38264966011047363, -0.210181325674057, 0.7858349084854126
444, 30, 0.5435327291488647, 0.4222639799118042, -0.244350403547287, 0.9977032542228699
444, 31, 0.5110267996788025, 0.4261450469493866, -0.23361340165138245, 0.8647367358207703
444, 32, 0.5406109690666199, 0.45775631070137024, -0.2672528624534607, 0.991665780544281
445, 0, 0.5360123515129089, 0.3386576175689697, -0.35020166635513306, 0.9997856020927429
445, 1, 0.5315468311309814, 0.34134671092033386, -0.3649755120277405, 0.9999011754989624
445, 2, 0.529695451259613, 0.34011733531951904, -0.3649402856826782, 0.9998781681060791
445, 3, 0.527799665927887, 0.33881500363349915, -0.3649636507034302, 0.9998693466186523
445, 4, 0.5366725325584412, 0.34674474596977234, -0.36410167813301086, 0.9997900128364563
445, 5, 0.5382550954818726, 0.3490116000175476, -0.36416327953338623, 0.9997220635414124
445, 6, 0.5398759841918945, 0.3512130081653595, -0.3640999495983124, 0.9996621608734131
445, 7, 0.5237832069396973, 0.34090396761894226, -0.3474899232387543, 0.9999332427978516
445, 8, 0.5411036610603333, 0.3584110140800476, -0.343323677778244, 0.9998051524162292
445, 9, 0.5341602563858032, 0.33600735664367676, -0.3329176604747772, 0.9995236396789551
445, 10, 0.5391343235969543, 0.340812623500824, -0.3319840133190155, 0.9990164041519165
445, 11, 0.5133795142173767, 0.3452366590499878, -0.26615461707115173, 0.9992285966873169
445, 12, 0.5491145849227905, 0.3944852650165558, -0.27253079414367676, 0.9975517392158508
445, 13, 0.4998929500579834, 0.3477754592895508, -0.1839139461517334, 0.8566884994506836
445, 14, 0.5682528018951416, 0.4693165123462677, -0.2184825837612152, 0.9896408915519714
445, 15, 0.521547794342041, 0.3402385413646698, -0.17924357950687408, 0.47168445587158203
445, 16, 0.568996250629425, 0.49089398980140686, -0.21020790934562683, 0.8910641670227051
445, 17, 0.5230627655982971, 0.3346134424209595, -0.20085108280181885, 0.3847118616104126
445, 18, 0.5716922283172607, 0.5063321590423584, -0.23617449402809143, 0.714134156703949
445, 19, 0.5277608633041382, 0.3478078246116638, -0.20598308742046356, 0.34288620948791504
445, 20, 0.5682902932167053, 0.5011500716209412, -0.24153128266334534, 0.6915601491928101
445, 21, 0.527900218963623, 0.34939002990722656, -0.1818230003118515, 0.2379790097475052
445, 22, 0.5673750638961792, 0.4927389919757843, -0.2134864777326584, 0.6363409757614136
445, 23, 0.5185158848762512, 0.3643035590648651, -0.003635310335084796, 0.9987697005271912
445, 24, 0.5427696108818054, 0.3897472321987152, 0.003702431218698621, 0.9991494417190552
445, 25, 0.5145483613014221, 0.39982086420059204, 0.23643498122692108, 0.017505915835499763
445, 26, 0.5434713363647461, 0.41987231373786926, 0.22500982880592346, 0.06717052310705185
445, 27, 0.5070402026176453, 0.4351896643638611, 0.47504177689552307, 0.056217342615127563
445, 28, 0.5576157569885254, 0.4722294807434082, 0.44885867834091187, 0.05900287628173828
445, 29, 0.5076189637184143, 0.4448431134223938, 0.5027258396148682, 0.09204136580228806
445, 30, 0.5584747791290283, 0.48122599720954895, 0.4742388129234314, 0.08365487307310104
445, 31, 0.5086514949798584, 0.43216291069984436, 0.5152370929718018, 0.03771187737584114
445, 32, 0.5624043345451355, 0.47799062728881836, 0.4822812080383301, 0.029474202543497086
446, 0, 0.5276641249656677, 0.389718234539032, -0.2090398371219635, 0.9999681711196899
446, 1, 0.5300192832946777, 0.3879901170730591, -0.22073182463645935, 0.9999788999557495
446, 2, 0.5310969948768616, 0.38899117708206177, -0.22074182331562042, 0.9999746084213257
446, 3, 0.5321711897850037, 0.38995087146759033, -0.22080011665821075, 0.9999808073043823
446, 4, 0.5266830325126648, 0.3853364586830139, -0.2186545431613922, 0.9999843835830688
446, 5, 0.5253721475601196, 0.3844064176082611, -0.21868352591991425, 0.9999786615371704
446, 6, 0.5240423083305359, 0.38344937562942505, -0.21871212124824524, 0.9999839067459106
446, 7, 0.5335946679115295, 0.3913997709751129, -0.2203158140182495, 0.9999638795852661
446, 8, 0.5217397212982178, 0.3811459541320801, -0.2113812267780304, 0.9999803304672241
446, 9, 0.5290543437004089, 0.39182689785957336, -0.2021600753068924, 0.9999585151672363
446, 10, 0.5247136950492859, 0.3883131146430969, -0.19963660836219788, 0.9999521970748901
446, 11, 0.5433251857757568, 0.40425702929496765, -0.17586369812488556, 0.9996670484542847
446, 12, 0.5090849995613098, 0.3784499168395996, -0.16881701350212097, 0.9990276098251343
446, 13, 0.5604532957077026, 0.46382805705070496, -0.1645321249961853, 0.9994351267814636
446, 14, 0.4911242127418518, 0.39111390709877014, -0.1450900435447693, 0.7509804368019104
446, 15, 0.5789227485656738, 0.530280351638794, -0.17385971546173096, 0.9969390630722046
446, 16, 0.46447664499282837, 0.4162502586841583, -0.14009292423725128, 0.5084726214408875
446, 17, 0.5842610597610474, 0.555322527885437, -0.19304299354553223, 0.9870932698249817
446, 18, 0.4506703019142151, 0.4239155650138855, -0.15735256671905518, 0.3548870384693146
446, 19, 0.5790625214576721, 0.5549736022949219, -0.1893494427204132, 0.9859353303909302
446, 20, 0.45484834909439087, 0.42794033885002136, -0.15590953826904297, 0.36227089166641235
446, 21, 0.5765500068664551, 0.5441263914108276, -0.17371149361133575, 0.9549910426139832
446, 22, 0.46104899048805237, 0.4258662462234497, -0.1403481513261795, 0.2757434546947479
446, 23, 0.5393837094306946, 0.36696597933769226, 0.003626154735684395, 0.9999136924743652
446, 24, 0.5249205827713013, 0.35730621218681335, -0.0036882241256535053, 0.9997417330741882
446, 25, 0.525107741355896, 0.41523733735084534, 0.10408242046833038, 0.06841035932302475
446, 26, 0.5104638934135437, 0.41335976123809814, 0.08623895049095154, 0.18814383447170258
446, 27, 0.5284987688064575, 0.4149312674999237, 0.24426129460334778, 0.0792556032538414
446, 28, 0.5281299948692322, 0.4121687710285187, 0.232640340924263, 0.03829289972782135
446, 29, 0.5282139182090759, 0.4114636182785034, 0.2612415850162506, 0.038729868829250336
446, 30, 0.53028804063797, 0.4084053933620453, 0.24928715825080872, 0.03263553977012634
446, 31, 0.5276464223861694, 0.4316754937171936, 0.26678818464279175, 0.10473824292421341
446, 32, 0.5294169783592224, 0.4234929084777832, 0.2541017532348633, 0.07537899911403656
447, 0, 0.5316503643989563, 0.37548404932022095, -0.24104717373847961, 0.9771738052368164
447, 1, 0.5290765762329102, 0.37771713733673096, -0.25252601504325867, 0.9827331304550171
447, 2, 0.5281558036804199, 0.377424955368042, -0.25252556800842285, 0.9759818315505981
447, 3, 0.5272356867790222, 0.3770875632762909, -0.25255829095840454, 0.9793062210083008
447, 4, 0.531252384185791, 0.37930941581726074, -0.251620888710022, 0.9891687631607056
447, 5, 0.5317949652671814, 0.37986209988594055, -0.2516818344593048, 0.9876003265380859
447, 6, 0.532335638999939, 0.38039788603782654, -0.2517547905445099, 0.9899835586547852
447, 7, 0.5239370465278625, 0.37799546122550964, -0.24937880039215088, 0.9855459928512573
447, 8, 0.5310038328170776, 0.38272836804389954, -0.24597740173339844, 0.9962303042411804
447, 9, 0.5301529765129089, 0.37363070249557495, -0.23278185725212097, 0.9915326237678528
447, 10, 0.5321336984634399, 0.3744369149208069, -0.23199577629566193, 0.9948722720146179
447, 11, 0.5156959891319275, 0.37471282482147217, -0.1993838995695114, 0.9942333102226257
447, 12, 0.5360242128372192, 0.3889917731285095, -0.19348925352096558, 0.9974349141120911
447, 13, 0.5190626978874207, 0.37496185302734375, -0.15836453437805176, 0.4301503598690033
447, 14, 0.5513186454772949, 0.40153777599334717, -0.15828746557235718, 0.7158997058868408
447, 15, 0.5392169952392578, 0.3995140790939331, -0.1477561891078949, 0.24338746070861816
447, 16, 0.5577992796897888, 0.38978657126426697, -0.14754942059516907, 0.39486727118492126
447, 17, 0.5442736148834229, 0.40704524517059326, -0.16049940884113312, 0.14829041063785553
447, 18, 0.5599004030227661, 0.39051052927970886, -0.1604590117931366, 0.21848760545253754
447, 19, 0.5437793731689453, 0.4140058755874634, -0.1577378809452057, 0.13695311546325684
447, 20, 0.5573026537895203, 0.3898382782936096, -0.1652137190103531, 0.21406280994415283
447, 21, 0.5422353148460388, 0.4101678133010864, -0.14671877026557922, 0.08803606778383255
447, 22, 0.556405246257782, 0.38888809084892273, -0.1499653160572052, 0.1751449704170227
447, 23, 0.5261315703392029, 0.3563254177570343, -0.0030567473731935024, 0.9975451827049255
447, 24, 0.5374259948730469, 0.3683314919471741, 0.0030632170382887125, 0.9989550113677979
447, 25, 0.5266162157058716, 0.37427788972854614, 0.13688817620277405, 0.029117295518517494
447, 26, 0.5400817394256592, 0.39881864190101624, 0.11661424487829208, 0.07260796427726746
447, 27, 0.5302398204803467, 0.3986603617668152, 0.30874383449554443, 0.024588333442807198
447, 28, 0.5512105822563171, 0.4242246747016907, 0.23849396407604218, 0.03252018243074417
447, 29, 0.5289681553840637, 0.40303462743759155, 0.32787781953811646, 0.017074134200811386
447, 30, 0.5510789155960083, 0.4257540702819824, 0.2514232099056244, 0.03352076932787895
447, 31, 0.53462153673172, 0.4022771716117859, 0.32431837916374207, 0.03450081869959831
447, 32, 0.5575245022773743, 0.4334065020084381, 0.23855921626091003, 0.05466353893280029
448, 0, 0.5318146347999573, 0.4176293611526489, -0.28439706563949585, 0.9998261332511902
448, 1, 0.5379980206489563, 0.412209689617157, -0.2911868691444397, 0.9998670816421509
448, 2, 0.5404157042503357, 0.412964403629303, -0.29120030999183655, 0.9998384714126587
448, 3, 0.5428351163864136, 0.41364747285842896, -0.29128268361091614, 0.9998606443405151
448, 4, 0.5311227440834045, 0.4084412157535553, -0.2912425398826599, 0.9998809099197388
448, 5, 0.5290143489837646, 0.40659892559051514, -0.2912481725215912, 0.9998196959495544
448, 6, 0.5268771052360535, 0.4047587811946869, -0.2912440001964569, 0.9998407363891602
448, 7, 0.5491023659706116, 0.4034581184387207, -0.2639786899089813, 0.999470055103302
448, 8, 0.5235247015953064, 0.38975989818573, -0.265290766954422, 0.9997790455818176
448, 9, 0.5344132781028748, 0.41604846715927124, -0.2675343453884125, 0.9997071623802185
448, 10, 0.5267982482910156, 0.41131237149238586, -0.2679257392883301, 0.999702513217926
448, 11, 0.5637890100479126, 0.40964561700820923, -0.18932223320007324, 0.9971135854721069
448, 12, 0.4998708665370941, 0.37259745597839355, -0.2021978348493576, 0.9971068501472473
448, 13, 0.571270227432251, 0.4774712324142456, -0.17920300364494324, 0.9284059405326843
448, 14, 0.4744206368923187, 0.43136557936668396, -0.18311026692390442, 0.9553009271621704
448, 15, 0.561535656452179, 0.5658611059188843, -0.23036673665046692, 0.9868190288543701
448, 16, 0.4520859122276306, 0.5013476610183716, -0.20959846675395966, 0.97206050157547
448, 17, 0.5645015239715576, 0.5925736427307129, -0.25962555408477783, 0.9763384461402893
448, 18, 0.44074147939682007, 0.5187258720397949, -0.24165602028369904, 0.9489507675170898
448, 19, 0.5545058846473694, 0.5906428694725037, -0.2691502273082733, 0.9782165288925171
448, 20, 0.44868189096450806, 0.5208213329315186, -0.24377918243408203, 0.9501203894615173
448, 21, 0.5517160296440125, 0.5783864259719849, -0.237128347158432, 0.9579534530639648
448, 22, 0.4540459215641022, 0.5149010419845581, -0.21304674446582794, 0.9280860424041748
448, 23, 0.5514296889305115, 0.3573938012123108, 0.008993048220872879, 0.9971586465835571
448, 24, 0.5220935344696045, 0.33943599462509155, -0.008945596404373646, 0.9983100891113281
448, 25, 0.5476321578025818, 0.44623950123786926, 0.11474235355854034, 0.05298123508691788
448, 26, 0.5006364583969116, 0.44677379727363586, 0.07762710750102997, 0.27508237957954407
448, 27, 0.5177335739135742, 0.4621729850769043, 0.30649855732917786, 0.038142528384923935
448, 28, 0.4953879714012146, 0.45281508564949036, 0.2658155858516693, 0.07894911617040634
448, 29, 0.5101882815361023, 0.4589303731918335, 0.3279392719268799, 0.03244242072105408
448, 30, 0.49364012479782104, 0.4483393728733063, 0.2852170169353485, 0.0633476972579956
448, 31, 0.5133177638053894, 0.48823249340057373, 0.3156639635562897, 0.15177828073501587
448, 32, 0.4944009780883789, 0.47785279154777527, 0.26935210824012756, 0.18613845109939575
449, 0, 0.5253846645355225, 0.42049849033355713, -0.3967253267765045, 0.999956488609314
449, 1, 0.5325376987457275, 0.4132734537124634, -0.40086108446121216, 0.9999650716781616
449, 2, 0.5355743169784546, 0.41404542326927185, -0.40084514021873474, 0.9999492168426514
449, 3, 0.5386258363723755, 0.41469234228134155, -0.40092915296554565, 0.9999581575393677
449, 4, 0.5238075852394104, 0.40919139981269836, -0.40133053064346313, 0.9999654293060303
449, 5, 0.5211024284362793, 0.407220721244812, -0.40136417746543884, 0.9999438524246216
449, 6, 0.5183696150779724, 0.4052630066871643, -0.4013671278953552, 0.9999581575393677
449, 7, 0.5460054874420166, 0.39999473094940186, -0.3477957546710968, 0.9997695088386536
449, 8, 0.5069911479949951, 0.383645236492157, -0.3500453531742096, 0.9999222755432129
449, 9, 0.5286608338356018, 0.41753801703453064, -0.36957260966300964, 0.9998927116394043
449, 10, 0.5194164514541626, 0.4123607277870178, -0.37014758586883545, 0.9998874664306641
449, 11, 0.5657380819320679, 0.3971877098083496, -0.25429555773735046, 0.9972742199897766
449, 12, 0.48228272795677185, 0.3577198386192322, -0.26943087577819824, 0.9991273283958435
449, 13, 0.5794080495834351, 0.47204285860061646, -0.2516818642616272, 0.9142228364944458
449, 14, 0.4572969079017639, 0.4302547872066498, -0.26139333844184875, 0.9870672821998596
449, 15, 0.5641371607780457, 0.5565246343612671, -0.3370893895626068, 0.9834391474723816
449, 16, 0.4505869448184967, 0.5265711545944214, -0.32455700635910034, 0.9939914345741272
449, 17, 0.5640438795089722, 0.5784467458724976, -0.3763422966003418, 0.9729931354522705
449, 18, 0.44237852096557617, 0.5512015223503113, -0.36910298466682434, 0.9878260493278503
449, 19, 0.5515523552894592, 0.5779353380203247, -0.3907770812511444, 0.9749587178230286
449, 20, 0.4539962410926819, 0.5521056056022644, -0.3765341639518738, 0.9870756268501282
449, 21, 0.54830002784729, 0.5663677453994751, -0.34740766882896423, 0.9599076509475708
449, 22, 0.4593976140022278, 0.5431697368621826, -0.3316133916378021, 0.9805569648742676
449, 23, 0.5463497638702393, 0.3251398503780365, 0.007310803979635239, 0.9890764951705933
449, 24, 0.5095849633216858, 0.3054972290992737, -0.00733197620138526, 0.9962040781974792
449, 25, 0.5400318503379822, 0.4275207817554474, 0.14859414100646973, 0.0686129555106163
449, 26, 0.48886099457740784, 0.40532365441322327, 0.09658205509185791, 0.40248405933380127
449, 27, 0.5096422433853149, 0.43511319160461426, 0.38416486978530884, 0.03928668051958084
449, 28, 0.4856486916542053, 0.41670987010002136, 0.33483585715293884, 0.10222693532705307
449, 29, 0.5038160085678101, 0.43006768822669983, 0.409424364566803, 0.039942167699337006
449, 30, 0.48570793867111206, 0.41680610179901123, 0.36018216609954834, 0.07030148059129715
449, 31, 0.5035361647605896, 0.46042561531066895, 0.39769038558006287, 0.1068820059299469
449, 32, 0.4804545044898987, 0.4364733397960663, 0.3429907262325287, 0.13414812088012695
450, 0, 0.5270072221755981, 0.41242697834968567, -0.3358578085899353, 0.9996008276939392
450, 1, 0.5341973900794983, 0.4056939482688904, -0.34186434745788574, 0.9996317625045776
450, 2, 0.5371372699737549, 0.40640321373939514, -0.3418673574924469, 0.9995139837265015
450, 3, 0.5400888323783875, 0.4070262610912323, -0.34194299578666687, 0.9996416568756104
450, 4, 0.5257905125617981, 0.40167656540870667, -0.34203970432281494, 0.9996731281280518
450, 5, 0.523157000541687, 0.3997451066970825, -0.34206682443618774, 0.9994949102401733
450, 6, 0.5204870700836182, 0.39783209562301636, -0.3421061635017395, 0.9996091723442078
450, 7, 0.5476293563842773, 0.39400726556777954, -0.3077840805053711, 0.9979269504547119
450, 8, 0.5092204809188843, 0.3870995342731476, -0.3097666800022125, 0.9992879033088684
450, 9, 0.5304805636405945, 0.40998733043670654, -0.31657516956329346, 0.9993594288825989
450, 10, 0.5214322209358215, 0.40538668632507324, -0.3171447217464447, 0.9993878602981567
450, 11, 0.5658749341964722, 0.3985781669616699, -0.23704035580158234, 0.992954671382904
450, 12, 0.48811206221580505, 0.35528749227523804, -0.2408289611339569, 0.9974064230918884
450, 13, 0.5824950337409973, 0.4726692736148834, -0.24694187939167023, 0.9112295508384705
450, 14, 0.46743544936180115, 0.4198850989341736, -0.24441008269786835, 0.9665305018424988
450, 15, 0.5672767162322998, 0.556083083152771, -0.31878626346588135, 0.9789798259735107
450, 16, 0.45370715856552124, 0.498507022857666, -0.3023604154586792, 0.9768424034118652
450, 17, 0.5690409541130066, 0.5796858668327332, -0.3557596802711487, 0.965613603591919
450, 18, 0.4453328549861908, 0.5179145932197571, -0.3436298966407776, 0.959873378276825
450, 19, 0.5572196245193481, 0.5756586194038391, -0.36664092540740967, 0.9683761596679688
450, 20, 0.45388561487197876, 0.5187530517578125, -0.3488917648792267, 0.9601379632949829
450, 21, 0.5544341802597046, 0.5637930035591125, -0.3273550570011139, 0.948712944984436
450, 22, 0.45933905243873596, 0.5121908187866211, -0.30861738324165344, 0.9446114897727966
450, 23, 0.5453399419784546, 0.3432413637638092, 0.004006772767752409, 0.9940443634986877
450, 24, 0.5101319551467896, 0.32290130853652954, -0.004035408142954111, 0.9976400136947632
450, 25, 0.5411794185638428, 0.43230053782463074, 0.1388029158115387, 0.03602239489555359
450, 26, 0.48967376351356506, 0.42392992973327637, 0.09948232769966125, 0.18102991580963135
450, 27, 0.5153377056121826, 0.4451189637184143, 0.3641289174556732, 0.027345385402441025
450, 28, 0.4914858341217041, 0.4303945302963257, 0.3206958770751953, 0.04517589882016182
450, 29, 0.5091899037361145, 0.44128942489624023, 0.3888484537601471, 0.028898166492581367
450, 30, 0.4913490414619446, 0.4291779100894928, 0.34368133544921875, 0.04019886627793312
450, 31, 0.5091056227684021, 0.4708779752254486, 0.37578117847442627, 0.10517030209302902
450, 32, 0.488241583108902, 0.4482824504375458, 0.3251025974750519, 0.08928761631250381
451, 0, 0.5248888731002808, 0.4113278388977051, -0.3822250962257385, 0.9999349117279053
451, 1, 0.5320374965667725, 0.4034881591796875, -0.38722965121269226, 0.9999489784240723
451, 2, 0.5351021885871887, 0.404613196849823, -0.38722315430641174, 0.9999271631240845
451, 3, 0.5381620526313782, 0.4056221544742584, -0.3873039484024048, 0.9999350309371948
451, 4, 0.5231643915176392, 0.3984481692314148, -0.3870815932750702, 0.9999468326568604
451, 5, 0.520404040813446, 0.39617183804512024, -0.38711458444595337, 0.9999176263809204
451, 6, 0.5176236033439636, 0.39391249418258667, -0.3871318995952606, 0.9999363422393799
451, 7, 0.5514406561851501, 0.39216339588165283, -0.3389796018600464, 0.9997097849845886
451, 8, 0.5068833231925964, 0.37316223978996277, -0.33817172050476074, 0.9998928308486938
451, 9, 0.5288512110710144, 0.41046181321144104, -0.3566427230834961, 0.9998456239700317
451, 10, 0.5192288160324097, 0.40453746914863586, -0.3563721776008606, 0.999828577041626
451, 11, 0.5678192973136902, 0.40053972601890564, -0.245752215385437, 0.9962816834449768
451, 12, 0.4853019714355469, 0.3521060645580292, -0.25911587476730347, 0.9982838034629822
451, 13, 0.579826295375824, 0.4692683219909668, -0.24359917640686035, 0.870468020439148
451, 14, 0.4587854743003845, 0.41973063349723816, -0.2542895972728729, 0.9786429405212402
451, 15, 0.5639521479606628, 0.5527781248092651, -0.3312855362892151, 0.9790452122688293
451, 16, 0.4502717852592468, 0.5248177647590637, -0.3185865879058838, 0.9914101958274841
451, 17, 0.5633036494255066, 0.5751922726631165, -0.3687232434749603, 0.9703694581985474
451, 18, 0.4444575905799866, 0.5612022280693054, -0.3611372709274292, 0.9846301674842834
451, 19, 0.5489141345024109, 0.5726376175880432, -0.3818659782409668, 0.972046434879303
451, 20, 0.45366865396499634, 0.5537286400794983, -0.3689086139202118, 0.9834047555923462
451, 21, 0.5462648868560791, 0.561322033405304, -0.3407999277114868, 0.9543495178222656
451, 22, 0.45930343866348267, 0.5449199676513672, -0.3257623612880707, 0.9752975106239319
451, 23, 0.5508030652999878, 0.3315573036670685, 0.008876582607626915, 0.9928265810012817
451, 24, 0.513227641582489, 0.307635635137558, -0.008868339471518993, 0.9974730610847473
451, 25, 0.5422422885894775, 0.4290629029273987, 0.14206485450267792, 0.07242845743894577
451, 26, 0.4876194894313812, 0.4046454429626465, 0.09064117074012756, 0.41058778762817383
451, 27, 0.5101141929626465, 0.4335792064666748, 0.3646617829799652, 0.031307563185691833
451, 28, 0.48544222116470337, 0.4114163815975189, 0.3272370994091034, 0.09918960183858871
451, 29, 0.5042402148246765, 0.42731958627700806, 0.3890277147293091, 0.03614475950598717
451, 30, 0.4862819314002991, 0.40937235951423645, 0.352713942527771, 0.07552465796470642
451, 31, 0.50218665599823, 0.46117645502090454, 0.3817370533943176, 0.08436698466539383
451, 32, 0.4779130816459656, 0.43518978357315063, 0.341999888420105, 0.12941759824752808
452, 0, 0.523266613483429, 0.4190012216567993, -0.3630148768424988, 0.9999194145202637
452, 1, 0.5302501320838928, 0.41070911288261414, -0.3671303987503052, 0.9999455213546753
452, 2, 0.5333282351493835, 0.4117908775806427, -0.3671315014362335, 0.9999203681945801
452, 3, 0.5364009737968445, 0.4127475321292877, -0.3672110140323639, 0.999929666519165
452, 4, 0.5213699340820312, 0.40574613213539124, -0.367061585187912, 0.9999417066574097
452, 5, 0.5185960531234741, 0.40349575877189636, -0.36709362268447876, 0.9999083280563354
452, 6, 0.5158073902130127, 0.40125322341918945, -0.3671151399612427, 0.9999302625656128
452, 7, 0.5485867261886597, 0.39745011925697327, -0.31803205609321594, 0.9996886253356934
452, 8, 0.5036277174949646, 0.3795318305492401, -0.317679762840271, 0.9998992681503296
452, 9, 0.5273921489715576, 0.41795969009399414, -0.337523490190506, 0.9998447895050049
452, 10, 0.5178282260894775, 0.41216880083084106, -0.33738115429878235, 0.9998263716697693
452, 11, 0.5666981935501099, 0.40326568484306335, -0.23129454255104065, 0.9964489936828613
452, 12, 0.4840303361415863, 0.35766246914863586, -0.24261169135570526, 0.9987047910690308
452, 13, 0.5794839262962341, 0.4712814688682556, -0.22917035222053528, 0.8758834004402161
452, 14, 0.4573126435279846, 0.42858582735061646, -0.23792079091072083, 0.9790664315223694
452, 15, 0.5629460215568542, 0.5556128025054932, -0.31523460149765015, 0.9799688458442688
452, 16, 0.4505942761898041, 0.5356208086013794, -0.3040827214717865, 0.9934065341949463
452, 17, 0.5616629123687744, 0.581845760345459, -0.3530060648918152, 0.972892701625824
452, 18, 0.44462576508522034, 0.5725610256195068, -0.34590771794319153, 0.9880222082138062
452, 19, 0.5465525388717651, 0.5790379047393799, -0.36586153507232666, 0.9748150110244751
452, 20, 0.45417720079421997, 0.5644164085388184, -0.35383719205856323, 0.9870730638504028
452, 21, 0.544171929359436, 0.5677682161331177, -0.32473108172416687, 0.9596865773200989
452, 22, 0.45961371064186096, 0.5552690029144287, -0.3113234043121338, 0.9806241393089294
452, 23, 0.5488899350166321, 0.32887086272239685, 0.006217594258487225, 0.991716206073761
452, 24, 0.5124314427375793, 0.30521467328071594, -0.0062086936086416245, 0.9973310232162476
452, 25, 0.5412523746490479, 0.4280894100666046, 0.14008447527885437, 0.07377207279205322
452, 26, 0.48934346437454224, 0.3967456817626953, 0.08680254966020584, 0.35233378410339355
452, 27, 0.5143539905548096, 0.42072728276252747, 0.35752618312835693, 0.0325329527258873
452, 28, 0.4905458092689514, 0.3910179138183594, 0.32402676343917847, 0.06970777362585068
452, 29, 0.5099700093269348, 0.4127005338668823, 0.3815036416053772, 0.03714180737733841
452, 30, 0.4925669729709625, 0.3885282874107361, 0.3502728343009949, 0.05450219288468361
452, 31, 0.5054132342338562, 0.44545114040374756, 0.38079026341438293, 0.07383041083812714
452, 32, 0.48165184259414673, 0.40741246938705444, 0.34831923246383667, 0.08687171339988708
453, 0, 0.5227264165878296, 0.42056241631507874, -0.2676025331020355, 0.9998840093612671
453, 1, 0.5302316546440125, 0.41504430770874023, -0.2767292559146881, 0.9998782873153687
453, 2, 0.5331770181655884, 0.4161713421344757, -0.2767273485660553, 0.9998730421066284
453, 3, 0.5361239314079285, 0.417220801115036, -0.276760995388031, 0.9998816251754761
453, 4, 0.5218105912208557, 0.40965068340301514, -0.2770114243030548, 0.9998853206634521
453, 5, 0.5193718075752258, 0.4071199297904968, -0.2770315706729889, 0.9998549222946167
453, 6, 0.5168986320495605, 0.4046006500720978, -0.2770485579967499, 0.9998668432235718
453, 7, 0.5454962849617004, 0.40354761481285095, -0.2598797082901001, 0.9995669722557068
453, 8, 0.5140843987464905, 0.3842884600162506, -0.2624669671058655, 0.9997623562812805
453, 9, 0.526964008808136, 0.41778966784477234, -0.25446170568466187, 0.9998418092727661
453, 10, 0.5180589556694031, 0.4113396406173706, -0.2552335262298584, 0.9998505115509033
453, 11, 0.5669377446174622, 0.4067840278148651, -0.1972350776195526, 0.9977472424507141
453, 12, 0.4920174181461334, 0.35387519001960754, -0.20692339539527893, 0.9984061121940613
453, 13, 0.5809302926063538, 0.476059228181839, -0.18398700654506683, 0.9585085511207581
453, 14, 0.4668337404727936, 0.41833293437957764, -0.20181603729724884, 0.9807588458061218
453, 15, 0.5648894309997559, 0.5604873299598694, -0.23387661576271057, 0.9936646223068237
453, 16, 0.447693407535553, 0.5100063681602478, -0.24375274777412415, 0.9938253164291382
453, 17, 0.5654697418212891, 0.5808964967727661, -0.2618034780025482, 0.9902365803718567
453, 18, 0.43602466583251953, 0.531768262386322, -0.27947646379470825, 0.987834095954895
453, 19, 0.5495145320892334, 0.5800676941871643, -0.27348166704177856, 0.9905683398246765
453, 20, 0.4473342299461365, 0.5383292436599731, -0.28229889273643494, 0.987654983997345
453, 21, 0.5478449463844299, 0.5680769085884094, -0.24125993251800537, 0.9840043783187866
453, 22, 0.4529910087585449, 0.5304870009422302, -0.24834343791007996, 0.9826673865318298
453, 23, 0.5562821626663208, 0.3433929979801178, 0.01140744797885418, 0.9956201910972595
453, 24, 0.5206095576286316, 0.31360572576522827, -0.011317809112370014, 0.997589111328125
453, 25, 0.5453256368637085, 0.44217169284820557, 0.10053791850805283, 0.08934899419546127
453, 26, 0.48658233880996704, 0.4275285005569458, 0.053766071796417236, 0.4496941864490509
453, 27, 0.5106514692306519, 0.4618012607097626, 0.2771012485027313, 0.04314042627811432
453, 28, 0.4831088185310364, 0.44980984926223755, 0.2469140738248825, 0.11167318373918533
453, 29, 0.5032755732536316, 0.45870351791381836, 0.29718002676963806, 0.03598777949810028
453, 30, 0.4834536910057068, 0.44802165031433105, 0.26767534017562866, 0.08380156010389328
453, 31, 0.5035479664802551, 0.4880017042160034, 0.2893052101135254, 0.17412303388118744
453, 32, 0.47785329818725586, 0.48034077882766724, 0.25961244106292725, 0.24260154366493225
454, 0, 0.5213713049888611, 0.4240547716617584, -0.4383094906806946, 0.9999960660934448
454, 1, 0.5296870470046997, 0.41456520557403564, -0.4450701177120209, 0.999996542930603
454, 2, 0.5332058668136597, 0.41598939895629883, -0.44505685567855835, 0.999995231628418
454, 3, 0.5367284417152405, 0.41725975275039673, -0.4451358914375305, 0.9999948740005493
454, 4, 0.519434928894043, 0.4086197018623352, -0.4447905421257019, 0.999996542930603
454, 5, 0.516365110874176, 0.40615344047546387, -0.4448207914829254, 0.9999951124191284
454, 6, 0.5132876634597778, 0.4036685824394226, -0.44481247663497925, 0.9999953508377075
454, 7, 0.5523533821105957, 0.4009189307689667, -0.3904338479042053, 0.9999822378158569
454, 8, 0.5033677220344543, 0.37953484058380127, -0.3887777328491211, 0.999994158744812
454, 9, 0.5259716510772705, 0.42551836371421814, -0.40823036432266235, 0.9999879598617554
454, 10, 0.5149713754653931, 0.41823670268058777, -0.4077739715576172, 0.9999860525131226
454, 11, 0.5678857564926147, 0.4174732565879822, -0.2864520847797394, 0.9984959363937378
454, 12, 0.4775385856628418, 0.3641946017742157, -0.29664474725723267, 0.9992808699607849
454, 13, 0.5802714824676514, 0.4918467700481415, -0.2924315333366394, 0.9782272577285767
454, 14, 0.4382351338863373, 0.43374934792518616, -0.30006739497184753, 0.9932923316955566
454, 15, 0.5541563034057617, 0.584203839302063, -0.3887137770652771, 0.9888553023338318
454, 16, 0.4444954991340637, 0.5521461963653564, -0.38281190395355225, 0.9945613741874695
454, 17, 0.5535686016082764, 0.6106352806091309, -0.4279131293296814, 0.9745901226997375
454, 18, 0.43899139761924744, 0.5847811698913574, -0.4280691146850586, 0.983662486076355
454, 19, 0.5401203036308289, 0.6028427481651306, -0.43939584493637085, 0.9743631482124329
454, 20, 0.4508313238620758, 0.5833547115325928, -0.4351852536201477, 0.9814137816429138
454, 21, 0.5383167862892151, 0.5912858247756958, -0.3975944519042969, 0.9601147770881653
454, 22, 0.454235315322876, 0.5721200108528137, -0.389653742313385, 0.9730961918830872
454, 23, 0.5523391366004944, 0.3366834223270416, 0.005229471251368523, 0.9947153925895691
454, 24, 0.5114821195602417, 0.3108316659927368, -0.0052063604816794395, 0.997633695602417
454, 25, 0.5369399785995483, 0.4437873363494873, 0.14730988442897797, 0.09728293865919113
454, 26, 0.48340052366256714, 0.4080871045589447, 0.09146342426538467, 0.4598400294780731
454, 27, 0.5164834260940552, 0.438186377286911, 0.3846159279346466, 0.026181507855653763
454, 28, 0.48696914315223694, 0.41710183024406433, 0.3533588945865631, 0.05121953785419464
454, 29, 0.5122765898704529, 0.42937660217285156, 0.41087836027145386, 0.03361016884446144
454, 30, 0.4898208975791931, 0.4142829179763794, 0.3826296329498291, 0.05689161643385887
454, 31, 0.5110300779342651, 0.46425479650497437, 0.41978126764297485, 0.07711949944496155
454, 32, 0.48181986808776855, 0.44267481565475464, 0.39308586716651917, 0.08410605043172836
455, 0, 0.5205259323120117, 0.4229143261909485, -0.38310006260871887, 0.9999897480010986
455, 1, 0.5285266637802124, 0.41374820470809937, -0.3896161913871765, 0.999988317489624
455, 2, 0.531747579574585, 0.4146721363067627, -0.38960301876068115, 0.9999815225601196
455, 3, 0.534972608089447, 0.41548651456832886, -0.3896556794643402, 0.999982476234436
455, 4, 0.5191614627838135, 0.408720999956131, -0.3903680443763733, 0.9999901056289673
455, 5, 0.5163744688034058, 0.40632736682891846, -0.39037296175956726, 0.9999833106994629
455, 6, 0.5095882415771484, 0.39937007427215576, -0.3903384506702423, 0.9999858140945435
455, 7, 0.5496931672096252, 0.4017680585384369, -0.3460143804550171, 0.9999146461486816
455, 8, 0.5031704306602478, 0.3810388743877411, -0.3495155870914459, 0.9999724626541138
455, 9, 0.5247937440872192, 0.42229992151260376, -0.3584453761577606, 0.9999643564224243
455, 10, 0.514459490776062, 0.41605350375175476, -0.3593367636203766, 0.9999654293060303
455, 11, 0.5668641328811646, 0.41460007429122925, -0.24785277247428894, 0.9975492358207703
455, 12, 0.4806595742702484, 0.3606795072555542, -0.26831912994384766, 0.9988414645195007
455, 13, 0.5779115557670593, 0.48841536045074463, -0.22977009415626526, 0.9426835179328918
455, 14, 0.44907325506210327, 0.42939597368240356, -0.25165241956710815, 0.9914041757583618
455, 15, 0.5581750273704529, 0.5813764929771423, -0.29777345061302185, 0.9893514513969421
455, 16, 0.44392576813697815, 0.5442425012588501, -0.3050268888473511, 0.9974988102912903
455, 17, 0.5548444390296936, 0.6036545038223267, -0.33167874813079834, 0.9807236790657043
455, 18, 0.42959731817245483, 0.5527522563934326, -0.34675756096839905, 0.9933348894119263
455, 19, 0.5418156385421753, 0.5983781218528748, -0.34669002890586853, 0.9814099073410034
455, 20, 0.4435892105102539, 0.5569039583206177, -0.35468924045562744, 0.9925111532211304
455, 21, 0.5395512580871582, 0.5854949355125427, -0.30752673745155334, 0.9692901372909546
455, 22, 0.44920653104782104, 0.5472148060798645, -0.31200405955314636, 0.988577127456665
455, 23, 0.5530053973197937, 0.3435395061969757, 0.01617645099759102, 0.9951840043067932
455, 24, 0.5146517157554626, 0.3125916123390198, -0.016114283353090286, 0.9979523420333862
455, 25, 0.5401076674461365, 0.462607741355896, 0.10921849310398102, 0.16918855905532837
455, 26, 0.4751531481742859, 0.4334738552570343, 0.029453318566083908, 0.8159968852996826
455, 27, 0.5000748634338379, 0.4886173605918884, 0.3111129105091095, 0.06551720201969147
455, 28, 0.4685603082180023, 0.4730954170227051, 0.25629717111587524, 0.2140408307313919
455, 29, 0.4922257363796234, 0.4826453626155853, 0.3335437774658203, 0.058212414383888245
455, 30, 0.46973055601119995, 0.4707140326499939, 0.28094661235809326, 0.13963228464126587
455, 31, 0.49050021171569824, 0.5241155624389648, 0.3287605941295624, 0.2208501100540161
455, 32, 0.4591612219810486, 0.514100193977356, 0.2787547707557678, 0.33903494477272034
456, 0, 0.5300841927528381, 0.39514845609664917, -0.29855698347091675, 0.9994516968727112
456, 1, 0.535790741443634, 0.3924517035484314, -0.3099807798862457, 0.9991042017936707
456, 2, 0.5377448797225952, 0.3943973481655121, -0.31001344323158264, 0.998820960521698
456, 3, 0.5397136807441711, 0.39625802636146545, -0.31009674072265625, 0.9992451667785645
456, 4, 0.5303225517272949, 0.38565948605537415, -0.3105916380882263, 0.999451220035553
456, 5, 0.5287142992019653, 0.38297492265701294, -0.3106263279914856, 0.9991706609725952
456, 6, 0.5270635485649109, 0.38027626276016235, -0.3106752932071686, 0.999381422996521
456, 7, 0.5450693964958191, 0.39370304346084595, -0.30128705501556396, 0.997473418712616
456, 8, 0.5256009697914124, 0.3695814907550812, -0.30483925342559814, 0.998702883720398
456, 9, 0.5322179198265076, 0.3979238271713257, -0.2872629761695862, 0.9993444085121155
456, 10, 0.5258106589317322, 0.3900419771671295, -0.28843989968299866, 0.9991264939308167
456, 11, 0.5579830408096313, 0.4159430265426636, -0.24038462340831757, 0.9958725571632385
456, 12, 0.5058863759040833, 0.35493406653404236, -0.24287407100200653, 0.9970642924308777
456, 13, 0.565667986869812, 0.47956979274749756, -0.23074980080127716, 0.9976415634155273
456, 14, 0.47369104623794556, 0.36722326278686523, -0.23552580177783966, 0.9850253462791443
456, 15, 0.5721006393432617, 0.5569058656692505, -0.2605457007884979, 0.9970980882644653
456, 16, 0.44476252794265747, 0.4169113039970398, -0.2654586434364319, 0.9816765785217285
456, 17, 0.579084038734436, 0.5825114250183105, -0.28713175654411316, 0.990086019039154
456, 18, 0.4329874515533447, 0.4265311360359192, -0.2991241216659546, 0.954312801361084
456, 19, 0.5725005269050598, 0.5793933272361755, -0.29276350140571594, 0.9885849356651306
456, 20, 0.4389236867427826, 0.4345439374446869, -0.3011758327484131, 0.9507817029953003
456, 21, 0.5684125423431396, 0.5669904351234436, -0.26458418369293213, 0.9682456254959106
456, 22, 0.44391006231307983, 0.43253740668296814, -0.26924774050712585, 0.9287036061286926
456, 23, 0.5522038340568542, 0.3694271445274353, 0.008375477977097034, 0.9986380934715271
456, 24, 0.5267412662506104, 0.3444786071777344, -0.008349875919520855, 0.9984958171844482
456, 25, 0.53043133020401, 0.4392124116420746, 0.1201847642660141, 0.057836130261421204
456, 26, 0.4923495650291443, 0.4213085472583771, 0.10455133020877838, 0.21555235981941223
456, 27, 0.5120289921760559, 0.4434092938899994, 0.3239555060863495, 0.022785205394029617
456, 28, 0.49172648787498474, 0.42787423729896545, 0.3045006990432739, 0.03132930025458336
456, 29, 0.5088857412338257, 0.4391530454158783, 0.3462091088294983, 0.022250907495617867
456, 30, 0.4919552206993103, 0.4245132505893707, 0.32556402683258057, 0.02934999205172062
456, 31, 0.5083452463150024, 0.46756359934806824, 0.33302807807922363, 0.06235196441411972
456, 32, 0.4883965849876404, 0.4515092074871063, 0.3103967010974884, 0.0768270418047905
457, 0, 0.5258665680885315, 0.4159793555736542, -0.29320433735847473, 0.9989365935325623
457, 1, 0.5318552255630493, 0.4137214124202728, -0.2975308895111084, 0.9991556406021118
457, 2, 0.5342347621917725, 0.4153836965560913, -0.29755523800849915, 0.9989270567893982
457, 3, 0.5366194248199463, 0.41698548197746277, -0.2976553738117218, 0.9991633892059326
457, 4, 0.5253866314888, 0.4066988229751587, -0.2982200086116791, 0.9995304346084595
457, 5, 0.5235210061073303, 0.40362104773521423, -0.29826250672340393, 0.9993211030960083
457, 6, 0.5216180086135864, 0.4005610942840576, -0.2983078956604004, 0.9994496703147888
457, 7, 0.5443816184997559, 0.40717384219169617, -0.2639813721179962, 0.9976612329483032
457, 8, 0.5203152894973755, 0.38183099031448364, -0.2677837908267975, 0.999315619468689
457, 9, 0.5292918682098389, 0.4136146008968353, -0.27461880445480347, 0.998441755771637
457, 10, 0.5224921107292175, 0.4059526324272156, -0.2758576273918152, 0.9988765120506287
457, 11, 0.5621930956840515, 0.41092169284820557, -0.1993514895439148, 0.9912276864051819
457, 12, 0.502448558807373, 0.34533530473709106, -0.2021251618862152, 0.9962353110313416
457, 13, 0.5681954026222229, 0.47437164187431335, -0.19071875512599945, 0.9755143523216248
457, 14, 0.4673866629600525, 0.3533220589160919, -0.18257035315036774, 0.9474544525146484
457, 15, 0.5681771039962769, 0.563052773475647, -0.23778147995471954, 0.9884946942329407
457, 16, 0.44724607467651367, 0.41842612624168396, -0.2146512269973755, 0.9405936002731323
457, 17, 0.5753999948501587, 0.5910906195640564, -0.2653442323207855, 0.981541633605957
457, 18, 0.43581801652908325, 0.4248807728290558, -0.2453865259885788, 0.9171758890151978
457, 19, 0.5665134787559509, 0.5858967900276184, -0.27278000116348267, 0.9811997413635254
457, 20, 0.4427812993526459, 0.4321310818195343, -0.24741582572460175, 0.9173363447189331
457, 21, 0.5619364976882935, 0.5722804069519043, -0.24263939261436462, 0.9503859281539917
457, 22, 0.44826579093933105, 0.4309123456478119, -0.2178688943386078, 0.8643798828125
457, 23, 0.5529149770736694, 0.3545430898666382, 0.0057390425354242325, 0.9954413175582886
457, 24, 0.5247870087623596, 0.3256467580795288, -0.005795727018266916, 0.9959757924079895
457, 25, 0.5293420553207397, 0.4259047508239746, 0.11236009746789932, 0.06830976158380508
457, 26, 0.4949730932712555, 0.39393508434295654, 0.09622613340616226, 0.14405477046966553
457, 27, 0.5174871683120728, 0.41857820749282837, 0.3101623058319092, 0.028891609981656075
457, 28, 0.4953279495239258, 0.40199339389801025, 0.302475243806839, 0.025767937302589417
457, 29, 0.5156123638153076, 0.4124683439731598, 0.3318830728530884, 0.025846166536211967
457, 30, 0.4952865242958069, 0.39996635913848877, 0.32463768124580383, 0.022959137335419655
457, 31, 0.5120265483856201, 0.4404938220977783, 0.32425376772880554, 0.04854316636919975
457, 32, 0.49310463666915894, 0.42287638783454895, 0.320046603679657, 0.028955072164535522
458, 0, 0.5249587297439575, 0.40986189246177673, -0.27782440185546875, 0.9995162487030029
458, 1, 0.5299623608589172, 0.4069056510925293, -0.2841317057609558, 0.9995941519737244
458, 2, 0.5321608781814575, 0.4084259569644928, -0.28414735198020935, 0.99949049949646
458, 3, 0.534360945224762, 0.4098922610282898, -0.28423628211021423, 0.9996044039726257
458, 4, 0.5239534378051758, 0.4005037546157837, -0.28426554799079895, 0.9997614026069641
458, 5, 0.5177624821662903, 0.4019257724285126, -0.2843081057071686, 0.9996359348297119
458, 6, 0.5164793133735657, 0.400421142578125, -0.2843606472015381, 0.9996910095214844
458, 7, 0.5408567786216736, 0.40185022354125977, -0.25674811005592346, 0.9987936019897461
458, 8, 0.5145508646965027, 0.38381820917129517, -0.2579573094844818, 0.9996135830879211
458, 9, 0.5283279418945312, 0.40879443287849426, -0.26092252135276794, 0.9989938139915466
458, 10, 0.5216954946517944, 0.4018287658691406, -0.2614535391330719, 0.9992741942405701
458, 11, 0.5580142736434937, 0.41038912534713745, -0.19619940221309662, 0.992314875125885
458, 12, 0.5021263360977173, 0.35070377588272095, -0.19535434246063232, 0.9958499670028687
458, 13, 0.5729720592498779, 0.4841877818107605, -0.18956194818019867, 0.9901946187019348
458, 14, 0.4673539996147156, 0.36701545119285583, -0.17745718359947205, 0.9712955951690674
458, 15, 0.5673346519470215, 0.565622866153717, -0.23090144991874695, 0.9942029118537903
458, 16, 0.44839930534362793, 0.4194835126399994, -0.2049991339445114, 0.9537073969841003
458, 17, 0.5754942297935486, 0.5957403779029846, -0.2573665976524353, 0.9890353083610535
458, 18, 0.4378759264945984, 0.42642495036125183, -0.23355111479759216, 0.9251998066902161
458, 19, 0.567254364490509, 0.5903359651565552, -0.26265594363212585, 0.9892550706863403
458, 20, 0.44381260871887207, 0.43162092566490173, -0.2342490702867508, 0.9269324541091919
458, 21, 0.5634328126907349, 0.5774537324905396, -0.23479358851909637, 0.9714856743812561
458, 22, 0.4488309919834137, 0.4302363991737366, -0.20743119716644287, 0.8827532529830933
458, 23, 0.5473155975341797, 0.36485081911087036, 0.005262542515993118, 0.9977176189422607
458, 24, 0.5212259888648987, 0.33915144205093384, -0.00533174816519022, 0.9980204105377197
458, 25, 0.5262362360954285, 0.4311295449733734, 0.12103376537561417, 0.08705414831638336
458, 26, 0.49508652091026306, 0.4025239646434784, 0.10898102819919586, 0.15455684065818787
458, 27, 0.5196508169174194, 0.42211028933525085, 0.3200373947620392, 0.03512274846434593
458, 28, 0.4989751875400543, 0.40589556097984314, 0.31148436665534973, 0.031107371672987938
458, 29, 0.5188010334968567, 0.4172366261482239, 0.3421483337879181, 0.030275529250502586
458, 30, 0.4993707239627838, 0.40430131554603577, 0.3334066569805145, 0.027323639020323753
458, 31, 0.5152845978736877, 0.4403771162033081, 0.3369276821613312, 0.06220962107181549
458, 32, 0.4960424304008484, 0.42197588086128235, 0.33044910430908203, 0.03976011648774147
459, 0, 0.5228943228721619, 0.41458529233932495, -0.27749255299568176, 0.9997575879096985
459, 1, 0.5267810821533203, 0.4122072756290436, -0.2855614423751831, 0.9996925592422485
459, 2, 0.5286741256713867, 0.4135594367980957, -0.2855735421180725, 0.9996086955070496
459, 3, 0.5305637121200562, 0.41484007239341736, -0.285627156496048, 0.9996602535247803
459, 4, 0.5211799144744873, 0.40685904026031494, -0.2847503423690796, 0.9998431205749512
459, 5, 0.519404947757721, 0.40462714433670044, -0.2847956120967865, 0.9997982382774353
459, 6, 0.517608642578125, 0.4023800790309906, -0.28483232855796814, 0.9998375177383423
459, 7, 0.5353440642356873, 0.409469872713089, -0.2652997672557831, 0.9993715882301331
459, 8, 0.5151175856590271, 0.3907332420349121, -0.2624276578426361, 0.9997691512107849
459, 9, 0.5256509780883789, 0.4141393303871155, -0.2632778286933899, 0.999538779258728
459, 10, 0.5192959904670715, 0.40846744179725647, -0.26258179545402527, 0.9996175765991211
459, 11, 0.5515691041946411, 0.4190414547920227, -0.2060653418302536, 0.9954711198806763
459, 12, 0.5014721751213074, 0.3663116991519928, -0.20233610272407532, 0.9982523322105408
459, 13, 0.5618285536766052, 0.4738237261772156, -0.19875575602054596, 0.9948983788490295
459, 14, 0.4737549424171448, 0.37539902329444885, -0.19554075598716736, 0.9712107181549072
459, 15, 0.5764521360397339, 0.5410642623901367, -0.22769717872142792, 0.9943100214004517
459, 16, 0.448859304189682, 0.41197749972343445, -0.2267143726348877, 0.9705378413200378
459, 17, 0.5855390429496765, 0.5655775666236877, -0.2508428394794464, 0.9878765344619751
459, 18, 0.43696507811546326, 0.4195288419723511, -0.2552971839904785, 0.9427054524421692
459, 19, 0.5788068175315857, 0.5610060095787048, -0.25325533747673035, 0.9864621758460999
459, 20, 0.44326886534690857, 0.42735522985458374, -0.25635144114494324, 0.9392138123512268
459, 21, 0.573887825012207, 0.5493118762969971, -0.22999992966651917, 0.958878755569458
459, 22, 0.4487856924533844, 0.42530378699302673, -0.22984977066516876, 0.89959716796875
459, 23, 0.5450319051742554, 0.35876843333244324, 0.005934507120400667, 0.9951363205909729
459, 24, 0.5224930047988892, 0.33563539385795593, -0.0059935241006314754, 0.9956900477409363
459, 25, 0.5177209973335266, 0.4257945120334625, 0.09759742766618729, 0.08689547330141068
459, 26, 0.492880254983902, 0.4066419005393982, 0.08617635816335678, 0.18590570986270905
459, 27, 0.5087081789970398, 0.4302769899368286, 0.2633458971977234, 0.040043171495199203
459, 28, 0.4916607737541199, 0.4174444079399109, 0.25402992963790894, 0.034449703991413116
459, 29, 0.5073323845863342, 0.42784547805786133, 0.2810656428337097, 0.044306885451078415
459, 30, 0.49197855591773987, 0.41577115654945374, 0.2722089886665344, 0.034607671201229095
459, 31, 0.5053637623786926, 0.4483304023742676, 0.2713627219200134, 0.0450725294649601
459, 32, 0.4894322454929352, 0.4370361864566803, 0.2650565505027771, 0.043283868581056595
460, 0, 0.5264487266540527, 0.40609627962112427, -0.2421799600124359, 0.9982702732086182
460, 1, 0.5294362306594849, 0.40289443731307983, -0.2522065341472626, 0.9984039664268494
460, 2, 0.53106290102005, 0.4036601483821869, -0.2522185146808624, 0.9981361627578735
460, 3, 0.5326740741729736, 0.4043785631656647, -0.2522835433483124, 0.9982903599739075
460, 4, 0.5243833661079407, 0.39938977360725403, -0.24999025464057922, 0.9991298317909241
460, 5, 0.5226585865020752, 0.39775335788726807, -0.25003334879875183, 0.9990083575248718
460, 6, 0.5209232568740845, 0.39610448479652405, -0.25008973479270935, 0.9992246627807617
460, 7, 0.5356574654579163, 0.39977458119392395, -0.24029235541820526, 0.9967309236526489
460, 8, 0.5175048112869263, 0.38658878207206726, -0.23091892898082733, 0.998960018157959
460, 9, 0.5285031199455261, 0.4051230251789093, -0.23097646236419678, 0.9978244304656982
460, 10, 0.5227069854736328, 0.40093815326690674, -0.22836561501026154, 0.9980326294898987
460, 11, 0.546661376953125, 0.4048895537853241, -0.18085627257823944, 0.9966433048248291
460, 12, 0.503044068813324, 0.37087318301200867, -0.1804724782705307, 0.9983617663383484
460, 13, 0.558631956577301, 0.4499094784259796, -0.16483063995838165, 0.9908702969551086
460, 14, 0.4796908497810364, 0.3703792691230774, -0.14367441833019257, 0.7631322741508484
460, 15, 0.5763369798660278, 0.5069427490234375, -0.18029926717281342, 0.9694153666496277
460, 16, 0.46052050590515137, 0.39840590953826904, -0.14390210807323456, 0.7135916948318481
460, 17, 0.5850387215614319, 0.5283980965614319, -0.1984129101037979, 0.9297918677330017
460, 18, 0.4499140679836273, 0.4054199159145355, -0.16314351558685303, 0.6361186504364014
460, 19, 0.5779821872711182, 0.5262511968612671, -0.1991218775510788, 0.9219902753829956
460, 20, 0.45584726333618164, 0.41211000084877014, -0.16443826258182526, 0.6398369669914246
460, 21, 0.57357257604599, 0.5160567760467529, -0.18153269588947296, 0.8176244497299194
460, 22, 0.46088963747024536, 0.40970152616500854, -0.14528271555900574, 0.5491607189178467
460, 23, 0.5386269688606262, 0.3711155652999878, 0.004762402269989252, 0.9976400136947632
460, 24, 0.5202232599258423, 0.3564130961894989, -0.004790707025676966, 0.9965670108795166
460, 25, 0.5192660093307495, 0.42981863021850586, 0.09639053046703339, 0.04728316515684128
460, 26, 0.4969100058078766, 0.41638892889022827, 0.07811907678842545, 0.13976608216762543
460, 27, 0.5114015340805054, 0.43496373295783997, 0.23815278708934784, 0.0345904603600502
460, 28, 0.5006617307662964, 0.42676374316215515, 0.22873087227344513, 0.02657543309032917
460, 29, 0.5092398524284363, 0.4319930672645569, 0.25467708706855774, 0.028247596696019173
460, 30, 0.5011500120162964, 0.42462247610092163, 0.24606016278266907, 0.026215361431241035
460, 31, 0.5105480551719666, 0.4561631977558136, 0.2545676529407501, 0.0303837638348341
460, 32, 0.5004278421401978, 0.4477153420448303, 0.24691005051136017, 0.026701727882027626
461, 0, 0.5266478061676025, 0.37374165654182434, -0.41458797454833984, 0.9995495676994324
461, 1, 0.5303431153297424, 0.36532047390937805, -0.4224614202976227, 0.9998414516448975
461, 2, 0.5325355529785156, 0.36466118693351746, -0.4224475026130676, 0.999714195728302
461, 3, 0.534712016582489, 0.3640114665031433, -0.4224993586540222, 0.9998210072517395
461, 4, 0.5243330597877502, 0.36524420976638794, -0.42043226957321167, 0.9997351765632629
461, 5, 0.5223923325538635, 0.36463987827301025, -0.4204704165458679, 0.9993126392364502
461, 6, 0.5204560160636902, 0.36406081914901733, -0.4204389452934265, 0.9994687438011169
461, 7, 0.5401778817176819, 0.35581520199775696, -0.3898225724697113, 0.999764621257782
461, 8, 0.5188693404197693, 0.355864942073822, -0.37981975078582764, 0.9996881484985352
461, 9, 0.5306913256645203, 0.3748621344566345, -0.3946485221385956, 0.9993372559547424
461, 10, 0.5246425271034241, 0.3752627372741699, -0.39191484451293945, 0.9992358684539795
461, 11, 0.5594945549964905, 0.35577189922332764, -0.31416061520576477, 0.9999169111251831
461, 12, 0.507474958896637, 0.35178861021995544, -0.2984667122364044, 0.9970170259475708
461, 13, 0.5782586336135864, 0.4174189567565918, -0.29919323325157166, 0.9982288479804993
461, 14, 0.4882918894290924, 0.3856297433376312, -0.2585681080818176, 0.9872631430625916
461, 15, 0.5844241380691528, 0.4729302227497101, -0.3270111680030823, 0.9968612194061279
461, 16, 0.49229151010513306, 0.4366534352302551, -0.257209837436676, 0.9139583110809326
461, 17, 0.5906275510787964, 0.4816214144229889, -0.3598794937133789, 0.9912426471710205
461, 18, 0.48987704515457153, 0.444593608379364, -0.2828637957572937, 0.8061264753341675
461, 19, 0.5844639539718628, 0.4784508943557739, -0.37103983759880066, 0.9906880855560303
461, 20, 0.4968913197517395, 0.44409748911857605, -0.292018860578537, 0.8149959444999695
461, 21, 0.580860435962677, 0.47691765427589417, -0.33386242389678955, 0.9885174036026001
461, 22, 0.49881500005722046, 0.44211849570274353, -0.26210203766822815, 0.8428728580474854
461, 23, 0.5450372099876404, 0.39046043157577515, -0.004561507608741522, 0.9988797307014465
461, 24, 0.5169409513473511, 0.38430866599082947, 0.004641194827854633, 0.9990297555923462
461, 25, 0.5485715866088867, 0.4086458086967468, 0.18957509100437164, 0.2012043297290802
461, 26, 0.49891433119773865, 0.39659732580184937, 0.19673961400985718, 0.413828581571579
461, 27, 0.5530668497085571, 0.40521714091300964, 0.42333945631980896, 0.5146622061729431
461, 28, 0.4921993315219879, 0.40833696722984314, 0.43095532059669495, 0.45474016666412354
461, 29, 0.5527052879333496, 0.4005371928215027, 0.4469171166419983, 0.37368538975715637
461, 30, 0.49429088830947876, 0.4061540365219116, 0.45514097809791565, 0.1723245084285736
461, 31, 0.5574833750724792, 0.4261956512928009, 0.42653006315231323, 0.6116306185722351
461, 32, 0.4844422936439514, 0.43293991684913635, 0.43834614753723145, 0.5325971841812134
462, 0, 0.524258017539978, 0.3645244240760803, -0.386310338973999, 0.9969668984413147
462, 1, 0.5273079872131348, 0.35636085271835327, -0.3916547894477844, 0.9991114735603333
462, 2, 0.529170036315918, 0.35570967197418213, -0.3916509747505188, 0.9984723925590515
462, 3, 0.5310131907463074, 0.355095237493515, -0.39171403646469116, 0.9990799427032471
462, 4, 0.5222756266593933, 0.3564079701900482, -0.38864192366600037, 0.998364269733429
462, 5, 0.5207059383392334, 0.35600733757019043, -0.38867616653442383, 0.9953752756118774
462, 6, 0.5191594958305359, 0.3556499779224396, -0.3886765241622925, 0.9960936903953552
462, 7, 0.536019504070282, 0.34793174266815186, -0.3576570451259613, 0.9987970590591431
462, 8, 0.5181800127029419, 0.34865522384643555, -0.3435751795768738, 0.9973798394203186
462, 9, 0.5280122756958008, 0.3660750091075897, -0.36734315752983093, 0.9970321655273438
462, 10, 0.5230283141136169, 0.3667186200618744, -0.363362580537796, 0.9949511289596558
462, 11, 0.5536357760429382, 0.35703638195991516, -0.2915527820587158, 0.9999179840087891
462, 12, 0.5078727006912231, 0.34958615899086, -0.26488110423088074, 0.9900791645050049
462, 13, 0.5741153359413147, 0.4129834771156311, -0.28979548811912537, 0.9906957149505615
462, 14, 0.49073171615600586, 0.37950408458709717, -0.22266820073127747, 0.9097713828086853
462, 15, 0.5818073153495789, 0.46773913502693176, -0.3193933069705963, 0.9891364574432373
462, 16, 0.4897994101047516, 0.42202818393707275, -0.20783083140850067, 0.6647582054138184
462, 17, 0.5870457887649536, 0.4754784107208252, -0.3493981659412384, 0.9683757424354553
462, 18, 0.4865029454231262, 0.4275032877922058, -0.226515531539917, 0.48518702387809753
462, 19, 0.5810229778289795, 0.47301530838012695, -0.35983070731163025, 0.9667642116546631
462, 20, 0.4922303259372711, 0.4280667304992676, -0.23560960590839386, 0.5103840827941895
462, 21, 0.5781947374343872, 0.4718063473701477, -0.32574760913848877, 0.964521586894989
462, 22, 0.4942902624607086, 0.4270041286945343, -0.21237680315971375, 0.5812086462974548
462, 23, 0.5424070954322815, 0.39056751132011414, -0.007571713533252478, 0.9988749623298645
462, 24, 0.5165522694587708, 0.3844524323940277, 0.007612635847181082, 0.998695433139801
462, 25, 0.546149492263794, 0.41370198130607605, 0.1679571270942688, 0.22691966593265533
462, 26, 0.49444788694381714, 0.3949357271194458, 0.18206585943698883, 0.34700146317481995
462, 27, 0.5494114756584167, 0.4131631553173065, 0.39041998982429504, 0.5586482882499695
462, 28, 0.4870389997959137, 0.4099637269973755, 0.4003915786743164, 0.3863997161388397
462, 29, 0.5489610433578491, 0.4098917543888092, 0.41272982954978943, 0.41198334097862244
462, 30, 0.48960185050964355, 0.40830665826797485, 0.4226328730583191, 0.13148173689842224
462, 31, 0.5530518293380737, 0.4320148527622223, 0.38766103982925415, 0.7963212132453918
462, 32, 0.47888094186782837, 0.43571534752845764, 0.3999257981777191, 0.6022248864173889
463, 0, 0.5207093358039856, 0.36016136407852173, -0.27109137177467346, 0.9457812905311584
463, 1, 0.5218229293823242, 0.35129472613334656, -0.2779194414615631, 0.9866160154342651
463, 2, 0.5225784182548523, 0.3507824242115021, -0.27796798944473267, 0.9817712306976318
463, 3, 0.5233105421066284, 0.3503164052963257, -0.27808141708374023, 0.9898339509963989
463, 4, 0.5194385647773743, 0.3510073125362396, -0.27596789598464966, 0.9707835912704468
463, 5, 0.5187911987304688, 0.35059547424316406, -0.27600032091140747, 0.938133955001831
463, 6, 0.5181180834770203, 0.3502057194709778, -0.27603718638420105, 0.9499516487121582
463, 7, 0.5256548523902893, 0.34622859954833984, -0.264242947101593, 0.9923835396766663
463, 8, 0.5177185535430908, 0.3458380699157715, -0.25566425919532776, 0.9800255298614502
463, 9, 0.5226190090179443, 0.3625663220882416, -0.26027724146842957, 0.9898601174354553
463, 10, 0.5206732153892517, 0.362873375415802, -0.2577937841415405, 0.9859236478805542
463, 11, 0.5371403694152832, 0.3607807457447052, -0.22574087977409363, 0.9998334646224976
463, 12, 0.5112304091453552, 0.35658323764801025, -0.2004334032535553, 0.980087161064148
463, 13, 0.556411862373352, 0.41975533962249756, -0.22484341263771057, 0.9823692440986633
463, 14, 0.4993000030517578, 0.39728426933288574, -0.17658177018165588, 0.5740577578544617
463, 15, 0.5646975636482239, 0.48415786027908325, -0.25580888986587524, 0.9875068664550781
463, 16, 0.5006754398345947, 0.4524890184402466, -0.1958266645669937, 0.6185994148254395
463, 17, 0.5695807337760925, 0.49306732416152954, -0.2838541567325592, 0.9546914100646973
463, 18, 0.49879151582717896, 0.46128973364830017, -0.21722736954689026, 0.4474468231201172
463, 19, 0.56551593542099, 0.492549866437912, -0.29544249176979065, 0.9517267346382141
463, 20, 0.5021890997886658, 0.4604091942310333, -0.22916348278522491, 0.5019629597663879
463, 21, 0.5634557604789734, 0.4910455346107483, -0.2627469301223755, 0.9155920743942261
463, 22, 0.5035342574119568, 0.45788246393203735, -0.20230421423912048, 0.4255102276802063
463, 23, 0.531833827495575, 0.4064633548259735, -0.010754767805337906, 0.9984744191169739
463, 24, 0.5205141305923462, 0.4007592797279358, 0.010857711546123028, 0.9964739680290222
463, 25, 0.5243044495582581, 0.40286314487457275, 0.13382364809513092, 0.026394622400403023
463, 26, 0.5179160237312317, 0.39362314343452454, 0.16053934395313263, 0.019052039831876755
463, 27, 0.5223208069801331, 0.4043387472629547, 0.32275980710983276, 0.0615227036178112
463, 28, 0.5176724195480347, 0.3950900733470917, 0.34919774532318115, 0.016602542251348495
463, 29, 0.5227749943733215, 0.4043837785720825, 0.34146153926849365, 0.08262333273887634
463, 30, 0.5200453400611877, 0.39610403776168823, 0.36876410245895386, 0.01372474618256092
463, 31, 0.5177467465400696, 0.4071614444255829, 0.3210368752479553, 0.059720683842897415
463, 32, 0.5132741332054138, 0.3996405601501465, 0.35354092717170715, 0.02196657843887806
464, 0, 0.5247339606285095, 0.3558978736400604, -0.2391815483570099, 0.7778294682502747
464, 1, 0.5261202454566956, 0.34701791405677795, -0.24274298548698425, 0.9375270009040833
464, 2, 0.5272716283798218, 0.34644949436187744, -0.2427915781736374, 0.9316709637641907
464, 3, 0.5284019708633423, 0.34589841961860657, -0.2429087609052658, 0.9604166150093079
464, 4, 0.5226161479949951, 0.34701475501060486, -0.24057164788246155, 0.8728223443031311
464, 5, 0.5215656161308289, 0.3467794954776764, -0.24061231315135956, 0.7922124862670898
464, 6, 0.5205060243606567, 0.3465595245361328, -0.24065642058849335, 0.8065511584281921
464, 7, 0.5311955809593201, 0.3423672318458557, -0.2266097366809845, 0.9769501686096191
464, 8, 0.5193376541137695, 0.3430260717868805, -0.21654872596263885, 0.8853071331977844
464, 9, 0.5274385809898376, 0.35911792516708374, -0.2291083037853241, 0.9344552159309387
464, 10, 0.524081826210022, 0.3598141670227051, -0.22619953751564026, 0.8777863383293152
464, 11, 0.5454376935958862, 0.36062392592430115, -0.1953369826078415, 0.9993618130683899
464, 12, 0.5121884346008301, 0.35826489329338074, -0.16780562698841095, 0.8923434019088745
464, 13, 0.5659849643707275, 0.4167785942554474, -0.1948384791612625, 0.9377643465995789
464, 14, 0.5067083239555359, 0.3991192579269409, -0.13455483317375183, 0.16445505619049072
464, 15, 0.5746553540229797, 0.47539812326431274, -0.21584394574165344, 0.900031328201294
464, 16, 0.513019323348999, 0.44370943307876587, -0.13120712339878082, 0.1579381227493286
464, 17, 0.5791938304901123, 0.48321178555488586, -0.23728017508983612, 0.7263234853744507
464, 18, 0.5128247141838074, 0.4509187936782837, -0.1438392698764801, 0.11561624705791473
464, 19, 0.5750428438186646, 0.4828369915485382, -0.24718888103961945, 0.721340000629425
464, 20, 0.5154663324356079, 0.44806939363479614, -0.1531601846218109, 0.13746419548988342
464, 21, 0.5727560520172119, 0.48162397742271423, -0.2213664948940277, 0.6462140679359436
464, 22, 0.5164291262626648, 0.44578468799591064, -0.13562734425067902, 0.11652804911136627
464, 23, 0.538081705570221, 0.4041958153247833, -0.010284009389579296, 0.9943466782569885
464, 24, 0.5219226479530334, 0.4004897177219391, 0.010344905778765678, 0.9906651973724365
464, 25, 0.5309284925460815, 0.3983323872089386, 0.10992009937763214, 0.048357151448726654
464, 26, 0.5164179801940918, 0.3929697275161743, 0.1368153989315033, 0.02672833576798439
464, 27, 0.5223512649536133, 0.4082978665828705, 0.27001121640205383, 0.10846661776304245
464, 28, 0.5126364231109619, 0.4029185473918915, 0.29526033997535706, 0.035138968378305435
464, 29, 0.5217549800872803, 0.4096424877643585, 0.28595587611198425, 0.12019550800323486
464, 30, 0.5145200490951538, 0.4056347608566284, 0.3112369775772095, 0.01888217404484749
464, 31, 0.516991913318634, 0.4159667193889618, 0.26408690214157104, 0.14074812829494476
464, 32, 0.5075355768203735, 0.4107601046562195, 0.2917320430278778, 0.0528276227414608
465, 0, 0.5205801725387573, 0.3906747102737427, -0.32186248898506165, 0.9301989674568176
465, 1, 0.523110032081604, 0.38166165351867676, -0.3319198191165924, 0.9878303408622742
465, 2, 0.524727463722229, 0.38083022832870483, -0.3319697082042694, 0.9855620265007019
465, 3, 0.5263137817382812, 0.3800593912601471, -0.33208221197128296, 0.9928065538406372
465, 4, 0.5184605717658997, 0.38157570362091064, -0.3292406499385834, 0.9601407051086426
465, 5, 0.5170134902000427, 0.38108962774276733, -0.3292793333530426, 0.9140467047691345
465, 6, 0.5155577659606934, 0.3806498348712921, -0.3292999267578125, 0.925934374332428
465, 7, 0.5308417677879333, 0.37076762318611145, -0.3149854242801666, 0.9975505471229553
465, 8, 0.5144498348236084, 0.37151816487312317, -0.30221009254455566, 0.9781555533409119
465, 9, 0.5240563750267029, 0.38990122079849243, -0.3075942397117615, 0.9930007457733154
465, 10, 0.5198113918304443, 0.39076054096221924, -0.3040066659450531, 0.9870210289955139
465, 11, 0.5492503643035889, 0.3730504810810089, -0.26138758659362793, 0.9999632835388184
465, 12, 0.5028305053710938, 0.36651480197906494, -0.23139944672584534, 0.9783636331558228
465, 13, 0.570008397102356, 0.43109890818595886, -0.24921350181102753, 0.9970955848693848
465, 14, 0.4901001453399658, 0.40207603573799133, -0.1754285991191864, 0.8166295886039734
465, 15, 0.5733265280723572, 0.4983827471733093, -0.2809771001338959, 0.9980145692825317
465, 16, 0.48975691199302673, 0.45432499051094055, -0.17257608473300934, 0.7677386403083801
465, 17, 0.5781945586204529, 0.5105639100074768, -0.31382396817207336, 0.9916638135910034
465, 18, 0.48615583777427673, 0.46289771795272827, -0.1931188553571701, 0.6725867986679077
465, 19, 0.5709483027458191, 0.5078072547912598, -0.325626939535141, 0.9892202019691467
465, 20, 0.49068790674209595, 0.46251434087753296, -0.20707039535045624, 0.7143897414207458
465, 21, 0.5682958364486694, 0.5043811798095703, -0.28804922103881836, 0.9807892441749573
465, 22, 0.4933086335659027, 0.4597344398498535, -0.17913393676280975, 0.6623820662498474
465, 23, 0.5405960083007812, 0.40628597140312195, -0.006287082098424435, 0.9998379945755005
465, 24, 0.5154829025268555, 0.39937812089920044, 0.006405869033187628, 0.9994797110557556
465, 25, 0.540542721748352, 0.4194585084915161, 0.16172999143600464, 0.04107905551791191
465, 26, 0.5104308724403381, 0.4008955955505371, 0.18971504271030426, 0.04797368496656418
465, 27, 0.5385469794273376, 0.4122220277786255, 0.3856486678123474, 0.05424031242728233
465, 28, 0.5095164775848389, 0.4034602642059326, 0.40020352602005005, 0.04886128008365631
465, 29, 0.5372732877731323, 0.406875878572464, 0.40861672163009644, 0.08915155380964279
465, 30, 0.5116056799888611, 0.403028666973114, 0.42242568731307983, 0.038720034062862396
465, 31, 0.5384502410888672, 0.42775413393974304, 0.3900572657585144, 0.07492996007204056
465, 32, 0.5066676735877991, 0.41582658886909485, 0.40600401163101196, 0.07734329253435135
466, 0, 0.52644282579422, 0.34563517570495605, -0.1806091070175171, 0.9242342710494995
466, 1, 0.524574339389801, 0.3393452763557434, -0.18897633254528046, 0.9430500268936157
466, 2, 0.5235316157341003, 0.33870548009872437, -0.18899385631084442, 0.9106437563896179
466, 3, 0.5224999189376831, 0.3380848169326782, -0.18906497955322266, 0.9063511490821838
466, 4, 0.5275843739509583, 0.33996447920799255, -0.18882796168327332, 0.9604430794715881
466, 5, 0.5287052392959595, 0.33988669514656067, -0.18885421752929688, 0.9406846165657043
466, 6, 0.5298210382461548, 0.3398325741291046, -0.1889265477657318, 0.9436393976211548
466, 7, 0.5198051333427429, 0.3370298147201538, -0.1941002458333969, 0.8698732852935791
466, 8, 0.5307509303092957, 0.33987218141555786, -0.194529190659523, 0.9573821425437927
466, 9, 0.5246079564094543, 0.3481726050376892, -0.17748112976551056, 0.9221882820129395
466, 10, 0.5282111167907715, 0.34868744015693665, -0.1777690201997757, 0.9425532221794128
466, 11, 0.5125861167907715, 0.3483719229698181, -0.16453717648983002, 0.9887996912002563
466, 12, 0.5357130169868469, 0.3626232445240021, -0.1593092530965805, 0.9633723497390747
466, 13, 0.5261959433555603, 0.41940391063690186, -0.14627820253372192, 0.23864541947841644
466, 14, 0.544028639793396, 0.43347471952438354, -0.14346402883529663, 0.23447634279727936
466, 15, 0.5392438769340515, 0.47468969225883484, -0.14506179094314575, 0.7753760814666748
466, 16, 0.5458320379257202, 0.4831794202327728, -0.14437580108642578, 0.8131439089775085
466, 17, 0.5419728755950928, 0.4814074635505676, -0.16056464612483978, 0.632652223110199
466, 18, 0.5456293821334839, 0.492375910282135, -0.1608571857213974, 0.6493492722511292
466, 19, 0.5415318608283997, 0.48065322637557983, -0.16800962388515472, 0.644332230091095
466, 20, 0.5449765920639038, 0.4874275326728821, -0.1668422371149063, 0.6698686480522156
466, 21, 0.5418988466262817, 0.4799244701862335, -0.14890410006046295, 0.5309776067733765
466, 22, 0.5444007515907288, 0.4843940734863281, -0.1482636034488678, 0.5647576451301575
466, 23, 0.5228866934776306, 0.4044273793697357, -0.004953647963702679, 0.8771556615829468
466, 24, 0.5326478481292725, 0.41433215141296387, 0.005018527153879404, 0.8370617628097534
466, 25, 0.5184948444366455, 0.3765316307544708, 0.1128145232796669, 0.0772101879119873
466, 26, 0.5235564112663269, 0.39156121015548706, 0.12606686353683472, 0.03359014913439751
466, 27, 0.5161551833152771, 0.3832295835018158, 0.26737526059150696, 0.25870445370674133
466, 28, 0.5279942750930786, 0.3768070936203003, 0.2742447257041931, 0.1076466292142868
466, 29, 0.5167896151542664, 0.38626372814178467, 0.28333428502082825, 0.21582861244678497
466, 30, 0.5302923917770386, 0.37548255920410156, 0.2898627519607544, 0.06642939895391464
466, 31, 0.5133569836616516, 0.37920069694519043, 0.2739623188972473, 0.057373080402612686
466, 32, 0.5234198570251465, 0.37289366126060486, 0.28156736493110657, 0.03359856456518173
467, 0, 0.5250720381736755, 0.36907514929771423, -0.31494566798210144, 0.9430559277534485
467, 1, 0.526544988155365, 0.3596683144569397, -0.3215930163860321, 0.9838560819625854
467, 2, 0.5277625322341919, 0.3588365912437439, -0.3216405212879181, 0.9816612005233765
467, 3, 0.5289583206176758, 0.35805028676986694, -0.32175081968307495, 0.9883509874343872
467, 4, 0.5226246118545532, 0.3601193428039551, -0.319853812456131, 0.9603066444396973
467, 5, 0.5214094519615173, 0.35983163118362427, -0.3198956549167633, 0.9282991886138916
467, 6, 0.520176112651825, 0.359575092792511, -0.31992119550704956, 0.9295946359634399
467, 7, 0.5316311717033386, 0.35193249583244324, -0.2991529703140259, 0.9929006099700928
467, 8, 0.5183502435684204, 0.3541155457496643, -0.291214257478714, 0.9675503969192505
467, 9, 0.527490496635437, 0.37081125378608704, -0.29999667406082153, 0.9872328042984009
467, 10, 0.5240049362182617, 0.3717959523200989, -0.2977535128593445, 0.9793805480003357
467, 11, 0.5447971820831299, 0.3617512881755829, -0.25081998109817505, 0.9998877048492432
467, 12, 0.5088891386985779, 0.36309635639190674, -0.22344276309013367, 0.9855048060417175
467, 13, 0.5628670454025269, 0.42176374793052673, -0.24201460182666779, 0.9812155365943909
467, 14, 0.500322163105011, 0.4099411070346832, -0.17787626385688782, 0.5531657934188843
467, 15, 0.5674765706062317, 0.48648399114608765, -0.2729433476924896, 0.983730673789978
467, 16, 0.5021999478340149, 0.45790931582450867, -0.18122084438800812, 0.5171370506286621
467, 17, 0.5721086859703064, 0.49611371755599976, -0.3024364113807678, 0.9517964124679565
467, 18, 0.4996662735939026, 0.4652497172355652, -0.20161831378936768, 0.4207437038421631
467, 19, 0.5662049055099487, 0.4948287010192871, -0.31434136629104614, 0.9493985176086426
467, 20, 0.5033430457115173, 0.462844580411911, -0.21512050926685333, 0.46799811720848083
467, 21, 0.5638206005096436, 0.4922471046447754, -0.2798045873641968, 0.9077701568603516
467, 22, 0.5051102638244629, 0.4600781202316284, -0.1878277063369751, 0.3873995244503021
467, 23, 0.5386670827865601, 0.40342026948928833, -0.008253480307757854, 0.9980883002281189
467, 24, 0.5191637277603149, 0.40099281072616577, 0.00838867761194706, 0.9952723383903503
467, 25, 0.5345056653022766, 0.3958834409713745, 0.15797743201255798, 0.030591733753681183
467, 26, 0.5105045437812805, 0.390146940946579, 0.18297918140888214, 0.03485991433262825
467, 27, 0.5278393626213074, 0.3886324167251587, 0.3649984896183014, 0.07126400619745255
467, 28, 0.5101635456085205, 0.3794836401939392, 0.3856835961341858, 0.03276605159044266
467, 29, 0.5255668759346008, 0.3865014314651489, 0.38622352480888367, 0.1503007858991623
467, 30, 0.5119069814682007, 0.3794189989566803, 0.4073020815849304, 0.030591106042265892
467, 31, 0.5281423330307007, 0.39601075649261475, 0.3656272888183594, 0.08964800089597702
467, 32, 0.5083175897598267, 0.38227590918540955, 0.39023256301879883, 0.04671371355652809
468, 0, 0.5224383473396301, 0.3745400011539459, -0.28289297223091125, 0.8451037406921387
468, 1, 0.5242893099784851, 0.3653145134449005, -0.2906999886035919, 0.9605523347854614
468, 2, 0.5256841778755188, 0.3644464612007141, -0.2907560467720032, 0.9469133615493774
468, 3, 0.5270536541938782, 0.3636366128921509, -0.29086312651634216, 0.9741569757461548
468, 4, 0.5202017426490784, 0.3658728003501892, -0.28816404938697815, 0.8981106877326965
468, 5, 0.5189120769500732, 0.3656940758228302, -0.2881985604763031, 0.7885180711746216
468, 6, 0.5176079273223877, 0.3655458986759186, -0.288229763507843, 0.837717592716217
468, 7, 0.5305208563804626, 0.3566773235797882, -0.2740749418735504, 0.9841602444648743
468, 8, 0.5163036584854126, 0.3594328463077545, -0.2619464099407196, 0.9030353426933289
468, 9, 0.525398850440979, 0.3750196099281311, -0.2700987160205841, 0.9709177613258362
468, 10, 0.5215792059898376, 0.376282274723053, -0.26665106415748596, 0.9617339372634888
468, 11, 0.5453169345855713, 0.362764447927475, -0.22824469208717346, 0.9997346997261047
468, 12, 0.5056664943695068, 0.36371049284935, -0.20218868553638458, 0.9781980514526367
468, 13, 0.5656194090843201, 0.41560888290405273, -0.22110049426555634, 0.9857596755027771
468, 14, 0.49412107467651367, 0.4045274555683136, -0.1622578650712967, 0.7522291541099548
468, 15, 0.5735814571380615, 0.47780901193618774, -0.2462584525346756, 0.9795321822166443
468, 16, 0.4950910210609436, 0.4534483253955841, -0.16647693514823914, 0.6384282112121582
468, 17, 0.5787268877029419, 0.4879235029220581, -0.2728792428970337, 0.9348310232162476
468, 18, 0.4922359585762024, 0.4614056944847107, -0.1846768707036972, 0.5017045736312866
468, 19, 0.5728884935379028, 0.4875432848930359, -0.2839394211769104, 0.9235519766807556
468, 20, 0.49605265259742737, 0.4602136015892029, -0.19739112257957458, 0.5457294583320618
468, 21, 0.5702817440032959, 0.485059916973114, -0.252627968788147, 0.8759629726409912
468, 22, 0.498065322637558, 0.457582950592041, -0.1726856380701065, 0.4997853934764862
468, 23, 0.5400945544242859, 0.4031265377998352, -0.00638180086389184, 0.9995600581169128
468, 24, 0.5188267827033997, 0.4021286368370056, 0.006482862867414951, 0.9988313317298889
468, 25, 0.545196533203125, 0.40759986639022827, 0.14324645698070526, 0.09506456553936005
468, 26, 0.5155417919158936, 0.4052068591117859, 0.16517074406147003, 0.07284985482692719
468, 27, 0.5411017537117004, 0.40179115533828735, 0.33863359689712524, 0.0758761540055275
468, 28, 0.5138335824012756, 0.3989912271499634, 0.3544495403766632, 0.04105521738529205
468, 29, 0.5387458205223083, 0.39770957827568054, 0.3587161600589752, 0.10192059725522995
468, 30, 0.5150232315063477, 0.3977459669113159, 0.37472715973854065, 0.02987189032137394
468, 31, 0.5426870584487915, 0.41525235772132874, 0.3408133387565613, 0.09319744259119034
468, 32, 0.5132377743721008, 0.40620726346969604, 0.3602433502674103, 0.06108653172850609
469, 0, 0.5205621719360352, 0.36517685651779175, -0.20718315243721008, 0.973000705242157
469, 1, 0.5218850374221802, 0.35823512077331543, -0.21510204672813416, 0.9962466359138489
469, 2, 0.5227208733558655, 0.3580349385738373, -0.21513858437538147, 0.9947919249534607
469, 3, 0.523527204990387, 0.35784912109375, -0.21524985134601593, 0.9969980716705322
469, 4, 0.5194270610809326, 0.3568446636199951, -0.21290092170238495, 0.9921746850013733
469, 5, 0.518781840801239, 0.3559856414794922, -0.21295049786567688, 0.985305905342102
469, 6, 0.5181118845939636, 0.3551475405693054, -0.2129875123500824, 0.9873853921890259
469, 7, 0.5256872773170471, 0.3533366322517395, -0.2114478051662445, 0.998478353023529
469, 8, 0.5174079537391663, 0.3495525121688843, -0.20307335257530212, 0.9953964352607727
469, 9, 0.5223771929740906, 0.3672359585762024, -0.20060262084007263, 0.9946593642234802
469, 10, 0.520263135433197, 0.36614084243774414, -0.19821520149707794, 0.9919691681861877
469, 11, 0.5327596068382263, 0.3616862893104553, -0.18446427583694458, 0.9999079704284668
469, 12, 0.5140455961227417, 0.3562294542789459, -0.14897005259990692, 0.9877623319625854
469, 13, 0.5554540753364563, 0.4091922640800476, -0.1671837866306305, 0.9368752837181091
469, 14, 0.5084303617477417, 0.38627561926841736, -0.08855456113815308, 0.023486508056521416
469, 15, 0.5638930797576904, 0.4596838355064392, -0.1809585988521576, 0.9272832870483398
469, 16, 0.5116659998893738, 0.423525333404541, -0.062395475804805756, 0.03024667501449585
469, 17, 0.5680266618728638, 0.46678435802459717, -0.19985394179821014, 0.7899693846702576
469, 18, 0.5111516118049622, 0.43025726079940796, -0.06827818602323532, 0.027192337438464165
469, 19, 0.5641298294067383, 0.46570074558258057, -0.20879702270030975, 0.7822381258010864
469, 20, 0.5125066041946411, 0.4284195899963379, -0.0794389620423317, 0.0341695211827755
469, 21, 0.5624524354934692, 0.4645124077796936, -0.1854562610387802, 0.6733497381210327
469, 22, 0.513167142868042, 0.42652368545532227, -0.06645090878009796, 0.029805680736899376
469, 23, 0.5300461649894714, 0.4023216962814331, -0.012054681777954102, 0.998918890953064
469, 24, 0.5208452939987183, 0.3988655209541321, 0.012202529236674309, 0.9980201721191406
469, 25, 0.5235123038291931, 0.3963283896446228, 0.12046463787555695, 0.035235047340393066
469, 26, 0.5175806283950806, 0.3931712806224823, 0.14453919231891632, 0.023427274078130722
469, 27, 0.5165832042694092, 0.4030366539955139, 0.27687883377075195, 0.09715116769075394
469, 28, 0.512833833694458, 0.3948460817337036, 0.3027693033218384, 0.03146064281463623
469, 29, 0.5167770981788635, 0.4057919681072235, 0.2930375337600708, 0.13607579469680786
469, 30, 0.514665424823761, 0.3965934216976166, 0.31948885321617126, 0.03303244709968567
469, 31, 0.5096809267997742, 0.402351051568985, 0.27939632534980774, 0.0661073625087738
469, 32, 0.5077126622200012, 0.39670228958129883, 0.3097248375415802, 0.027324866503477097
470, 0, 0.5225576162338257, 0.3970453143119812, -0.18815888464450836, 0.9232566952705383
470, 1, 0.5229922533035278, 0.3908996284008026, -0.19778573513031006, 0.9819459319114685
470, 2, 0.5238085389137268, 0.3898879885673523, -0.19781434535980225, 0.981447696685791
470, 3, 0.5246203541755676, 0.38888245820999146, -0.19790653884410858, 0.9863741397857666
470, 4, 0.5197607278823853, 0.3915180265903473, -0.19826571643352509, 0.9636365175247192
470, 5, 0.518801748752594, 0.3910391628742218, -0.19831860065460205, 0.954883873462677
470, 6, 0.5178350210189819, 0.39060288667678833, -0.19834740459918976, 0.9501058459281921
470, 7, 0.5249375700950623, 0.37899741530418396, -0.196608766913414, 0.9961838126182556
470, 8, 0.5143308639526367, 0.382133811712265, -0.19982671737670898, 0.9888209104537964
470, 9, 0.5236800312995911, 0.3949589729309082, -0.18150319159030914, 0.986322283744812
470, 10, 0.5215179324150085, 0.3953726887702942, -0.18261367082595825, 0.9782382249832153
470, 11, 0.5331115126609802, 0.36534619331359863, -0.1683630347251892, 0.9998996257781982
470, 12, 0.5062183737754822, 0.37783610820770264, -0.14624539017677307, 0.9941474199295044
470, 13, 0.5583275556564331, 0.4034518301486969, -0.1383952647447586, 0.8822202682495117
470, 14, 0.5019382238388062, 0.4037700295448303, -0.07829158753156662, 0.05059564858675003
470, 15, 0.5688167214393616, 0.4704068601131439, -0.14347265660762787, 0.9615920782089233
470, 16, 0.5089083909988403, 0.4457857012748718, -0.040184613317251205, 0.16156639158725739
470, 17, 0.5751515626907349, 0.47762250900268555, -0.15712964534759521, 0.9015956521034241
470, 18, 0.5071927905082703, 0.4528765082359314, -0.04115993157029152, 0.16015872359275818
470, 19, 0.5698913931846619, 0.48041245341300964, -0.16328667104244232, 0.9175345301628113
470, 20, 0.5094252824783325, 0.45016029477119446, -0.049106769263744354, 0.18471480906009674
470, 21, 0.5666292309761047, 0.4791857898235321, -0.14605101943016052, 0.8628969788551331
470, 22, 0.5111192464828491, 0.44772857427597046, -0.04209277033805847, 0.1496860831975937
470, 23, 0.5284488797187805, 0.40213507413864136, -0.008720087818801403, 0.9974406957626343
470, 24, 0.5146772265434265, 0.4066440463066101, 0.008865312673151493, 0.9972586631774902
470, 25, 0.5231094360351562, 0.3843157887458801, 0.10783491283655167, 0.03528047725558281
470, 26, 0.5131561160087585, 0.3856574296951294, 0.12806899845600128, 0.016719521954655647
470, 27, 0.5153734087944031, 0.3811820447444916, 0.24833860993385315, 0.05865984037518501
470, 28, 0.5078371167182922, 0.37893107533454895, 0.2672279477119446, 0.026074431836605072
470, 29, 0.5147138237953186, 0.3773403465747833, 0.2633553445339203, 0.07912840694189072
470, 30, 0.5086108446121216, 0.37406259775161743, 0.28231459856033325, 0.025337504222989082
470, 31, 0.5135140419006348, 0.3889508545398712, 0.2562558054924011, 0.06301812082529068
470, 32, 0.5053113698959351, 0.39075469970703125, 0.27802249789237976, 0.038138553500175476
471, 0, 0.5223424434661865, 0.38882774114608765, -0.1834946721792221, 0.9727070331573486
471, 1, 0.5228554010391235, 0.38311102986335754, -0.19289276003837585, 0.9948835968971252
471, 2, 0.5236565470695496, 0.38230130076408386, -0.19291557371616364, 0.9939467310905457
471, 3, 0.5244489312171936, 0.3814980685710907, -0.19301092624664307, 0.9960519671440125
471, 4, 0.5199225544929504, 0.3832424581050873, -0.1926916241645813, 0.9903762936592102
471, 5, 0.5190606713294983, 0.38266342878341675, -0.19273939728736877, 0.9863014221191406
471, 6, 0.5181888341903687, 0.3821256756782532, -0.19276759028434753, 0.9867911338806152
471, 7, 0.5250338315963745, 0.37262335419654846, -0.19382302463054657, 0.9988216757774353
471, 8, 0.5152570009231567, 0.3742188811302185, -0.19397765398025513, 0.9966801404953003
471, 9, 0.5237219929695129, 0.3871416747570038, -0.17803955078125, 0.9951569437980652
471, 10, 0.5215244889259338, 0.38710838556289673, -0.17822402715682983, 0.9929242134094238
471, 11, 0.532526433467865, 0.36297807097435, -0.16992227733135223, 0.9999369382858276
471, 12, 0.5088374614715576, 0.3731233477592468, -0.14305058121681213, 0.9956368803977966
471, 13, 0.5582863688468933, 0.40501752495765686, -0.14350272715091705, 0.9455655813217163
471, 14, 0.5067369341850281, 0.402860552072525, -0.07861248403787613, 0.04869970679283142
471, 15, 0.5680203437805176, 0.468581885099411, -0.14312931895256042, 0.9690238833427429
471, 16, 0.5112890005111694, 0.4441460967063904, -0.041512783616781235, 0.12853923439979553
471, 17, 0.5733858942985535, 0.4760664105415344, -0.15669205784797668, 0.9026665091514587
471, 18, 0.5096033811569214, 0.45127466320991516, -0.04233577102422714, 0.11468831449747086
471, 19, 0.5683885812759399, 0.47849413752555847, -0.1621244102716446, 0.9172562956809998
471, 20, 0.5111435055732727, 0.44953808188438416, -0.05090399459004402, 0.13786092400550842
471, 21, 0.5658342242240906, 0.4770471453666687, -0.14544972777366638, 0.8640432357788086
471, 22, 0.5127624869346619, 0.44716230034828186, -0.04384700953960419, 0.11517702043056488
471, 23, 0.529516339302063, 0.3997432589530945, -0.009567460976541042, 0.9989193677902222
471, 24, 0.5177913308143616, 0.40403369069099426, 0.009703468531370163, 0.9988828301429749
471, 25, 0.5245457291603088, 0.3913569450378418, 0.10425736755132675, 0.08206749707460403
471, 26, 0.5169069170951843, 0.3952302634716034, 0.12471409887075424, 0.026848480105400085
471, 27, 0.5160666108131409, 0.3994143307209015, 0.2394200563430786, 0.1159210056066513
471, 28, 0.5093851089477539, 0.4007788896560669, 0.25724560022354126, 0.039772454649209976
471, 29, 0.5159549117088318, 0.39859530329704285, 0.25375857949256897, 0.11219129711389542
471, 30, 0.5098879933357239, 0.3989766538143158, 0.271473228931427, 0.02815212868154049
471, 31, 0.5126739144325256, 0.4062274992465973, 0.24736745655536652, 0.11332301050424576
471, 32, 0.5066031217575073, 0.41274023056030273, 0.2670537233352661, 0.05210944637656212
472, 0, 0.5206254720687866, 0.4348600506782532, -0.1642691195011139, 0.9945886135101318
472, 1, 0.5245578289031982, 0.42425888776779175, -0.177998349070549, 0.993881344795227
472, 2, 0.5271598100662231, 0.42277801036834717, -0.17799897491931915, 0.9934597015380859
472, 3, 0.5297632217407227, 0.42136797308921814, -0.1780778169631958, 0.9946521520614624
472, 4, 0.5163923501968384, 0.42472806572914124, -0.17848482728004456, 0.9895125031471252
472, 5, 0.5135999917984009, 0.42368385195732117, -0.1785215437412262, 0.9882166981697083
472, 6, 0.5108365416526794, 0.4226571023464203, -0.17857150733470917, 0.9888210296630859
472, 7, 0.5337525606155396, 0.40267783403396606, -0.18339724838733673, 0.9981330037117004
472, 8, 0.5048213005065918, 0.4054005444049835, -0.18610678613185883, 0.9948769211769104
472, 9, 0.5244436264038086, 0.4288331866264343, -0.15859808027744293, 0.9973207116127014
472, 10, 0.5165505409240723, 0.4294988512992859, -0.15955615043640137, 0.9958511590957642
472, 11, 0.552287757396698, 0.38295120000839233, -0.15394365787506104, 0.9997078776359558
472, 12, 0.48585009574890137, 0.3845435380935669, -0.14213933050632477, 0.999292254447937
472, 13, 0.5806995630264282, 0.4365622103214264, -0.1223214641213417, 0.9546125531196594
472, 14, 0.4725610613822937, 0.43291470408439636, -0.10511766374111176, 0.7698575258255005
472, 15, 0.5716480016708374, 0.5004262924194336, -0.11674363911151886, 0.843884289264679
472, 16, 0.4841234087944031, 0.47652989625930786, -0.09730823338031769, 0.5875991582870483
472, 17, 0.5750470161437988, 0.5156692862510681, -0.12454007565975189, 0.6620849370956421
472, 18, 0.4842666983604431, 0.4893207848072052, -0.09860386699438095, 0.5073846578598022
472, 19, 0.5685732364654541, 0.5116609334945679, -0.12744556367397308, 0.6798384189605713
472, 20, 0.4880004823207855, 0.4813684821128845, -0.10246551036834717, 0.5006766319274902
472, 21, 0.5651110410690308, 0.5061345100402832, -0.11726298183202744, 0.6267315745353699
472, 22, 0.4902568757534027, 0.4766961932182312, -0.09745606034994125, 0.4493054449558258
472, 23, 0.5394405126571655, 0.4312490224838257, -6.94461923558265e-05, 0.9985823631286621
472, 24, 0.5060291886329651, 0.4312213063240051, 0.00011099863331764936, 0.9988893866539001
472, 25, 0.536573052406311, 0.5092683434486389, 0.07076538354158401, 0.2549908459186554
472, 26, 0.5074639320373535, 0.5112842917442322, 0.07639675587415695, 0.46486738324165344
472, 27, 0.5283486843109131, 0.5682708621025085, 0.14650540053844452, 0.2093643695116043
472, 28, 0.5096483826637268, 0.576557993888855, 0.15611501038074493, 0.26455050706863403
472, 29, 0.5265229940414429, 0.571414589881897, 0.15378187596797943, 0.1677088439464569
472, 30, 0.5108641386032104, 0.5808005928993225, 0.16362495720386505, 0.13456875085830688
472, 31, 0.5300446152687073, 0.6047572493553162, 0.13344550132751465, 0.3257991075515747
472, 32, 0.5125501155853271, 0.6179956197738647, 0.14106588065624237, 0.3320612609386444
473, 0, 0.5240165591239929, 0.3991365134716034, -0.18704073131084442, 0.98386150598526
473, 1, 0.522485613822937, 0.3984213173389435, -0.19694656133651733, 0.9963293671607971
473, 2, 0.5217772126197815, 0.3977383077144623, -0.19695501029491425, 0.9949900507926941
473, 3, 0.521084725856781, 0.39705294370651245, -0.19702820479869843, 0.9955561757087708
473, 4, 0.524092435836792, 0.3984074592590332, -0.19843026995658875, 0.9951621890068054
473, 5, 0.5247274041175842, 0.3977864980697632, -0.19848501682281494, 0.9933941960334778
473, 6, 0.5253442525863647, 0.3971937894821167, -0.19854150712490082, 0.9939815402030945
473, 7, 0.5189648270606995, 0.3891720175743103, -0.19444887340068817, 0.9985455274581909
473, 8, 0.5248361825942993, 0.38967692852020264, -0.20194120705127716, 0.9990633130073547
473, 9, 0.5224429965019226, 0.39505916833877563, -0.17957553267478943, 0.996912956237793
473, 10, 0.5252785086631775, 0.39473727345466614, -0.18200232088565826, 0.9973365664482117
473, 11, 0.5181000232696533, 0.3714800477027893, -0.15007929503917694, 0.9997920393943787
473, 12, 0.5234449505805969, 0.37903133034706116, -0.14969554543495178, 0.9983611702919006
473, 13, 0.5380530953407288, 0.402710884809494, -0.11605201661586761, 0.6617190837860107
473, 14, 0.5227960348129272, 0.3981882333755493, -0.08926668018102646, 0.20181235671043396
473, 15, 0.556428849697113, 0.4586454927921295, -0.12974803149700165, 0.8787044286727905
473, 16, 0.5334987640380859, 0.4431825280189514, -0.057455647736787796, 0.3399079740047455
473, 17, 0.5619993209838867, 0.4640010893344879, -0.14203743636608124, 0.7961230278015137
473, 18, 0.5345234870910645, 0.4519510865211487, -0.05959724634885788, 0.2725207507610321
473, 19, 0.5615703463554382, 0.467009961605072, -0.14717979729175568, 0.8208069205284119
473, 20, 0.5347572565078735, 0.4513239860534668, -0.06467773020267487, 0.29981181025505066
473, 21, 0.5596466660499573, 0.46619507670402527, -0.13230736553668976, 0.7094963192939758
473, 22, 0.5345791578292847, 0.448747456073761, -0.05814368650317192, 0.22308780252933502
473, 23, 0.5221750140190125, 0.39714178442955017, -0.005532317329198122, 0.9995465874671936
473, 24, 0.524029016494751, 0.4018276333808899, 0.00566584849730134, 0.9997100234031677
473, 25, 0.5205798745155334, 0.39389169216156006, 0.10029901564121246, 0.2192368358373642
473, 26, 0.5247307419776917, 0.3961776793003082, 0.10481275618076324, 0.08906133472919464
473, 27, 0.5153598785400391, 0.405484676361084, 0.23269517719745636, 0.2585793137550354
473, 28, 0.5179906487464905, 0.40675652027130127, 0.23620803654193878, 0.10058284550905228
473, 29, 0.5157225131988525, 0.4032016396522522, 0.2468481957912445, 0.24306277930736542
473, 30, 0.5175440907478333, 0.4047512114048004, 0.25037288665771484, 0.06269405782222748
473, 31, 0.5151946544647217, 0.4125871956348419, 0.24226954579353333, 0.1430753767490387
473, 32, 0.5169146656990051, 0.41646096110343933, 0.24467353522777557, 0.06036511808633804
474, 0, 0.5184063911437988, 0.37315601110458374, -0.19400231540203094, 0.8137515783309937
474, 1, 0.5189189314842224, 0.36473923921585083, -0.20098023116588593, 0.9709421396255493
474, 2, 0.5199413299560547, 0.3640635311603546, -0.20102043449878693, 0.9703180193901062
474, 3, 0.5209301710128784, 0.36342206597328186, -0.20114067196846008, 0.9828990697860718
474, 4, 0.5156907439231873, 0.36456552147865295, -0.19950427114963531, 0.9192175269126892
474, 5, 0.5147055387496948, 0.36408281326293945, -0.19954876601696014, 0.8692997694015503
474, 6, 0.5137051343917847, 0.36362406611442566, -0.1995985507965088, 0.8737497925758362
474, 7, 0.5228189826011658, 0.3565644919872284, -0.1952742040157318, 0.994268536567688
474, 8, 0.5119084715843201, 0.3571365773677826, -0.18951481580734253, 0.9686757326126099
474, 9, 0.5208816528320312, 0.37360864877700806, -0.18685467541217804, 0.9618628621101379
474, 10, 0.5180200338363647, 0.37389153242111206, -0.1852114498615265, 0.9363142848014832
474, 11, 0.5348039269447327, 0.3624146282672882, -0.16958212852478027, 0.9997958540916443
474, 12, 0.5060376524925232, 0.3592692017555237, -0.14124689996242523, 0.95919269323349
474, 13, 0.5592405796051025, 0.4039567708969116, -0.16242875158786774, 0.9111353158950806
474, 14, 0.4983893036842346, 0.3857543468475342, -0.08404842019081116, 0.032617416232824326
474, 15, 0.5720235109329224, 0.4614882469177246, -0.17752502858638763, 0.9088520407676697
474, 16, 0.5003074407577515, 0.4255916476249695, -0.05610709264874458, 0.04362206906080246
474, 17, 0.5781264901161194, 0.46930795907974243, -0.19546206295490265, 0.7403014898300171
474, 18, 0.4982302784919739, 0.4326702058315277, -0.0596015527844429, 0.045566312968730927
474, 19, 0.5727269053459167, 0.47138503193855286, -0.2029440701007843, 0.722598135471344
474, 20, 0.49979743361473083, 0.43276798725128174, -0.07051724940538406, 0.06031172350049019
474, 21, 0.5701315402984619, 0.469552218914032, -0.1817263960838318, 0.6452728509902954
474, 22, 0.5014002919197083, 0.43070363998413086, -0.05973740667104721, 0.04818684980273247
474, 23, 0.5323946475982666, 0.3998718559741974, -0.009708323515951633, 0.9990372657775879
474, 24, 0.519065797328949, 0.39764612913131714, 0.009814263321459293, 0.9976068735122681
474, 25, 0.5253308415412903, 0.4104693531990051, 0.1081819161772728, 0.02342170663177967
474, 26, 0.5173506140708923, 0.40499114990234375, 0.12729790806770325, 0.029506376013159752
474, 27, 0.5206956267356873, 0.41811931133270264, 0.24546746909618378, 0.10489580035209656
474, 28, 0.5138421654701233, 0.4117065966129303, 0.2652416229248047, 0.0446755588054657
474, 29, 0.5219933390617371, 0.4187319576740265, 0.25941258668899536, 0.15268607437610626
474, 30, 0.5160328149795532, 0.4120766222476959, 0.2796420156955719, 0.046794332563877106
474, 31, 0.5130946636199951, 0.42456865310668945, 0.24427469074726105, 0.06428203731775284
474, 32, 0.5090602040290833, 0.4193916320800781, 0.26652467250823975, 0.03689518943428993
475, 0, 0.5184020400047302, 0.42775362730026245, -0.26502150297164917, 0.9994146823883057
475, 1, 0.5229277014732361, 0.42557233572006226, -0.27085447311401367, 0.9994634985923767
475, 2, 0.5252519249916077, 0.4266563951969147, -0.27083489298820496, 0.9992960691452026
475, 3, 0.5275683403015137, 0.427682101726532, -0.2708272337913513, 0.9991280436515808
475, 4, 0.5160652995109558, 0.420958548784256, -0.2710099518299103, 0.9997585415840149
475, 5, 0.5138506293296814, 0.4190099835395813, -0.271060973405838, 0.9997089505195618
475, 6, 0.5116117596626282, 0.41704124212265015, -0.2711164653301239, 0.9997135996818542
475, 7, 0.5334186553955078, 0.41911154985427856, -0.23693470656871796, 0.9972686767578125
475, 8, 0.5081564784049988, 0.40258970856666565, -0.2381208837032318, 0.9997161030769348
475, 9, 0.5220595598220825, 0.4244873821735382, -0.24572035670280457, 0.9980839490890503
475, 10, 0.5150249600410461, 0.41941291093826294, -0.2461424618959427, 0.9992444515228271
475, 11, 0.5539326667785645, 0.4145347476005554, -0.16241741180419922, 0.9973832964897156
475, 12, 0.48605671525001526, 0.3626670837402344, -0.1730438619852066, 0.9989714622497559
475, 13, 0.5700306296348572, 0.46495193243026733, -0.1405152827501297, 0.9871518611907959
475, 14, 0.4709135890007019, 0.3517683148384094, -0.11297788470983505, 0.8763049840927124
475, 15, 0.5689976811408997, 0.530272901058197, -0.1819460242986679, 0.9962570667266846
475, 16, 0.47396817803382874, 0.37053191661834717, -0.10438136011362076, 0.9278618693351746
475, 17, 0.5745558738708496, 0.5523044466972351, -0.2052827775478363, 0.9942536950111389
475, 18, 0.46904319524765015, 0.37257257103919983, -0.12168274819850922, 0.9085214138031006
475, 19, 0.5656781792640686, 0.5487648844718933, -0.2117590606212616, 0.9939025640487671
475, 20, 0.47551506757736206, 0.377075731754303, -0.12950818240642548, 0.9048576951026917
475, 21, 0.5618560910224915, 0.538017749786377, -0.1862628012895584, 0.9847425222396851
475, 22, 0.47961339354515076, 0.376198410987854, -0.10732128471136093, 0.874305784702301
475, 23, 0.5422560572624207, 0.34781011939048767, 0.0036665897350758314, 0.9953332543373108
475, 24, 0.5115302205085754, 0.32334890961647034, -0.0037833373062312603, 0.9916969537734985
475, 25, 0.526764452457428, 0.40659454464912415, 0.123567596077919, 0.07742717117071152
475, 26, 0.4962143301963806, 0.3860366940498352, 0.11243297904729843, 0.06292400509119034
475, 27, 0.5250592231750488, 0.396315336227417, 0.302876740694046, 0.1253342181444168
475, 28, 0.5008742809295654, 0.38697054982185364, 0.2951618731021881, 0.05297509953379631
475, 29, 0.5240986347198486, 0.3900437355041504, 0.3219927251338959, 0.10821186751127243
475, 30, 0.5014501810073853, 0.38366708159446716, 0.31503576040267944, 0.06362266093492508
475, 31, 0.5241633057594299, 0.41622230410575867, 0.3168596923351288, 0.07207821309566498
475, 32, 0.502311110496521, 0.40458059310913086, 0.3110029995441437, 0.027713151648640633
476, 0, 0.5168193578720093, 0.4328937530517578, -0.21265001595020294, 0.997765302658081
476, 1, 0.5202353596687317, 0.43035417795181274, -0.22122207283973694, 0.9983617663383484
476, 2, 0.5224656462669373, 0.43106552958488464, -0.22122640907764435, 0.9977390766143799
476, 3, 0.5246883630752563, 0.4316893219947815, -0.22124633193016052, 0.9975983500480652
476, 4, 0.5134003758430481, 0.4267001748085022, -0.22057780623435974, 0.9991613626480103
476, 5, 0.5110793113708496, 0.42503640055656433, -0.2206287384033203, 0.999016284942627
476, 6, 0.5087513327598572, 0.4232984185218811, -0.2206954061985016, 0.9991544485092163
476, 7, 0.5297218561172485, 0.4216676950454712, -0.20444317162036896, 0.9920525550842285
476, 8, 0.5050050616264343, 0.4078938663005829, -0.20135018229484558, 0.9989180564880371
476, 9, 0.5205580592155457, 0.4279659688472748, -0.20018382370471954, 0.9942277669906616
476, 10, 0.513593852519989, 0.42418959736824036, -0.19933035969734192, 0.9973128437995911
476, 11, 0.5516812205314636, 0.4069170355796814, -0.14820162951946259, 0.9956753849983215
476, 12, 0.48733311891555786, 0.36473023891448975, -0.1543305665254593, 0.9982438087463379
476, 13, 0.5756090879440308, 0.44770780205726624, -0.13782526552677155, 0.9844054579734802
476, 14, 0.4704764485359192, 0.35184165835380554, -0.10424981266260147, 0.6397060751914978
476, 15, 0.5786561965942383, 0.5030555725097656, -0.17854058742523193, 0.9947466254234314
476, 16, 0.4725917875766754, 0.37598326802253723, -0.08492124080657959, 0.7959239482879639
476, 17, 0.5840057134628296, 0.5229547023773193, -0.19980525970458984, 0.9925258159637451
476, 18, 0.46741193532943726, 0.3809260129928589, -0.0984724909067154, 0.7616541385650635
476, 19, 0.575499415397644, 0.5212109684944153, -0.20313647389411926, 0.9924498796463013
476, 20, 0.47401517629623413, 0.3855881690979004, -0.10325686633586884, 0.7561759948730469
476, 21, 0.5723488926887512, 0.5118656158447266, -0.18148861825466156, 0.9777950048446655
476, 22, 0.4780886769294739, 0.3837538957595825, -0.08641226589679718, 0.7283565998077393
476, 23, 0.5408216118812561, 0.3312183618545532, 0.001610427862033248, 0.9954050779342651
476, 24, 0.5131273865699768, 0.31235140562057495, -0.0017887791618704796, 0.9894570708274841
476, 25, 0.5273494124412537, 0.38061654567718506, 0.11187995970249176, 0.04226044937968254
476, 26, 0.4995773434638977, 0.37078768014907837, 0.11490585654973984, 0.024844083935022354
476, 27, 0.5262539982795715, 0.37231582403182983, 0.2644566595554352, 0.14341528713703156
476, 28, 0.5022708177566528, 0.3703067898750305, 0.2617984116077423, 0.0473255030810833
476, 29, 0.5248494148254395, 0.36802148818969727, 0.28078705072402954, 0.11298548430204391
476, 30, 0.5020508766174316, 0.3674006164073944, 0.2777993381023407, 0.06888015568256378
476, 31, 0.5268206596374512, 0.3887740969657898, 0.278626024723053, 0.037958454340696335
476, 32, 0.5055121779441833, 0.3827100098133087, 0.2757115364074707, 0.019136300310492516
477, 0, 0.515049397945404, 0.4199720621109009, -0.19251243770122528, 0.9996199607849121
477, 1, 0.517565131187439, 0.41764211654663086, -0.20300796627998352, 0.9996304512023926
477, 2, 0.5191173553466797, 0.41843053698539734, -0.2030213177204132, 0.9996111989021301
477, 3, 0.5206710696220398, 0.41916754841804504, -0.20304641127586365, 0.9995723366737366
477, 4, 0.5127045512199402, 0.4143194556236267, -0.20147351920604706, 0.999742329120636
477, 5, 0.5110365748405457, 0.4128570258617401, -0.20152036845684052, 0.9997584223747253
477, 6, 0.5093399882316589, 0.4113658368587494, -0.2015678584575653, 0.9997819066047668
477, 7, 0.5237715244293213, 0.415555477142334, -0.20022132992744446, 0.9993301630020142
477, 8, 0.5066266655921936, 0.4032389223575592, -0.19346292316913605, 0.9997702240943909
477, 9, 0.5178129076957703, 0.41944625973701477, -0.18547940254211426, 0.9996922016143799
477, 10, 0.512294352054596, 0.4153127372264862, -0.18350356817245483, 0.9997044205665588
477, 11, 0.5385211706161499, 0.41617441177368164, -0.14782704412937164, 0.9995505213737488
477, 12, 0.4937288761138916, 0.38661888241767883, -0.14903061091899872, 0.9992411136627197
477, 13, 0.5552118420600891, 0.4465517997741699, -0.1308043748140335, 0.9963335990905762
477, 14, 0.4815981388092041, 0.3708046078681946, -0.10877297818660736, 0.3621583878993988
477, 15, 0.5738159418106079, 0.49248814582824707, -0.15423545241355896, 0.9952083230018616
477, 16, 0.47591280937194824, 0.39809033274650574, -0.09220806509256363, 0.5679876208305359
477, 17, 0.5798664093017578, 0.510704517364502, -0.17207670211791992, 0.9889847040176392
477, 18, 0.46667423844337463, 0.4053195118904114, -0.10400526225566864, 0.5406761169433594
477, 19, 0.5746974945068359, 0.5110917091369629, -0.1726737916469574, 0.9871981739997864
477, 20, 0.4732910990715027, 0.41169628500938416, -0.10947444289922714, 0.5315082669258118
477, 21, 0.5718308687210083, 0.5031912922859192, -0.15583913028240204, 0.9609500765800476
477, 22, 0.4779393672943115, 0.40943166613578796, -0.09418082982301712, 0.48191845417022705
477, 23, 0.5318988561630249, 0.37860625982284546, 0.004794951528310776, 0.9980478286743164
477, 24, 0.5120476484298706, 0.36733463406562805, -0.004817445296794176, 0.9932647943496704
477, 25, 0.515998125076294, 0.4411087930202484, 0.07810435444116592, 0.049783721566200256
477, 26, 0.49448075890541077, 0.43871691823005676, 0.05960731953382492, 0.213565394282341
477, 27, 0.5099691152572632, 0.4444557726383209, 0.18839800357818604, 0.11649700254201889
477, 28, 0.505225419998169, 0.447031706571579, 0.17382320761680603, 0.10478424280881882
477, 29, 0.5084120631217957, 0.43967220187187195, 0.2004355639219284, 0.08379983901977539
477, 30, 0.5063263773918152, 0.442313015460968, 0.1866043210029602, 0.125955730676651
477, 31, 0.5093837380409241, 0.46864771842956543, 0.19611695408821106, 0.07394515722990036
477, 32, 0.5086625814437866, 0.4705694317817688, 0.1825643926858902, 0.10244907438755035
478, 0, 0.5106819868087769, 0.4079502820968628, -0.21952775120735168, 0.9729200601577759
478, 1, 0.514616847038269, 0.40462496876716614, -0.22674104571342468, 0.9759347438812256
478, 2, 0.516569197177887, 0.40572917461395264, -0.22678014636039734, 0.9660171270370483
478, 3, 0.5185146927833557, 0.4067824184894562, -0.22683842480182648, 0.9629271030426025
478, 4, 0.5090157985687256, 0.4004408121109009, -0.22711975872516632, 0.9854068756103516
478, 5, 0.5071917176246643, 0.3987267017364502, -0.22714722156524658, 0.9830649495124817
478, 6, 0.5053656101226807, 0.39698854088783264, -0.22720499336719513, 0.9836822152137756
478, 7, 0.5231151580810547, 0.4042491614818573, -0.21035334467887878, 0.9022796750068665
478, 8, 0.5031753778457642, 0.3887231945991516, -0.21204276382923126, 0.9862563014030457
478, 9, 0.5139879584312439, 0.4091745913028717, -0.20728060603141785, 0.9764863848686218
478, 10, 0.5075020790100098, 0.4041934013366699, -0.20779240131378174, 0.9790246486663818
478, 11, 0.5361369252204895, 0.4134270250797272, -0.1463182270526886, 0.9969479441642761
478, 12, 0.48952192068099976, 0.37713903188705444, -0.16209709644317627, 0.9967517852783203
478, 13, 0.5369025468826294, 0.4361695945262909, -0.11716461181640625, 0.921357274055481
478, 14, 0.47349032759666443, 0.38034486770629883, -0.12000580132007599, 0.7715129852294922
478, 15, 0.524716854095459, 0.4502089321613312, -0.13649801909923553, 0.8995397090911865
478, 16, 0.479865700006485, 0.3970435559749603, -0.11220572143793106, 0.8636705875396729
478, 17, 0.5253639221191406, 0.4574441611766815, -0.1521296203136444, 0.8354743719100952
478, 18, 0.478257954120636, 0.39888182282447815, -0.1257791519165039, 0.7602944374084473
478, 19, 0.5196607112884521, 0.4524419903755188, -0.16042983531951904, 0.8057893514633179
478, 20, 0.48383671045303345, 0.4008502662181854, -0.13280841708183289, 0.7405775189399719
478, 21, 0.5179807543754578, 0.44775745272636414, -0.14101995527744293, 0.6927642822265625
478, 22, 0.4861109256744385, 0.40109169483184814, -0.11471601575613022, 0.713010311126709
478, 23, 0.5316634178161621, 0.37720561027526855, 0.004025887232273817, 0.9996325969696045
478, 24, 0.5092158317565918, 0.36631712317466736, -0.004014819860458374, 0.9995620846748352
478, 25, 0.5287947654724121, 0.425490140914917, 0.09243251383304596, 0.026433894410729408
478, 26, 0.49493828415870667, 0.426662415266037, 0.07673246413469315, 0.08169419318437576
478, 27, 0.5227947235107422, 0.4228159189224243, 0.23665480315685272, 0.07049782574176788
478, 28, 0.5027021169662476, 0.4161728620529175, 0.21817795932292938, 0.06696298718452454
478, 29, 0.5214964151382446, 0.4175093472003937, 0.2522241771221161, 0.06700845062732697
478, 30, 0.5037992596626282, 0.40965428948402405, 0.23268409073352814, 0.06622087210416794
478, 31, 0.5200679898262024, 0.44367140531539917, 0.24970164895057678, 0.03444979712367058
478, 32, 0.5033819079399109, 0.4324531853199005, 0.22983738780021667, 0.03374825045466423
479, 0, 0.5092297792434692, 0.40853554010391235, -0.18387602269649506, 0.8925639390945435
479, 1, 0.5149362087249756, 0.4031306505203247, -0.19241783022880554, 0.8920959234237671
479, 2, 0.5174560546875, 0.40429505705833435, -0.1924518495798111, 0.9098837971687317
479, 3, 0.5199514031410217, 0.4053937792778015, -0.19249163568019867, 0.8746345639228821
479, 4, 0.5076797008514404, 0.3982031047344208, -0.19360321760177612, 0.9307839274406433
479, 5, 0.5055069923400879, 0.39614078402519226, -0.19362010061740875, 0.9507064819335938
479, 6, 0.5033395886421204, 0.3940674662590027, -0.19367235898971558, 0.9372720122337341
479, 7, 0.5263135433197021, 0.4028230905532837, -0.18239575624465942, 0.8633149862289429
479, 8, 0.5016299486160278, 0.3849591910839081, -0.1880294531583786, 0.9602323174476624
479, 9, 0.5136058330535889, 0.4109777808189392, -0.17388230562210083, 0.94509357213974
479, 10, 0.505663275718689, 0.4051198661327362, -0.17555151879787445, 0.9474592208862305
479, 11, 0.5397069454193115, 0.41635385155677795, -0.1295868456363678, 0.9956658482551575
479, 12, 0.4860866963863373, 0.3759239912033081, -0.14296944439411163, 0.9951655864715576
479, 13, 0.543805718421936, 0.45422014594078064, -0.1056889146566391, 0.9976346492767334
479, 14, 0.4625856876373291, 0.3859615623950958, -0.11148358881473541, 0.9282580018043518
479, 15, 0.5323048830032349, 0.46219226717948914, -0.12283780425786972, 0.9867922067642212
479, 16, 0.4745916426181793, 0.40790224075317383, -0.1075609102845192, 0.8260157704353333
479, 17, 0.5316372513771057, 0.4693317115306854, -0.13057845830917358, 0.9299473762512207
479, 18, 0.47286224365234375, 0.4128153622150421, -0.11637425422668457, 0.5464439392089844
479, 19, 0.5258615612983704, 0.4626931846141815, -0.1322963982820511, 0.892764687538147
479, 20, 0.48081740736961365, 0.41412386298179626, -0.11595642566680908, 0.4921879768371582
479, 21, 0.5246990919113159, 0.4592921733856201, -0.1231280118227005, 0.8121427893638611
479, 22, 0.4824647009372711, 0.4136655926704407, -0.10603716224431992, 0.43668586015701294
479, 23, 0.532264769077301, 0.38654008507728577, 0.0045063551515340805, 0.9993278980255127
479, 24, 0.5052775740623474, 0.36998364329338074, -0.0045140269212424755, 0.9988099336624146
479, 25, 0.5311777591705322, 0.4265996813774109, 0.10115087032318115, 0.024092145264148712
479, 26, 0.49407750368118286, 0.4237896502017975, 0.07982885837554932, 0.10828611254692078
479, 27, 0.5322538018226624, 0.414346307516098, 0.2285187989473343, 0.03330482915043831
479, 28, 0.5066384077072144, 0.402336448431015, 0.21819058060646057, 0.03206590190529823
479, 29, 0.5317047834396362, 0.4078131914138794, 0.24333767592906952, 0.05168326944112778
479, 30, 0.5089142918586731, 0.39391711354255676, 0.2333400696516037, 0.06420452892780304
479, 31, 0.530051589012146, 0.42654335498809814, 0.2609650194644928, 0.028349433094263077
479, 32, 0.5077345967292786, 0.4122138023376465, 0.25207775831222534, 0.02605496719479561
480, 0, 0.5121238827705383, 0.40290963649749756, -0.09444665163755417, 0.9990285634994507
480, 1, 0.5142596364021301, 0.4005337953567505, -0.09556310623884201, 0.9990430474281311
480, 2, 0.5149438381195068, 0.4007621705532074, -0.09558715671300888, 0.9986159801483154
480, 3, 0.5156380534172058, 0.40095245838165283, -0.09563297778367996, 0.9986162185668945
480, 4, 0.5130051374435425, 0.3994402587413788, -0.09831705689430237, 0.9992490410804749
480, 5, 0.5126404762268066, 0.3986930549144745, -0.09833751618862152, 0.9992000460624695
480, 6, 0.5122582912445068, 0.39790642261505127, -0.09837420284748077, 0.999333918094635
480, 7, 0.5178565979003906, 0.39827868342399597, -0.07880974560976028, 0.9975518584251404
480, 8, 0.513358473777771, 0.3938322365283966, -0.09088221192359924, 0.9994193315505981
480, 9, 0.5134850144386292, 0.4020703136920929, -0.08556339144706726, 0.9991868138313293
480, 10, 0.5116263628005981, 0.4002441465854645, -0.08934569358825684, 0.9996309280395508
480, 11, 0.518854558467865, 0.39929965138435364, -0.04675798863172531, 0.9997149109840393
480, 12, 0.5126371383666992, 0.389369934797287, -0.06528858840465546, 0.9999463558197021
480, 13, 0.5057492256164551, 0.4113738536834717, -0.03592706844210625, 0.10800894349813461
480, 14, 0.5083106756210327, 0.4121818542480469, -0.03791540488600731, 0.4476686120033264
480, 15, 0.5066412687301636, 0.4371190071105957, -0.05720888450741768, 0.07159364223480225
480, 16, 0.5047868490219116, 0.4430205821990967, -0.011956694535911083, 0.44199058413505554
480, 17, 0.5087298154830933, 0.44551655650138855, -0.06380517780780792, 0.06857956200838089
480, 18, 0.5016084909439087, 0.45262596011161804, -0.014068907126784325, 0.32813018560409546
480, 19, 0.5085117816925049, 0.44687914848327637, -0.06541619449853897, 0.0670519769191742
480, 20, 0.5046674013137817, 0.45411810278892517, -0.019469305872917175, 0.3312535583972931
480, 21, 0.5074863433837891, 0.4432191252708435, -0.0579979233443737, 0.05384371429681778
480, 22, 0.505614697933197, 0.45108264684677124, -0.012743404135107994, 0.3325442671775818
480, 23, 0.5221878290176392, 0.3795068860054016, 0.0074437083676457405, 0.9999022483825684
480, 24, 0.522210955619812, 0.37659215927124023, -0.007549735717475414, 0.9999784231185913
480, 25, 0.49857670068740845, 0.43534642457962036, 0.010466720908880234, 0.22305609285831451
480, 26, 0.5253381729125977, 0.4474430978298187, -0.02646317146718502, 0.8607712984085083
480, 27, 0.4759065508842468, 0.4443686604499817, 0.05654721334576607, 0.12861387431621552
480, 28, 0.5333636403083801, 0.4935869872570038, -0.04269087687134743, 0.858503520488739
480, 29, 0.47420644760131836, 0.43692123889923096, 0.06179302930831909, 0.22128574550151825
480, 30, 0.5350602865219116, 0.48741382360458374, -0.04438357800245285, 0.770477831363678
480, 31, 0.46518149971961975, 0.46956416964530945, 0.044883593916893005, 0.3329775035381317
480, 32, 0.5342156887054443, 0.5386795997619629, -0.07036732882261276, 0.8830173015594482
481, 0, 0.5133020281791687, 0.4114820659160614, -0.1999358832836151, 0.986599862575531
481, 1, 0.5183429718017578, 0.4076443016529083, -0.20658215880393982, 0.9821721911430359
481, 2, 0.5202213525772095, 0.4082609713077545, -0.2066018134355545, 0.9761422276496887
481, 3, 0.5221250653266907, 0.40881094336509705, -0.20664973556995392, 0.9839541912078857
481, 4, 0.5127696990966797, 0.4041264057159424, -0.2080782949924469, 0.9885596632957458
481, 5, 0.5111122727394104, 0.40254008769989014, -0.20810624957084656, 0.9866086840629578
481, 6, 0.5094356536865234, 0.40093177556991577, -0.2081611603498459, 0.990092933177948
481, 7, 0.5266728401184082, 0.40382808446884155, -0.19620850682258606, 0.9683713912963867
481, 8, 0.5072729587554932, 0.39148974418640137, -0.20348887145519257, 0.9838691353797913
481, 9, 0.5152946710586548, 0.4117783010005951, -0.19125501811504364, 0.9908218383789062
481, 10, 0.5092204809188843, 0.4078063666820526, -0.19339627027511597, 0.9913471341133118
481, 11, 0.5363128185272217, 0.412331223487854, -0.14989107847213745, 0.9964224696159363
481, 12, 0.49066027998924255, 0.37844976782798767, -0.15802441537380219, 0.9987348914146423
481, 13, 0.5456456542015076, 0.4374571442604065, -0.14240466058254242, 0.956574559211731
481, 14, 0.4716830849647522, 0.3890596926212311, -0.1493438184261322, 0.7199681401252747
481, 15, 0.5552665591239929, 0.47088369727134705, -0.1513124406337738, 0.8548632264137268
481, 16, 0.4527558386325836, 0.4240957498550415, -0.15644682943820953, 0.7394330501556396
481, 17, 0.5630998611450195, 0.4817216694355011, -0.16346998512744904, 0.7689250111579895
481, 18, 0.4442113935947418, 0.43094661831855774, -0.1742582619190216, 0.6533848643302917
481, 19, 0.557442843914032, 0.48102837800979614, -0.167161762714386, 0.7348935008049011
481, 20, 0.4498712122440338, 0.43709099292755127, -0.17614594101905823, 0.6312923431396484
481, 21, 0.5534350872039795, 0.47568559646606445, -0.1531110256910324, 0.5789794325828552
481, 22, 0.45378440618515015, 0.43599748611450195, -0.15835601091384888, 0.5790947079658508
481, 23, 0.5322739481925964, 0.3755194842815399, 0.0054459646344184875, 0.9983417987823486
481, 24, 0.5103873014450073, 0.357816606760025, -0.005528959445655346, 0.9982863068580627
481, 25, 0.5111309289932251, 0.42930302023887634, 0.05576492100954056, 0.029205966740846634
481, 26, 0.4878210425376892, 0.42242318391799927, 0.048194460570812225, 0.2126549631357193
481, 27, 0.4926838278770447, 0.4476451873779297, 0.1562694013118744, 0.05172043666243553
481, 28, 0.49208202958106995, 0.4473758339881897, 0.14412716031074524, 0.09669338166713715
481, 29, 0.48929253220558167, 0.44695228338241577, 0.16692288219928741, 0.08132362365722656
481, 30, 0.49331778287887573, 0.44690823554992676, 0.15376225113868713, 0.12322821468114853
481, 31, 0.4882352948188782, 0.46731674671173096, 0.15460205078125, 0.050332192331552505
481, 32, 0.4937833249568939, 0.4729475975036621, 0.13859950006008148, 0.07739094644784927
482, 0, 0.5055394172668457, 0.4090823829174042, -0.24586661159992218, 0.9999384880065918
482, 1, 0.5077822208404541, 0.4064508080482483, -0.2495066225528717, 0.9999531507492065
482, 2, 0.5085055828094482, 0.40676069259643555, -0.24951930344104767, 0.9999313354492188
482, 3, 0.50923091173172, 0.40702390670776367, -0.24955208599567413, 0.9999271631240845
482, 4, 0.5059598684310913, 0.4044800102710724, -0.2512081265449524, 0.9999557733535767
482, 5, 0.5054734945297241, 0.4034593403339386, -0.2512623369693756, 0.9999387264251709
482, 6, 0.5049545168876648, 0.40242740511894226, -0.2513103485107422, 0.9999402761459351
482, 7, 0.5109961032867432, 0.40270522236824036, -0.2246994525194168, 0.9999034404754639
482, 8, 0.5040932297706604, 0.3959287106990814, -0.23274318873882294, 0.9999746084213257
482, 9, 0.5062875747680664, 0.40876251459121704, -0.2321852743625641, 0.9999706745147705
482, 10, 0.5040810704231262, 0.4059666097164154, -0.2346557378768921, 0.9999775886535645
482, 11, 0.5142714977264404, 0.4023429751396179, -0.16050268709659576, 0.9996145963668823
482, 12, 0.49886995553970337, 0.3878099322319031, -0.17624638974666595, 0.9996734857559204
482, 13, 0.5175907015800476, 0.4264109432697296, -0.11437885463237762, 0.42922085523605347
482, 14, 0.4997977614402771, 0.41834864020347595, -0.14082574844360352, 0.9855636358261108
482, 15, 0.51841139793396, 0.4498947858810425, -0.10352103412151337, 0.6931676864624023
482, 16, 0.5061433911323547, 0.44231125712394714, -0.12312524020671844, 0.972486674785614
482, 17, 0.5205860733985901, 0.455059677362442, -0.11390884220600128, 0.6248581409454346
482, 18, 0.5058877468109131, 0.44715914130210876, -0.13471412658691406, 0.9443122148513794
482, 19, 0.5181888341903687, 0.4551621377468109, -0.12159393727779388, 0.6208867430686951
482, 20, 0.5075458288192749, 0.4456448554992676, -0.1419372707605362, 0.9321921467781067
482, 21, 0.5168852210044861, 0.45278200507164, -0.10717494785785675, 0.5571476817131042
482, 22, 0.5082120299339294, 0.443940132856369, -0.1258387565612793, 0.9260228872299194
482, 23, 0.5181414484977722, 0.37560898065567017, 0.0018575077410787344, 0.9999121427536011
482, 24, 0.5126864910125732, 0.37349700927734375, -0.001793915987946093, 0.9998569488525391
482, 25, 0.5135722160339355, 0.40762245655059814, 0.06868252903223038, 0.46474725008010864
482, 26, 0.5146688222885132, 0.42796579003334045, 0.061571575701236725, 0.631754994392395
482, 27, 0.5070613026618958, 0.4292681813240051, 0.20704595744609833, 0.17669744789600372
482, 28, 0.5186991095542908, 0.4401979148387909, 0.17347903549671173, 0.11439269781112671
482, 29, 0.5067121982574463, 0.42929917573928833, 0.2220875322818756, 0.1635860651731491
482, 30, 0.5186353325843811, 0.43602249026298523, 0.18501830101013184, 0.08266940712928772
482, 31, 0.5044737458229065, 0.4462569057941437, 0.21726222336292267, 0.4175122380256653
482, 32, 0.5199795961380005, 0.4578353762626648, 0.1758006513118744, 0.23347249627113342
483, 0, 0.5037132501602173, 0.42934226989746094, -0.14201097190380096, 0.9981551766395569
483, 1, 0.5046310424804688, 0.4274110496044159, -0.14694194495677948, 0.9989008903503418
483, 2, 0.5055264234542847, 0.4270416796207428, -0.1469540148973465, 0.9983194470405579
483, 3, 0.506434977054596, 0.42663002014160156, -0.14698195457458496, 0.9987082481384277
483, 4, 0.5018008947372437, 0.42707526683807373, -0.1471179574728012, 0.9993153810501099
483, 5, 0.5009514689445496, 0.4265998303890228, -0.14717498421669006, 0.9990780353546143
483, 6, 0.500097930431366, 0.42613649368286133, -0.14723414182662964, 0.9993360638618469
483, 7, 0.5083428621292114, 0.41873276233673096, -0.13757632672786713, 0.9969698786735535
483, 8, 0.498025506734848, 0.41724488139152527, -0.13903643190860748, 0.9994354844093323
483, 9, 0.5054280757904053, 0.42483407258987427, -0.13456791639328003, 0.9993746876716614
483, 10, 0.5024673342704773, 0.42420515418052673, -0.13499560952186584, 0.9996856451034546
483, 11, 0.516184389591217, 0.4053923189640045, -0.10125933587551117, 0.9953190684318542
483, 12, 0.4931783080101013, 0.4031660258769989, -0.1026664599776268, 0.9997579455375671
483, 13, 0.523527979850769, 0.42239782214164734, -0.08511275053024292, 0.4420659840106964
483, 14, 0.49895867705345154, 0.42777931690216064, -0.07779538631439209, 0.895626962184906
483, 15, 0.5204930305480957, 0.4583650231361389, -0.10602740198373795, 0.44626787304878235
483, 16, 0.5048949718475342, 0.45581191778182983, -0.08907292783260345, 0.8736514449119568
483, 17, 0.5230530500411987, 0.46782761812210083, -0.12263511121273041, 0.41759419441223145
483, 18, 0.5041849613189697, 0.46231353282928467, -0.10424651205539703, 0.7990589737892151
483, 19, 0.517491340637207, 0.4692050814628601, -0.13014772534370422, 0.43792080879211426
483, 20, 0.5070886611938477, 0.4634592831134796, -0.11279512941837311, 0.8161191344261169
483, 21, 0.5156666040420532, 0.4648313820362091, -0.11074583232402802, 0.3976420760154724
483, 22, 0.508415162563324, 0.46006104350090027, -0.09337853640317917, 0.8113793134689331
483, 23, 0.5196267366409302, 0.37711453437805176, -0.00010651934280758724, 0.9998558759689331
483, 24, 0.5063579082489014, 0.37470564246177673, 0.00012675454490818083, 0.9999570846557617
483, 25, 0.5193874835968018, 0.44356730580329895, 0.06241234019398689, 0.3981810212135315
483, 26, 0.5008098483085632, 0.44432178139686584, 0.033217329531908035, 0.5360855460166931
483, 27, 0.525739312171936, 0.445207417011261, 0.17238140106201172, 0.3201696276664734
483, 28, 0.5247982144355774, 0.4464021325111389, 0.1250401884317398, 0.2056562453508377
483, 29, 0.5283248424530029, 0.4398577809333801, 0.18435779213905334, 0.23280449211597443
483, 30, 0.5292388796806335, 0.44018304347991943, 0.1352531909942627, 0.11082706600427628
483, 31, 0.5232100486755371, 0.46750232577323914, 0.18175548315048218, 0.4063724875450134
483, 32, 0.5277718901634216, 0.46823689341545105, 0.1322852075099945, 0.2661638557910919
484, 0, 0.5000948309898376, 0.41854187846183777, -0.18713107705116272, 0.999971866607666
484, 1, 0.5027093887329102, 0.418771356344223, -0.1938151866197586, 0.9999511241912842
484, 2, 0.503471314907074, 0.42002731561660767, -0.1938330978155136, 0.9999473094940186
484, 3, 0.5042262673377991, 0.421242356300354, -0.19387972354888916, 0.9999433755874634
484, 4, 0.5005315542221069, 0.41472703218460083, -0.19342641532421112, 0.9999580383300781
484, 5, 0.49978676438331604, 0.4131228029727936, -0.19346757233142853, 0.9999594688415527
484, 6, 0.49900880455970764, 0.4114890992641449, -0.19349436461925507, 0.9999555349349976
484, 7, 0.5072716474533081, 0.4202766716480255, -0.18795329332351685, 0.9999175071716309
484, 8, 0.4992988705635071, 0.40542304515838623, -0.18649256229400635, 0.9999589920043945
484, 9, 0.5019612312316895, 0.41890352964401245, -0.18068934977054596, 0.999950647354126
484, 10, 0.49931731820106506, 0.414127379655838, -0.18031969666481018, 0.9999332427978516
484, 11, 0.5161648392677307, 0.42599403858184814, -0.15284979343414307, 0.9999620914459229
484, 12, 0.4916249215602875, 0.3932928442955017, -0.13888972997665405, 0.9999208450317383
484, 13, 0.5308125019073486, 0.45791131258010864, -0.12968941032886505, 0.9456619620323181
484, 14, 0.48411470651626587, 0.4036203622817993, -0.11187447607517242, 0.6097375154495239
484, 15, 0.5473227500915527, 0.4902258515357971, -0.13418011367321014, 0.9521077275276184
484, 16, 0.4694780707359314, 0.42279621958732605, -0.08705367892980576, 0.7936458587646484
484, 17, 0.5517602562904358, 0.5027885437011719, -0.1438436508178711, 0.9334243535995483
484, 18, 0.4616627097129822, 0.4255995750427246, -0.09148114174604416, 0.7198567986488342
484, 19, 0.5487486720085144, 0.5053176879882812, -0.14224520325660706, 0.9269029498100281
484, 20, 0.46399611234664917, 0.433774471282959, -0.0936121791601181, 0.7000572085380554
484, 21, 0.5469235181808472, 0.499098539352417, -0.13316798210144043, 0.8526918888092041
484, 22, 0.46792346239089966, 0.4332810640335083, -0.08731327950954437, 0.5965139865875244
484, 23, 0.5178803205490112, 0.37934714555740356, -0.0038718231953680515, 0.9996185302734375
484, 24, 0.5113115906715393, 0.3694169223308563, 0.0038968033622950315, 0.9996187686920166
484, 25, 0.5078207850456238, 0.4372016489505768, 0.05451999977231026, 0.08316076546907425
484, 26, 0.5151535272598267, 0.43252936005592346, 0.038069602102041245, 0.1950354278087616
484, 27, 0.4944787621498108, 0.46777164936065674, 0.146781787276268, 0.12086693197488785
484, 28, 0.5304918885231018, 0.5068290829658508, 0.09845361113548279, 0.2580062448978424
484, 29, 0.4930371642112732, 0.4684516191482544, 0.15743020176887512, 0.07695047557353973
484, 30, 0.533066987991333, 0.5147528052330017, 0.10532412678003311, 0.14032717049121857
484, 31, 0.4889654517173767, 0.49104148149490356, 0.15737487375736237, 0.1846594661474228
484, 32, 0.5321570038795471, 0.5374670624732971, 0.0943327397108078, 0.3486635982990265
485, 0, 0.5012824535369873, 0.4176757037639618, -0.19450868666172028, 0.999671459197998
485, 1, 0.5014607906341553, 0.41847020387649536, -0.1996801495552063, 0.9996708631515503
485, 2, 0.5015290975570679, 0.4191007912158966, -0.19968147575855255, 0.9995573163032532
485, 3, 0.5015953779220581, 0.4196929931640625, -0.1997157782316208, 0.999614953994751
485, 4, 0.5011268258094788, 0.41639646887779236, -0.1998419463634491, 0.999859094619751
485, 5, 0.5009358525276184, 0.41542482376098633, -0.19992606341838837, 0.9998434782028198
485, 6, 0.500729501247406, 0.41444018483161926, -0.19997969269752502, 0.999871015548706
485, 7, 0.502385675907135, 0.41689532995224, -0.1865890473127365, 0.9995070695877075
485, 8, 0.5008559823036194, 0.40885430574417114, -0.18817953765392303, 0.9999152421951294
485, 9, 0.5020503997802734, 0.4149996042251587, -0.18540526926517487, 0.9997046589851379
485, 10, 0.5014595985412598, 0.4123397767543793, -0.18598908185958862, 0.9998152852058411
485, 11, 0.5072424411773682, 0.4115683138370514, -0.15090782940387726, 0.9992448091506958
485, 12, 0.4985995888710022, 0.3981778919696808, -0.14391295611858368, 0.9998230338096619
485, 13, 0.5140114426612854, 0.43338435888290405, -0.1332576870918274, 0.8211252093315125
485, 14, 0.49767476320266724, 0.41232001781463623, -0.10738684982061386, 0.6407013535499573
485, 15, 0.5301949977874756, 0.46547284722328186, -0.14274851977825165, 0.7543016672134399
485, 16, 0.4895004630088806, 0.4126558005809784, -0.0825982317328453, 0.5667078495025635
485, 17, 0.5339881181716919, 0.47844552993774414, -0.15546584129333496, 0.6069257855415344
485, 18, 0.4850059151649475, 0.41414403915405273, -0.09086446464061737, 0.4817468523979187
485, 19, 0.531773567199707, 0.4824315905570984, -0.15653939545154572, 0.6062164306640625
485, 20, 0.4844731390476227, 0.416925847530365, -0.09171152859926224, 0.47200196981430054
485, 21, 0.5298531651496887, 0.4754618704319, -0.1435084491968155, 0.43163567781448364
485, 22, 0.4867269992828369, 0.41569697856903076, -0.08284036815166473, 0.38736671209335327
485, 23, 0.5154914855957031, 0.3669321835041046, -0.0010733971139416099, 0.998333752155304
485, 24, 0.515011727809906, 0.36537814140319824, 0.0010438240133225918, 0.9988872408866882
485, 25, 0.5058452486991882, 0.4124974012374878, 0.07445655763149261, 0.02432917058467865
485, 26, 0.5083664655685425, 0.4234198331832886, 0.0813482254743576, 0.031737588346004486
485, 27, 0.49289312958717346, 0.4346315264701843, 0.19025088846683502, 0.047035668045282364
485, 28, 0.5167137384414673, 0.4641459882259369, 0.18378354609012604, 0.037507012486457825
485, 29, 0.49141383171081543, 0.43505144119262695, 0.20336385071277618, 0.04341069608926773
485, 30, 0.5172110795974731, 0.46710437536239624, 0.19485557079315186, 0.024310536682605743
485, 31, 0.4892347753047943, 0.4514142870903015, 0.200579434633255, 0.06398599594831467
485, 32, 0.5203896164894104, 0.4846179485321045, 0.18791653215885162, 0.06681174784898758
486, 0, 0.5011270642280579, 0.44519945979118347, -0.2480003833770752, 0.9986673593521118
486, 1, 0.5052822828292847, 0.4414011240005493, -0.2536141872406006, 0.9989515542984009
486, 2, 0.5076210498809814, 0.44231733679771423, -0.2536202371120453, 0.9987366795539856
486, 3, 0.50995272397995, 0.44318270683288574, -0.25368204712867737, 0.9987395405769348
486, 4, 0.4983418881893158, 0.4367111325263977, -0.25298047065734863, 0.999121367931366
486, 5, 0.4960879385471344, 0.43472039699554443, -0.25304296612739563, 0.9989614486694336
486, 6, 0.48962196707725525, 0.4294497072696686, -0.2530920207500458, 0.9991471767425537
486, 7, 0.5166916847229004, 0.4326459765434265, -0.22935804724693298, 0.9960756897926331
486, 8, 0.4913107752799988, 0.4158459007740021, -0.22714462876319885, 0.9983966946601868
486, 9, 0.5055617094039917, 0.44172897934913635, -0.23348286747932434, 0.994851291179657
486, 10, 0.4984913766384125, 0.4371313452720642, -0.23300376534461975, 0.9961479902267456
486, 11, 0.5401175022125244, 0.42377614974975586, -0.17835733294487, 0.9810224175453186
486, 12, 0.4731695055961609, 0.3808930814266205, -0.1769048273563385, 0.9889093041419983
486, 13, 0.5605406761169434, 0.4752997159957886, -0.17208793759346008, 0.9830954670906067
486, 14, 0.44359803199768066, 0.4178583025932312, -0.17665089666843414, 0.9515995383262634
486, 15, 0.5566067695617676, 0.5508100390434265, -0.2066052407026291, 0.9967595934867859
486, 16, 0.4210267663002014, 0.4696831703186035, -0.20306360721588135, 0.979371190071106
486, 17, 0.5642838478088379, 0.563388466835022, -0.2287534922361374, 0.9952073693275452
486, 18, 0.40946659445762634, 0.4787231981754303, -0.22851911187171936, 0.9735225439071655
486, 19, 0.5546099543571472, 0.5611588954925537, -0.2340162694454193, 0.995055079460144
486, 20, 0.4168311655521393, 0.48352253437042236, -0.2284177839756012, 0.9728859663009644
486, 21, 0.5508551597595215, 0.5510725975036621, -0.21013136208057404, 0.9865767955780029
486, 22, 0.42323198914527893, 0.4805220663547516, -0.20526206493377686, 0.9519816637039185
486, 23, 0.5326643586158752, 0.3505747616291046, -0.0019360719015821815, 0.9829030632972717
486, 24, 0.5042337775230408, 0.32984134554862976, 0.001693863421678543, 0.979530394077301
486, 25, 0.5162962675094604, 0.40620774030685425, 0.09716286510229111, 0.06650429964065552
486, 26, 0.4869115948677063, 0.38180816173553467, 0.10815884917974472, 0.06241242215037346
486, 27, 0.5124431848526001, 0.39200639724731445, 0.26415207982063293, 0.06916769593954086
486, 28, 0.48451724648475647, 0.377907931804657, 0.264599472284317, 0.03773045539855957
486, 29, 0.512028157711029, 0.38510289788246155, 0.2826734483242035, 0.06267999857664108
486, 30, 0.4847734570503235, 0.37468257546424866, 0.28230834007263184, 0.03557133674621582
486, 31, 0.5097992420196533, 0.4114606976509094, 0.2847941815853119, 0.038033463060855865
486, 32, 0.48182326555252075, 0.39202526211738586, 0.28491467237472534, 0.021086283028125763
487, 0, 0.49264806509017944, 0.43825387954711914, -0.17186328768730164, 0.9985795021057129
487, 1, 0.49629122018814087, 0.4371010959148407, -0.18134678900241852, 0.9986535310745239
487, 2, 0.49817976355552673, 0.4381883442401886, -0.18134921789169312, 0.9984160661697388
487, 3, 0.5000846982002258, 0.43920469284057617, -0.18139225244522095, 0.9981745481491089
487, 4, 0.49057310819625854, 0.43306252360343933, -0.18014734983444214, 0.9988777041435242
487, 5, 0.48866695165634155, 0.4315139353275299, -0.1801985651254654, 0.998874843120575
487, 6, 0.48675408959388733, 0.42994922399520874, -0.18024426698684692, 0.9990459084510803
487, 7, 0.5052525997161865, 0.43368738889694214, -0.1814517229795456, 0.9955657124519348
487, 8, 0.4847508370876312, 0.41846758127212524, -0.17607481777668, 0.9978546500205994
487, 9, 0.4961216449737549, 0.43651819229125977, -0.16699819266796112, 0.9971833825111389
487, 10, 0.49017176032066345, 0.43208643794059753, -0.16552576422691345, 0.9976024031639099
487, 11, 0.5246785283088684, 0.42706024646759033, -0.1436607837677002, 0.9826449751853943
487, 12, 0.4688224792480469, 0.39354407787323, -0.14359907805919647, 0.996020495891571
487, 13, 0.5475894808769226, 0.4631105065345764, -0.12914665043354034, 0.9886773824691772
487, 14, 0.44142627716064453, 0.41359591484069824, -0.13879381120204926, 0.9572099447250366
487, 15, 0.5606878399848938, 0.5119931697845459, -0.1477469652891159, 0.9812654852867126
487, 16, 0.41743889451026917, 0.45132118463516235, -0.15592293441295624, 0.9778853058815002
487, 17, 0.5692612528800964, 0.525895893573761, -0.1645827740430832, 0.9651748538017273
487, 18, 0.40691298246383667, 0.45738881826400757, -0.1757182776927948, 0.9663813710212708
487, 19, 0.5624983310699463, 0.5259054899215698, -0.16846086084842682, 0.9642763137817383
487, 20, 0.41320496797561646, 0.46220821142196655, -0.1770751029253006, 0.9667277336120605
487, 21, 0.5580439567565918, 0.5192166566848755, -0.1500801146030426, 0.9112557172775269
487, 22, 0.41854944825172424, 0.46041610836982727, -0.15766076743602753, 0.9463661909103394
487, 23, 0.5190845727920532, 0.37183651328086853, 0.0010834847344085574, 0.9686387181282043
487, 24, 0.4958534240722656, 0.35241565108299255, -0.0012512416578829288, 0.9723384380340576
487, 25, 0.4962312579154968, 0.42574337124824524, 0.07166028022766113, 0.04784610494971275
487, 26, 0.4677864909172058, 0.41172921657562256, 0.0660988986492157, 0.12560060620307922
487, 27, 0.487543523311615, 0.43068787455558777, 0.19148746132850647, 0.06404201686382294
487, 28, 0.4667869508266449, 0.4186199903488159, 0.18279357254505157, 0.05273386090993881
487, 29, 0.4867543578147888, 0.4272695779800415, 0.20455174148082733, 0.052894167602062225
487, 30, 0.46767932176589966, 0.416337788105011, 0.1954345405101776, 0.05415349081158638
487, 31, 0.48265546560287476, 0.4503195583820343, 0.1994493007659912, 0.03301441669464111
487, 32, 0.4625324606895447, 0.43427586555480957, 0.1902826875448227, 0.02970200590789318
488, 0, 0.49244388937950134, 0.44317126274108887, -0.21116571128368378, 0.9954352974891663
488, 1, 0.4967137277126312, 0.4408262372016907, -0.21778425574302673, 0.9963860511779785
488, 2, 0.49873343110084534, 0.44221794605255127, -0.2177857905626297, 0.995318591594696
488, 3, 0.5007598996162415, 0.4435548484325409, -0.21782848238945007, 0.9949394464492798
488, 4, 0.49078813195228577, 0.43514877557754517, -0.2167544811964035, 0.9975197911262512
488, 5, 0.48892131447792053, 0.4329383075237274, -0.21680764853954315, 0.9971441626548767
488, 6, 0.4870535731315613, 0.4307180941104889, -0.21686425805091858, 0.9976475834846497
488, 7, 0.5070606470108032, 0.43684250116348267, -0.20217828452587128, 0.9873853921890259
488, 8, 0.4853943884372711, 0.4164574146270752, -0.19767215847969055, 0.9949408769607544
488, 9, 0.49615222215652466, 0.4418298602104187, -0.20043587684631348, 0.9900352358818054
488, 10, 0.4900025427341461, 0.435982346534729, -0.19929617643356323, 0.9928528666496277
488, 11, 0.5265361666679382, 0.43547892570495605, -0.1554233431816101, 0.9722064137458801
488, 12, 0.4693499505519867, 0.38568413257598877, -0.1528889238834381, 0.9932935237884521
488, 13, 0.5439563393592834, 0.470383882522583, -0.1308140605688095, 0.9558108448982239
488, 14, 0.43760648369789124, 0.4083635210990906, -0.1454504430294037, 0.9646830558776855
488, 15, 0.5455772876739502, 0.5119901299476624, -0.1390758752822876, 0.9562042951583862
488, 16, 0.4127274453639984, 0.44859397411346436, -0.16851818561553955, 0.984238862991333
488, 17, 0.5521594285964966, 0.5245945453643799, -0.15384389460086823, 0.9372413158416748
488, 18, 0.4032498002052307, 0.45419251918792725, -0.18993864953517914, 0.9763070940971375
488, 19, 0.5453718900680542, 0.5213975310325623, -0.16051825881004333, 0.9354016184806824
488, 20, 0.4095475673675537, 0.45933204889297485, -0.19112399220466614, 0.9764764904975891
488, 21, 0.5413805246353149, 0.5147297382354736, -0.14176416397094727, 0.8644373416900635
488, 22, 0.41443294286727905, 0.45791733264923096, -0.17051227390766144, 0.9595001935958862
488, 23, 0.5222591757774353, 0.37518739700317383, -0.0004144356935285032, 0.979273796081543
488, 24, 0.4972263276576996, 0.3488351106643677, 0.00022096846078056842, 0.9865315556526184
488, 25, 0.5034129023551941, 0.432903915643692, 0.0843069851398468, 0.08840963244438171
488, 26, 0.47069230675697327, 0.40441787242889404, 0.07949744164943695, 0.15375623106956482
488, 27, 0.4961184561252594, 0.4294641315937042, 0.22002044320106506, 0.07778677344322205
488, 28, 0.4706186354160309, 0.41059204936027527, 0.21799413859844208, 0.05197474732995033
488, 29, 0.4958663582801819, 0.42350268363952637, 0.23514024913311005, 0.06409228593111038
488, 30, 0.4717239737510681, 0.40777379274368286, 0.2335159033536911, 0.04325001686811447
488, 31, 0.49044370651245117, 0.4511909484863281, 0.23608088493347168, 0.04414161667227745
488, 32, 0.46706968545913696, 0.4293259084224701, 0.23735404014587402, 0.027704620733857155
489, 0, 0.4826897978782654, 0.4575049877166748, -0.2965410649776459, 0.999591052532196
489, 1, 0.48895683884620667, 0.45269542932510376, -0.30323871970176697, 0.9995866417884827
489, 2, 0.4928857386112213, 0.4520310163497925, -0.3032378554344177, 0.9996881484985352
489, 3, 0.49663668870925903, 0.4526263475418091, -0.3032371997833252, 0.9996610879898071
489, 4, 0.4802665114402771, 0.44548869132995605, -0.30388763546943665, 0.9996411800384521
489, 5, 0.478152334690094, 0.4421653747558594, -0.30392488837242126, 0.9996850490570068
489, 6, 0.47626638412475586, 0.43735432624816895, -0.3039006292819977, 0.9995701909065247
489, 7, 0.5057628750801086, 0.44218283891677856, -0.2847951650619507, 0.9988778233528137
489, 8, 0.47405487298965454, 0.4163222908973694, -0.2869111895561218, 0.9988452196121216
489, 9, 0.4898293614387512, 0.45543748140335083, -0.2840127944946289, 0.9985731840133667
489, 10, 0.4796978533267975, 0.44887781143188477, -0.28470128774642944, 0.9980308413505554
489, 11, 0.5379353761672974, 0.43730002641677856, -0.2179882526397705, 0.9779950976371765
489, 12, 0.46908172965049744, 0.3693622052669525, -0.2113012820482254, 0.972984790802002
489, 13, 0.5496227145195007, 0.5139030814170837, -0.17576788365840912, 0.9115442633628845
489, 14, 0.4336160719394684, 0.40922945737838745, -0.1856258064508438, 0.9528568983078003
489, 15, 0.5460336804389954, 0.5795342922210693, -0.19420403242111206, 0.9691770076751709
489, 16, 0.4129657745361328, 0.488903671503067, -0.2074720859527588, 0.9846956133842468
489, 17, 0.5488287210464478, 0.6008058786392212, -0.2190331518650055, 0.9669625759124756
489, 18, 0.4072640538215637, 0.5002007484436035, -0.23608002066612244, 0.9821844100952148
489, 19, 0.541119396686554, 0.5954768061637878, -0.22863033413887024, 0.9638218283653259
489, 20, 0.4091013967990875, 0.5092087984085083, -0.2473028600215912, 0.9793921113014221
489, 21, 0.5386088490486145, 0.5854224562644958, -0.19921453297138214, 0.9513593316078186
489, 22, 0.41590991616249084, 0.505614697933197, -0.21407823264598846, 0.9720808863639832
489, 23, 0.5443310141563416, 0.35182785987854004, -0.00378711661323905, 0.9941492080688477
489, 24, 0.5080280303955078, 0.3280206322669983, 0.0038534693885594606, 0.9946564435958862
489, 25, 0.5266851186752319, 0.49928170442581177, -0.009135368280112743, 0.37085068225860596
489, 26, 0.482987642288208, 0.43323448300361633, 0.04577791318297386, 0.6655287742614746
489, 27, 0.5000171661376953, 0.5973707437515259, 0.09007900208234787, 0.6978764533996582
489, 28, 0.46990594267845154, 0.5099658966064453, 0.16401147842407227, 0.73002028465271
489, 29, 0.4979345202445984, 0.6063511371612549, 0.10042054951190948, 0.6322468519210815
489, 30, 0.47079476714134216, 0.5208353996276855, 0.17604418098926544, 0.5520951151847839
489, 31, 0.4866734445095062, 0.6462224721908569, 0.05156830698251724, 0.8616392016410828
489, 32, 0.4602906107902527, 0.5443601012229919, 0.13715018332004547, 0.7979099750518799
490, 0, 0.4832615852355957, 0.4665175676345825, -0.34368786215782166, 0.9996976852416992
490, 1, 0.4905203878879547, 0.4611448049545288, -0.35362452268600464, 0.999667763710022
490, 2, 0.4951438307762146, 0.459868848323822, -0.35364869236946106, 0.9997140765190125
490, 3, 0.4990416169166565, 0.46033287048339844, -0.35372206568717957, 0.9997639060020447
490, 4, 0.48098939657211304, 0.45239850878715515, -0.35376134514808655, 0.9997246861457825
490, 5, 0.4785372316837311, 0.4483574628829956, -0.35378584265708923, 0.9997138381004333
490, 6, 0.47620081901550293, 0.44443783164024353, -0.3537546992301941, 0.9996877908706665
490, 7, 0.5081195831298828, 0.4487713575363159, -0.337963342666626, 0.9990191459655762
490, 8, 0.47422417998313904, 0.41837719082832336, -0.337576687335968, 0.9991078972816467
490, 9, 0.49054279923439026, 0.4650450348854065, -0.33054056763648987, 0.9992534518241882
490, 10, 0.4794604182243347, 0.4560326039791107, -0.330385684967041, 0.9988524913787842
490, 11, 0.5409610867500305, 0.4539910554885864, -0.262905091047287, 0.9815375804901123
490, 12, 0.4733017086982727, 0.3685207664966583, -0.2645716667175293, 0.9673101305961609
490, 13, 0.5388771891593933, 0.5460581183433533, -0.24397921562194824, 0.9781557321548462
490, 14, 0.43429580330848694, 0.40591371059417725, -0.24246737360954285, 0.9485650062561035
490, 15, 0.5345968008041382, 0.6473447680473328, -0.29183149337768555, 0.9930833578109741
490, 16, 0.41331809759140015, 0.4892667531967163, -0.27933090925216675, 0.9774928689002991
490, 17, 0.5366602540016174, 0.6801373958587646, -0.3275429606437683, 0.98847895860672
490, 18, 0.4043939709663391, 0.5057475566864014, -0.3175528049468994, 0.9701701402664185
490, 19, 0.5284331440925598, 0.6722135543823242, -0.33501988649368286, 0.9871436953544617
490, 20, 0.40844863653182983, 0.5174296498298645, -0.3296963572502136, 0.9687473177909851
490, 21, 0.526370644569397, 0.6570425033569336, -0.2978627681732178, 0.9772590398788452
490, 22, 0.41604942083358765, 0.5140292644500732, -0.28733861446380615, 0.9602872133255005
490, 23, 0.5461615324020386, 0.3715936541557312, 0.0031140800565481186, 0.9949628114700317
490, 24, 0.5083979964256287, 0.3357698917388916, -0.0030025728046894073, 0.9924864768981934
490, 25, 0.5230438709259033, 0.49159735441207886, 0.06062982231378555, 0.161868616938591
490, 26, 0.4687032699584961, 0.4433009624481201, 0.07562410086393356, 0.3469258248806
490, 27, 0.5048717856407166, 0.5520663261413574, 0.24549074470996857, 0.2833625376224518
490, 28, 0.4610098898410797, 0.48957425355911255, 0.2600620985031128, 0.20022012293338776
490, 29, 0.5034278631210327, 0.555846631526947, 0.2644214928150177, 0.19198811054229736
490, 30, 0.46074017882347107, 0.4919458031654358, 0.2789604067802429, 0.16553255915641785
490, 31, 0.4941001534461975, 0.5961944460868835, 0.21772333979606628, 0.5425432920455933
490, 32, 0.45368534326553345, 0.5250078439712524, 0.24041855335235596, 0.38011324405670166
491, 0, 0.4871276319026947, 0.44781211018562317, -0.21945063769817352, 0.9983641505241394
491, 1, 0.4921056628227234, 0.4422236680984497, -0.2270168960094452, 0.9987151622772217
491, 2, 0.49487391114234924, 0.44329074025154114, -0.2270180881023407, 0.9987261891365051
491, 3, 0.49765509366989136, 0.44428563117980957, -0.22707252204418182, 0.9985246062278748
491, 4, 0.48454776406288147, 0.436659038066864, -0.22694063186645508, 0.9988710284233093
491, 5, 0.48055940866470337, 0.4346858859062195, -0.227010577917099, 0.9989483952522278
491, 6, 0.47782760858535767, 0.4319906532764435, -0.227057546377182, 0.9990715980529785
491, 7, 0.5063349008560181, 0.43361037969589233, -0.21229024231433868, 0.9967922568321228
491, 8, 0.4787778854370117, 0.4126676917076111, -0.21169742941856384, 0.9982306361198425
491, 9, 0.49306026101112366, 0.4447627067565918, -0.20868179202079773, 0.9954093098640442
491, 10, 0.4851766526699066, 0.43911492824554443, -0.2087051421403885, 0.9966533780097961
491, 11, 0.5327416658401489, 0.42009130120277405, -0.16416966915130615, 0.9729117751121521
491, 12, 0.465029776096344, 0.37335678935050964, -0.1672252118587494, 0.9906514883041382
491, 13, 0.5525702834129333, 0.4635445773601532, -0.13199399411678314, 0.9692338109016418
491, 14, 0.43360835313796997, 0.39901024103164673, -0.13784538209438324, 0.963085412979126
491, 15, 0.5533156991004944, 0.5377448797225952, -0.1395268440246582, 0.9728029370307922
491, 16, 0.40993013978004456, 0.4489343762397766, -0.14302216470241547, 0.9805678725242615
491, 17, 0.5570923686027527, 0.5479885339736938, -0.15624907612800598, 0.965343713760376
491, 18, 0.402762234210968, 0.461595743894577, -0.1616676300764084, 0.9784727096557617
491, 19, 0.5526806712150574, 0.5402441024780273, -0.16177062690258026, 0.9645355343818665
491, 20, 0.40729981660842896, 0.46094223856925964, -0.16533197462558746, 0.9778488278388977
491, 21, 0.5474953651428223, 0.5322359800338745, -0.1418694406747818, 0.9091827273368835
491, 22, 0.41296523809432983, 0.45967963337898254, -0.14507192373275757, 0.9620253443717957
491, 23, 0.5247066020965576, 0.3522182106971741, -0.001881329924799502, 0.9808458685874939
491, 24, 0.4961572289466858, 0.3306954503059387, 0.0017001701053231955, 0.9747776389122009
491, 25, 0.5101296901702881, 0.40200284123420715, 0.10414530336856842, 0.08760838210582733
491, 26, 0.4813970625400543, 0.3820136487483978, 0.11500580608844757, 0.0626593828201294
491, 27, 0.508358895778656, 0.39147278666496277, 0.26381880044937134, 0.14485974609851837
491, 28, 0.4813746511936188, 0.3789273500442505, 0.2696688771247864, 0.06282583624124527
491, 29, 0.5092594623565674, 0.3848917782306671, 0.2813508212566376, 0.11621856689453125
491, 30, 0.48254910111427307, 0.37478530406951904, 0.2870461046695709, 0.06566748768091202
491, 31, 0.5028272867202759, 0.4121609628200531, 0.28052186965942383, 0.023886332288384438
491, 32, 0.47773951292037964, 0.395743191242218, 0.28832560777664185, 0.013583478517830372
492, 0, 0.47969117760658264, 0.459628164768219, -0.3951365053653717, 0.9999734163284302
492, 1, 0.48734092712402344, 0.45255914330482483, -0.39658409357070923, 0.9999743700027466
492, 2, 0.4915953576564789, 0.4536926746368408, -0.3965839147567749, 0.9999754428863525
492, 3, 0.49524226784706116, 0.4548816680908203, -0.3965857923030853, 0.999972939491272
492, 4, 0.47652560472488403, 0.44452258944511414, -0.39793628454208374, 0.999984860420227
492, 5, 0.47366976737976074, 0.4402729570865631, -0.3979547321796417, 0.999984860420227
492, 6, 0.47129425406455994, 0.43682557344436646, -0.39790552854537964, 0.9999796152114868
492, 7, 0.5040314197540283, 0.44234758615493774, -0.34581995010375977, 0.9998794794082642
492, 8, 0.46919888257980347, 0.4127994477748871, -0.3512415587902069, 0.9999452829360962
492, 9, 0.4866967797279358, 0.4618780016899109, -0.3696203827857971, 0.9998125433921814
492, 10, 0.4747265875339508, 0.4540766775608063, -0.3710491359233856, 0.9998037219047546
492, 11, 0.5326746702194214, 0.4476138651371002, -0.24435880780220032, 0.9750133156776428
492, 12, 0.46023350954055786, 0.3656638264656067, -0.24266591668128967, 0.9832752346992493
492, 13, 0.5318440794944763, 0.5462974309921265, -0.19743305444717407, 0.9312223196029663
492, 14, 0.41952982544898987, 0.41653549671173096, -0.1827683448791504, 0.9468984007835388
492, 15, 0.5293504595756531, 0.6547836661338806, -0.24235698580741882, 0.9837663173675537
492, 16, 0.4043664038181305, 0.48981860280036926, -0.21993176639080048, 0.9898092746734619
492, 17, 0.5323306918144226, 0.6890394687652588, -0.27576568722724915, 0.9805982112884521
492, 18, 0.38938894867897034, 0.5150783061981201, -0.25322648882865906, 0.9867126941680908
492, 19, 0.5244909524917603, 0.6829270720481873, -0.28440558910369873, 0.9781384468078613
492, 20, 0.39871689677238464, 0.5264692306518555, -0.27009400725364685, 0.9843299984931946
492, 21, 0.5209362506866455, 0.6674299836158752, -0.2480926811695099, 0.9690544009208679
492, 22, 0.40546345710754395, 0.5237404108047485, -0.22882036864757538, 0.9799030423164368
492, 23, 0.5327616930007935, 0.3794911801815033, -0.0006731052999384701, 0.9942657351493835
492, 24, 0.4952790141105652, 0.3367331326007843, 0.0008175133843906224, 0.9953612685203552
492, 25, 0.5303796529769897, 0.537676215171814, -0.0008633641409687698, 0.38344380259513855
492, 26, 0.465308278799057, 0.4600490927696228, 0.007374943699687719, 0.6628459692001343
492, 27, 0.5198414325714111, 0.6320465803146362, 0.12920011579990387, 0.7373977303504944
492, 28, 0.45720988512039185, 0.5367926359176636, 0.15039345622062683, 0.6804952025413513
492, 29, 0.5189376473426819, 0.6399304866790771, 0.14227157831192017, 0.6839965581893921
492, 30, 0.4600624144077301, 0.5461493730545044, 0.16519209742546082, 0.576424777507782
492, 31, 0.5095289349555969, 0.6828244924545288, 0.08386274427175522, 0.8703184723854065
492, 32, 0.443636029958725, 0.5786160230636597, 0.11752060800790787, 0.763392448425293
493, 0, 0.4789506494998932, 0.4600178897380829, -0.43875011801719666, 0.9999831914901733
493, 1, 0.48632150888442993, 0.4534212648868561, -0.4408612847328186, 0.9999855756759644
493, 2, 0.49042996764183044, 0.45468899607658386, -0.4408416152000427, 0.9999822378158569
493, 3, 0.49416232109069824, 0.45612332224845886, -0.44089335203170776, 0.9999818801879883
493, 4, 0.4755900502204895, 0.44478005170822144, -0.4409359395503998, 0.9999910593032837
493, 5, 0.4728999137878418, 0.44065338373184204, -0.4409555494785309, 0.9999887943267822
493, 6, 0.47045955061912537, 0.43682417273521423, -0.44091445207595825, 0.9999873638153076
493, 7, 0.5024779438972473, 0.4475491940975189, -0.3827652633190155, 0.9999130964279175
493, 8, 0.46811729669570923, 0.4145132601261139, -0.3825172185897827, 0.9999731779098511
493, 9, 0.4866795539855957, 0.4612656533718109, -0.40955227613449097, 0.9999303817749023
493, 10, 0.4740981161594391, 0.4533470869064331, -0.4093471169471741, 0.999933123588562
493, 11, 0.5324942469596863, 0.4572676718235016, -0.2711321711540222, 0.9881963133811951
493, 12, 0.4581013321876526, 0.37485837936401367, -0.2727225124835968, 0.9911385178565979
493, 13, 0.5404090285301208, 0.5682327747344971, -0.22863569855690002, 0.9684886336326599
493, 14, 0.4158020615577698, 0.42579954862594604, -0.2249365746974945, 0.9812018871307373
493, 15, 0.518889307975769, 0.663318395614624, -0.2901303470134735, 0.9844034910202026
493, 16, 0.3994375467300415, 0.5189771056175232, -0.27658581733703613, 0.9882523417472839
493, 17, 0.5196369886398315, 0.6978249549865723, -0.3299797475337982, 0.9736661314964294
493, 18, 0.38666704297065735, 0.5347276329994202, -0.31690406799316406, 0.980624258518219
493, 19, 0.5100476145744324, 0.6902570724487305, -0.3419739007949829, 0.9728876352310181
493, 20, 0.3968626856803894, 0.5443002581596375, -0.3343241512775421, 0.9793393015861511
493, 21, 0.5072910785675049, 0.6744613647460938, -0.29838916659355164, 0.9591742753982544
493, 22, 0.4037867486476898, 0.5412297248840332, -0.28632652759552, 0.9745197892189026
493, 23, 0.5350570678710938, 0.39200156927108765, 0.004031267482787371, 0.991239607334137
493, 24, 0.49494147300720215, 0.3449767827987671, -0.0038592959754168987, 0.9948996901512146
493, 25, 0.5330061912536621, 0.5468618869781494, 0.06256920099258423, 0.33918240666389465
493, 26, 0.4481526017189026, 0.4592221975326538, 0.03362906351685524, 0.6880198121070862
493, 27, 0.5210393667221069, 0.6132481694221497, 0.24848845601081848, 0.3651983141899109
493, 28, 0.45264190435409546, 0.5045146942138672, 0.2599724531173706, 0.33274757862091064
493, 29, 0.5195783972740173, 0.617611289024353, 0.26748040318489075, 0.24173593521118164
493, 30, 0.45694708824157715, 0.5092945098876953, 0.2841370403766632, 0.2916663885116577
493, 31, 0.5165042281150818, 0.6592189073562622, 0.22517457604408264, 0.6268938183784485
493, 32, 0.44350630044937134, 0.5383783578872681, 0.2565506100654602, 0.5226246118545532
494, 0, 0.48705917596817017, 0.45827406644821167, -0.28561776876449585, 0.9996252059936523
494, 1, 0.49115315079689026, 0.45568960905075073, -0.2932838499546051, 0.9996918439865112
494, 2, 0.493548721075058, 0.4565640687942505, -0.29327279329299927, 0.9996769428253174
494, 3, 0.49595004320144653, 0.45738929510116577, -0.2933183014392853, 0.9996678829193115
494, 4, 0.4816833436489105, 0.4459114074707031, -0.2933017909526825, 0.9998113512992859
494, 5, 0.4791076183319092, 0.44364792108535767, -0.29336076974868774, 0.9997710585594177
494, 6, 0.47602972388267517, 0.44093555212020874, -0.2933807373046875, 0.9997805953025818
494, 7, 0.5035755038261414, 0.44342461228370667, -0.269936740398407, 0.998927652835846
494, 8, 0.4715237617492676, 0.4230360984802246, -0.27047979831695557, 0.999618411064148
494, 9, 0.4917542040348053, 0.45160606503486633, -0.270232230424881, 0.9988148212432861
494, 10, 0.4848729968070984, 0.4468965232372284, -0.2705819606781006, 0.9990792274475098
494, 11, 0.531001627445221, 0.42792248725891113, -0.20339515805244446, 0.985346794128418
494, 12, 0.4600445628166199, 0.375803679227829, -0.21095331013202667, 0.9869822859764099
494, 13, 0.5452670454978943, 0.4950175881385803, -0.18510328233242035, 0.9820728302001953
494, 14, 0.4309662878513336, 0.4037288725376129, -0.17195770144462585, 0.8552203178405762
494, 15, 0.5469377040863037, 0.5904015302658081, -0.22027818858623505, 0.9940335154533386
494, 16, 0.4091457426548004, 0.45873379707336426, -0.17670753598213196, 0.8769187331199646
494, 17, 0.5557487607002258, 0.6145647168159485, -0.24743537604808807, 0.9905787110328674
494, 18, 0.39820191264152527, 0.4744744300842285, -0.2031538188457489, 0.8696479201316833
494, 19, 0.5467604398727417, 0.6114159226417542, -0.2530927062034607, 0.9903308153152466
494, 20, 0.4063475728034973, 0.4813683032989502, -0.20677456259727478, 0.8707930445671082
494, 21, 0.541921854019165, 0.5990596413612366, -0.2242155522108078, 0.9775485396385193
494, 22, 0.41334906220436096, 0.479138046503067, -0.17965257167816162, 0.8194543719291687
494, 23, 0.5221145153045654, 0.3515383005142212, 0.005988268181681633, 0.9889378547668457
494, 24, 0.4883447587490082, 0.3260011076927185, -0.006153731141239405, 0.9789214730262756
494, 25, 0.5032266974449158, 0.4362327456474304, 0.1268468052148819, 0.10167386382818222
494, 26, 0.468508780002594, 0.4096950888633728, 0.12537528574466705, 0.07521461695432663
494, 27, 0.49117475748062134, 0.44513532519340515, 0.33030587434768677, 0.1400439292192459
494, 28, 0.4605558514595032, 0.42754310369491577, 0.32012060284614563, 0.04986666142940521
494, 29, 0.4899170398712158, 0.44199180603027344, 0.3517090082168579, 0.08254803717136383
494, 30, 0.4591209292411804, 0.4276958405971527, 0.340868204832077, 0.030411165207624435
494, 31, 0.48500293493270874, 0.4711320102214813, 0.33308497071266174, 0.10766307264566422
494, 32, 0.45801812410354614, 0.4488946199417114, 0.32249295711517334, 0.04113868623971939
495, 0, 0.47021645307540894, 0.462051123380661, -0.28656017780303955, 0.9999606609344482
495, 1, 0.47703686356544495, 0.454786479473114, -0.29405829310417175, 0.999961256980896
495, 2, 0.4809437394142151, 0.4563479423522949, -0.294046014547348, 0.999968409538269
495, 3, 0.48504573106765747, 0.45673954486846924, -0.29399552941322327, 0.9999639987945557
495, 4, 0.46751731634140015, 0.4477549195289612, -0.29619264602661133, 0.9999700784683228
495, 5, 0.46495509147644043, 0.44333767890930176, -0.2961978614330292, 0.9999754428863525
495, 6, 0.46244120597839355, 0.4397259056568146, -0.2961493134498596, 0.9999655485153198
495, 7, 0.4949762225151062, 0.4469880759716034, -0.2727169692516327, 0.999885082244873
495, 8, 0.46009570360183716, 0.41859132051467896, -0.2822290062904358, 0.9999140501022339
495, 9, 0.47727149724960327, 0.4615297019481659, -0.2717430293560028, 0.9998507499694824
495, 10, 0.4658699929714203, 0.4541906714439392, -0.27440568804740906, 0.9998323917388916
495, 11, 0.5280404090881348, 0.443141907453537, -0.1899181604385376, 0.9925150275230408
495, 12, 0.4486618638038635, 0.36523550748825073, -0.18954196572303772, 0.9935401082038879
495, 13, 0.5355966687202454, 0.5249448418617249, -0.11325876414775848, 0.9221683740615845
495, 14, 0.4167262017726898, 0.4200749397277832, -0.11355520784854889, 0.9039260149002075
495, 15, 0.5337844491004944, 0.6014071702957153, -0.12999922037124634, 0.9601840972900391
495, 16, 0.40408650040626526, 0.5084492564201355, -0.10867084562778473, 0.982401430606842
495, 17, 0.5382813811302185, 0.6261535882949829, -0.15372352302074432, 0.9535366296768188
495, 18, 0.39342060685157776, 0.5241686105728149, -0.12957055866718292, 0.9767455458641052
495, 19, 0.529264509677887, 0.6215953826904297, -0.16288301348686218, 0.9490117430686951
495, 20, 0.40457433462142944, 0.5370448231697083, -0.14630985260009766, 0.9727184176445007
495, 21, 0.5255216360092163, 0.6106741428375244, -0.13447371125221252, 0.9388718605041504
495, 22, 0.40999308228492737, 0.5337114334106445, -0.11564048379659653, 0.9710819721221924
495, 23, 0.5313835144042969, 0.3800884187221527, 0.003262139391154051, 0.9965692758560181
495, 24, 0.48887357115745544, 0.33677637577056885, -0.0031085254158824682, 0.9971298575401306
495, 25, 0.5336536765098572, 0.5457337498664856, -0.004720589611679316, 0.3762805163860321
495, 26, 0.4514845311641693, 0.46091949939727783, 0.00614421209320426, 0.8137755990028381
495, 27, 0.5145970582962036, 0.6408602595329285, 0.09868501126766205, 0.7821643352508545
495, 28, 0.43855005502700806, 0.5363086462020874, 0.12176593393087387, 0.8644804358482361
495, 29, 0.510458767414093, 0.6469027400016785, 0.10989774763584137, 0.710846483707428
495, 30, 0.44088348746299744, 0.5452563762664795, 0.13399016857147217, 0.7673174142837524
495, 31, 0.5086735486984253, 0.6912938356399536, 0.06231645494699478, 0.9035486578941345
495, 32, 0.4269041419029236, 0.5785102844238281, 0.0941099226474762, 0.8986257910728455
496, 0, 0.4706941545009613, 0.4651881456375122, -0.3506251573562622, 0.999976396560669
496, 1, 0.47712796926498413, 0.45860230922698975, -0.3559284806251526, 0.9999781847000122
496, 2, 0.48108726739883423, 0.4601820707321167, -0.3559205234050751, 0.9999794960021973
496, 3, 0.4847032427787781, 0.46192729473114014, -0.35590454936027527, 0.9999768733978271
496, 4, 0.46749502420425415, 0.4511425793170929, -0.3566019535064697, 0.9999839067459106
496, 5, 0.46477431058883667, 0.44727930426597595, -0.35660701990127563, 0.9999839067459106
496, 6, 0.46247559785842896, 0.44283488392829895, -0.35654160380363464, 0.9999802112579346
496, 7, 0.4952065348625183, 0.449280709028244, -0.3182794451713562, 0.9999165534973145
496, 8, 0.46043962240219116, 0.42051103711128235, -0.32090216875076294, 0.9999485015869141
496, 9, 0.4771580100059509, 0.4663211703300476, -0.3291904926300049, 0.9998769760131836
496, 10, 0.466169536113739, 0.4571380615234375, -0.32973164319992065, 0.9998726844787598
496, 11, 0.5275769233703613, 0.4477078318595886, -0.21994057297706604, 0.9867424964904785
496, 12, 0.45293909311294556, 0.3657301962375641, -0.22119665145874023, 0.9894700050354004
496, 13, 0.5383774638175964, 0.5559056997299194, -0.16726341843605042, 0.9500260949134827
496, 14, 0.4146576523780823, 0.42721426486968994, -0.15527871251106262, 0.9522171020507812
496, 15, 0.5255787968635559, 0.6426979899406433, -0.219808429479599, 0.9824559688568115
496, 16, 0.4043591618537903, 0.5159645676612854, -0.19411762058734894, 0.9915526509284973
496, 17, 0.528050422668457, 0.6748979091644287, -0.2532065510749817, 0.9750801920890808
496, 18, 0.39082658290863037, 0.5328947305679321, -0.2269628494977951, 0.9878920316696167
496, 19, 0.5188190340995789, 0.6680303812026978, -0.26318418979644775, 0.9725598692893982
496, 20, 0.40230193734169006, 0.545403242111206, -0.24618597328662872, 0.9862481951713562
496, 21, 0.5157466530799866, 0.653692364692688, -0.22621746361255646, 0.9623320698738098
496, 22, 0.4090203642845154, 0.5419501066207886, -0.20370802283287048, 0.9833371043205261
496, 23, 0.5332071185112, 0.3715403974056244, 0.00426976615563035, 0.9935277104377747
496, 24, 0.48970913887023926, 0.3351103961467743, -0.004129734355956316, 0.9952811598777771
496, 25, 0.5266133546829224, 0.5363851189613342, 0.03261461481451988, 0.23329484462738037
496, 26, 0.44841712713241577, 0.45379209518432617, 0.015727020800113678, 0.779476523399353
496, 27, 0.5016675591468811, 0.6027497053146362, 0.1839570254087448, 0.4679487347602844
496, 28, 0.4351821541786194, 0.5088403224945068, 0.18995633721351624, 0.5960490107536316
496, 29, 0.49754589796066284, 0.6023813486099243, 0.19988317787647247, 0.43918198347091675
496, 30, 0.4368676245212555, 0.5106025338172913, 0.2088126838207245, 0.5609020590782166
496, 31, 0.4908584952354431, 0.6518009305000305, 0.15794628858566284, 0.7266021966934204
496, 32, 0.42100316286087036, 0.55174320936203, 0.17714348435401917, 0.7278375625610352
497, 0, 0.46699753403663635, 0.46695515513420105, -0.1377870887517929, 0.9999308586120605
497, 1, 0.47273415327072144, 0.4629554748535156, -0.14886249601840973, 0.9999008178710938
497, 2, 0.47600626945495605, 0.4649982452392578, -0.14888878166675568, 0.9999315738677979
497, 3, 0.48455387353897095, 0.4615704119205475, -0.14890053868293762, 0.9999258518218994
497, 4, 0.4641258120536804, 0.4540674090385437, -0.14961017668247223, 0.9998950958251953
497, 5, 0.4619974195957184, 0.4491071105003357, -0.14965039491653442, 0.9999196529388428
497, 6, 0.45970049500465393, 0.4462786018848419, -0.14967790246009827, 0.9999097585678101
497, 7, 0.4935762286186218, 0.45239049196243286, -0.15475961565971375, 0.9998335838317871
497, 8, 0.4575466215610504, 0.4255625307559967, -0.15813548862934113, 0.9998944997787476
497, 9, 0.47434085607528687, 0.4654747545719147, -0.13556766510009766, 0.9999610185623169
497, 10, 0.46345657110214233, 0.4582427442073822, -0.13651825487613678, 0.9999518394470215
497, 11, 0.5249224901199341, 0.4426671862602234, -0.11920221149921417, 0.99873286485672
497, 12, 0.4556613564491272, 0.3763304054737091, -0.12379086017608643, 0.9978523254394531
497, 13, 0.5422349572181702, 0.5223475694656372, -0.1039261594414711, 0.9958899617195129
497, 14, 0.42346444725990295, 0.41476282477378845, -0.1062607392668724, 0.9428685307502747
497, 15, 0.5399643778800964, 0.5932243466377258, -0.15003369748592377, 0.9981828331947327
497, 16, 0.41047659516334534, 0.48117369413375854, -0.11636600643396378, 0.9780258536338806
497, 17, 0.5438230037689209, 0.6194860935211182, -0.17345492541790009, 0.9966928958892822
497, 18, 0.39533737301826477, 0.4934080243110657, -0.13800546526908875, 0.9689908623695374
497, 19, 0.5327993035316467, 0.6134888529777527, -0.17866151034832, 0.9966096878051758
497, 20, 0.4066529870033264, 0.5049377679824829, -0.1443198323249817, 0.9694385528564453
497, 21, 0.5310366749763489, 0.6023459434509277, -0.154002383351326, 0.992608368396759
497, 22, 0.4131057858467102, 0.5008687973022461, -0.11998984962701797, 0.9599871635437012
497, 23, 0.5302379131317139, 0.34786903858184814, 0.0040718489326536655, 0.9954537153244019
497, 24, 0.49467191100120544, 0.32765841484069824, -0.004040515515953302, 0.991675853729248
497, 25, 0.5030910968780518, 0.45703187584877014, 0.06222260743379593, 0.16038015484809875
497, 26, 0.45893508195877075, 0.42527198791503906, 0.05059591680765152, 0.4376439154148102
497, 27, 0.4817432761192322, 0.48337244987487793, 0.17143727838993073, 0.2741864025592804
497, 28, 0.456240713596344, 0.45873764157295227, 0.1649128645658493, 0.2421223521232605
497, 29, 0.48053377866744995, 0.4818531572818756, 0.18205250799655914, 0.14792604744434357
497, 30, 0.4573501646518707, 0.4592835307121277, 0.17685875296592712, 0.18981701135635376
497, 31, 0.4719337821006775, 0.5141849517822266, 0.16786254942417145, 0.45182371139526367
497, 32, 0.45181888341903687, 0.48540306091308594, 0.16381409764289856, 0.4388028383255005
498, 0, 0.4665656089782715, 0.4674980640411377, -0.15292347967624664, 0.9999264478683472
498, 1, 0.47300583124160767, 0.46217215061187744, -0.16435743868350983, 0.9999148845672607
498, 2, 0.4769528806209564, 0.4636750817298889, -0.1643744260072708, 0.9999326467514038
498, 3, 0.4806080758571625, 0.465755432844162, -0.16439197957515717, 0.999930739402771
498, 4, 0.46372920274734497, 0.45636776089668274, -0.16435690224170685, 0.9998892545700073
498, 5, 0.4612313210964203, 0.4534260332584381, -0.16440270841121674, 0.9999042749404907
498, 6, 0.45892134308815, 0.45090505480766296, -0.16442687809467316, 0.9999077320098877
498, 7, 0.4904683232307434, 0.45446422696113586, -0.16795006394386292, 0.9998514652252197
498, 8, 0.4580927789211273, 0.4281068444252014, -0.16829176247119904, 0.9998801946640015
498, 9, 0.47373953461647034, 0.46559515595436096, -0.1496274620294571, 0.9999521970748901
498, 10, 0.463522344827652, 0.4594710171222687, -0.1496579945087433, 0.9999436140060425
498, 11, 0.523895800113678, 0.44292131066322327, -0.12724168598651886, 0.9987136125564575
498, 12, 0.45431795716285706, 0.3767569661140442, -0.13444514572620392, 0.998180627822876
498, 13, 0.538931131362915, 0.5125430822372437, -0.11001863330602646, 0.9954872727394104
498, 14, 0.42387261986732483, 0.4151644706726074, -0.11184446513652802, 0.9330780506134033
498, 15, 0.5366088151931763, 0.5865201950073242, -0.15348926186561584, 0.9967724680900574
498, 16, 0.4095010757446289, 0.48713213205337524, -0.12165286391973495, 0.9632152318954468
498, 17, 0.5417050719261169, 0.610321581363678, -0.17670057713985443, 0.993893027305603
498, 18, 0.3950420022010803, 0.49611732363700867, -0.14329764246940613, 0.9497774243354797
498, 19, 0.5292067527770996, 0.6024492979049683, -0.18391793966293335, 0.9940615296363831
498, 20, 0.40654414892196655, 0.5077400207519531, -0.14980275928974152, 0.9537572860717773
498, 21, 0.5266790986061096, 0.592441201210022, -0.15818840265274048, 0.9873991012573242
498, 22, 0.412880003452301, 0.5054903626441956, -0.12524807453155518, 0.9400890469551086
498, 23, 0.5289919376373291, 0.3557848334312439, 0.006926344241946936, 0.996087908744812
498, 24, 0.495515912771225, 0.3280923664569855, -0.006940928287804127, 0.9935765862464905
498, 25, 0.5010880827903748, 0.45530226826667786, 0.07508308440446854, 0.08686448633670807
498, 26, 0.4563579559326172, 0.42609894275665283, 0.060190267860889435, 0.33937206864356995
498, 27, 0.4818950295448303, 0.4590037763118744, 0.2032199203968048, 0.11976166069507599
498, 28, 0.45631471276283264, 0.4424084424972534, 0.19151422381401062, 0.11708914488554001
498, 29, 0.47892579436302185, 0.45334434509277344, 0.21582090854644775, 0.06379561871290207
498, 30, 0.4574764370918274, 0.4404531717300415, 0.20506398379802704, 0.09051524102687836
498, 31, 0.4742937684059143, 0.4842853844165802, 0.20358514785766602, 0.21755102276802063
498, 32, 0.45234131813049316, 0.46454131603240967, 0.19448482990264893, 0.21244490146636963
499, 0, 0.46820077300071716, 0.47193267941474915, -0.12203069776296616, 0.9999909400939941
499, 1, 0.47462010383605957, 0.4663121998310089, -0.1337072253227234, 0.9999910593032837
499, 2, 0.478706419467926, 0.46758440136909485, -0.13373030722141266, 0.999991774559021
499, 3, 0.4824642539024353, 0.4694085121154785, -0.133732870221138, 0.9999920129776001
499, 4, 0.4650565981864929, 0.46107643842697144, -0.13513940572738647, 0.9999885559082031
499, 5, 0.4622916281223297, 0.4584013521671295, -0.13517950475215912, 0.9999878406524658
499, 6, 0.4597042202949524, 0.45622342824935913, -0.13517752289772034, 0.9999887943267822
499, 7, 0.4921994209289551, 0.4549141228199005, -0.14185653626918793, 0.999983549118042
499, 8, 0.4569157660007477, 0.43431931734085083, -0.14915291965007782, 0.9999845027923584
499, 9, 0.47537678480148315, 0.4690852165222168, -0.12041685730218887, 0.9999946355819702
499, 10, 0.4640503525733948, 0.46497538685798645, -0.12246035039424896, 0.9999938011169434
499, 11, 0.5238889455795288, 0.43635621666908264, -0.1043076291680336, 0.9995443224906921
499, 12, 0.44993501901626587, 0.38201168179512024, -0.1209559291601181, 0.9994972944259644
499, 13, 0.5466915369033813, 0.48805946111679077, -0.07742390781641006, 0.9951344132423401
499, 14, 0.4246750473976135, 0.4245646893978119, -0.0895497053861618, 0.9828720092773438
499, 15, 0.5416269898414612, 0.5581606030464172, -0.10231469571590424, 0.9968611001968384
499, 16, 0.4073929190635681, 0.49299779534339905, -0.0873006135225296, 0.9898046255111694
499, 17, 0.5497100353240967, 0.5737997889518738, -0.12022348493337631, 0.993961751461029
499, 18, 0.39447104930877686, 0.5045592784881592, -0.10538480430841446, 0.9819282293319702
499, 19, 0.536605954170227, 0.5695882439613342, -0.1297113001346588, 0.9939846396446228
499, 20, 0.4057607054710388, 0.515069305896759, -0.1121455579996109, 0.982424795627594
499, 21, 0.533238410949707, 0.5611931085586548, -0.10711588710546494, 0.9873764514923096
499, 22, 0.4113141596317291, 0.5112531781196594, -0.09048089385032654, 0.9757793545722961
499, 23, 0.5274206399917603, 0.3467334806919098, 0.010799506679177284, 0.9993101358413696
499, 24, 0.48961931467056274, 0.3244112730026245, -0.010820465162396431, 0.9989804625511169
499, 25, 0.5107948780059814, 0.46269670128822327, 0.06352083384990692, 0.19955898821353912
499, 26, 0.4513477683067322, 0.4417606294155121, 0.03650759905576706, 0.6341878175735474
499, 27, 0.4826858639717102, 0.46706393361091614, 0.18271811306476593, 0.2562639117240906
499, 28, 0.4486234188079834, 0.4450374245643616, 0.17179539799690247, 0.23293517529964447
499, 29, 0.4792453646659851, 0.4589879810810089, 0.19460758566856384, 0.14479486644268036
499, 30, 0.45042672753334045, 0.437640517950058, 0.18586450815200806, 0.12511488795280457
499, 31, 0.4696946144104004, 0.49490830302238464, 0.18179477751255035, 0.4538309574127197
499, 32, 0.4396342635154724, 0.4699181020259857, 0.1791231781244278, 0.38920480012893677
500, 0, 0.4646783471107483, 0.4698987305164337, -0.24245718121528625, 0.9997841715812683
500, 1, 0.4707234501838684, 0.46343573927879333, -0.2495553195476532, 0.9998424053192139
500, 2, 0.4748092293739319, 0.46442413330078125, -0.24957498908042908, 0.9998689889907837
500, 3, 0.4790778160095215, 0.46600639820098877, -0.24955134093761444, 0.999864935874939
500, 4, 0.4603249430656433, 0.457754909992218, -0.25272732973098755, 0.9998525381088257
500, 5, 0.45758122205734253, 0.4550420641899109, -0.25274795293807983, 0.9998797178268433
500, 6, 0.45461803674697876, 0.4519707262516022, -0.2526950538158417, 0.9998558759689331
500, 7, 0.48922449350357056, 0.45297735929489136, -0.23280668258666992, 0.9996340274810791
500, 8, 0.4520185589790344, 0.4302964210510254, -0.2465856373310089, 0.999660849571228
500, 9, 0.47100773453712463, 0.47068825364112854, -0.23022980988025665, 0.9996240139007568
500, 10, 0.4596022069454193, 0.4644389748573303, -0.23411135375499725, 0.9995361566543579
500, 11, 0.5180277824401855, 0.43966662883758545, -0.15852147340774536, 0.9832067489624023
500, 12, 0.4465404152870178, 0.37820401787757874, -0.1746191382408142, 0.9836035966873169
500, 13, 0.52070552110672, 0.5085232257843018, -0.09311982989311218, 0.8339845538139343
500, 14, 0.41384467482566833, 0.4366728365421295, -0.11401374638080597, 0.9035341739654541
500, 15, 0.5265250205993652, 0.5760082006454468, -0.11039062589406967, 0.9118108749389648
500, 16, 0.40710821747779846, 0.5293005108833313, -0.10816998779773712, 0.9832077026367188
500, 17, 0.5315001606941223, 0.5979613661766052, -0.1327766478061676, 0.8950189352035522
500, 18, 0.39691847562789917, 0.5508403182029724, -0.13290177285671234, 0.9766302108764648
500, 19, 0.5236886739730835, 0.5956748723983765, -0.14118821918964386, 0.8873062133789062
500, 20, 0.40816444158554077, 0.5591099858283997, -0.14651523530483246, 0.9722716212272644
500, 21, 0.5203078985214233, 0.5859134197235107, -0.11507190763950348, 0.8678114414215088
500, 22, 0.41321712732315063, 0.5527376532554626, -0.11448440700769424, 0.969334602355957
500, 23, 0.5239658951759338, 0.37184423208236694, 0.006347759626805782, 0.9983435869216919
500, 24, 0.48613983392715454, 0.3359481692314148, -0.006186185870319605, 0.9983134269714355
500, 25, 0.531793475151062, 0.5293405055999756, 0.0037678428925573826, 0.3299223780632019
500, 26, 0.44663581252098083, 0.45669201016426086, 0.008545284159481525, 0.8907625675201416
500, 27, 0.5123068690299988, 0.6204664707183838, 0.10064466297626495, 0.7009403705596924
500, 28, 0.42410197854042053, 0.5139411091804504, 0.12946005165576935, 0.860704779624939
500, 29, 0.5072534084320068, 0.6248951554298401, 0.11191413551568985, 0.6087502241134644
500, 30, 0.4244252145290375, 0.517216145992279, 0.14295841753482819, 0.7600259184837341
500, 31, 0.5093472003936768, 0.6693103313446045, 0.06824441254138947, 0.8562001585960388
500, 32, 0.4119269847869873, 0.5521466135978699, 0.10926942527294159, 0.8914521336555481
501, 0, 0.46439260244369507, 0.4697851538658142, -0.21657581627368927, 0.9997490048408508
501, 1, 0.47024106979370117, 0.46247825026512146, -0.22723276913166046, 0.9997515082359314
501, 2, 0.47435322403907776, 0.46359434723854065, -0.22725090384483337, 0.9998238682746887
501, 3, 0.4780532419681549, 0.46509578824043274, -0.22722744941711426, 0.9997970461845398
501, 4, 0.4605075716972351, 0.4579988121986389, -0.22977499663829803, 0.9997416138648987
501, 5, 0.45762714743614197, 0.4552600085735321, -0.2297818958759308, 0.9998069405555725
501, 6, 0.4550395607948303, 0.45277875661849976, -0.2297143042087555, 0.9997536540031433
501, 7, 0.49118584394454956, 0.44637396931648254, -0.22497470676898956, 0.9994638562202454
501, 8, 0.4520624279975891, 0.4328170716762543, -0.23578329384326935, 0.9994346499443054
501, 9, 0.47191065549850464, 0.46776071190834045, -0.20896920561790466, 0.9992378950119019
501, 10, 0.45997270941734314, 0.4644026458263397, -0.21195288002490997, 0.9990971088409424
501, 11, 0.5212492346763611, 0.4322616457939148, -0.15929923951625824, 0.9850269556045532
501, 12, 0.4443921446800232, 0.3816445767879486, -0.17347726225852966, 0.9817315936088562
501, 13, 0.532557487487793, 0.4959103465080261, -0.09460688382387161, 0.9216111898422241
501, 14, 0.41339248418807983, 0.4371928870677948, -0.11092279106378555, 0.9147539138793945
501, 15, 0.5346301198005676, 0.559101939201355, -0.10236857831478119, 0.9419112801551819
501, 16, 0.40512460470199585, 0.5317339301109314, -0.08726101368665695, 0.9815836548805237
501, 17, 0.5391371250152588, 0.5788983106613159, -0.12314988672733307, 0.9279798865318298
501, 18, 0.39425915479660034, 0.5524840950965881, -0.10724048316478729, 0.9746326804161072
501, 19, 0.5300003290176392, 0.5779033899307251, -0.13064627349376678, 0.9223992824554443
501, 20, 0.406119167804718, 0.5599220991134644, -0.11795083433389664, 0.971244215965271
501, 21, 0.5268028378486633, 0.5691854953765869, -0.10660861432552338, 0.9047331809997559
501, 22, 0.41135111451148987, 0.5533986687660217, -0.09175008535385132, 0.9689676761627197
501, 23, 0.5232198238372803, 0.37057337164878845, 0.005849548149853945, 0.9961493015289307
501, 24, 0.4823550283908844, 0.3398664891719818, -0.005702934227883816, 0.9952442049980164
501, 25, 0.5232235789299011, 0.5196954607963562, 0.016738681122660637, 0.23848503828048706
501, 26, 0.44645968079566956, 0.4638047218322754, 0.026485513895750046, 0.8181833624839783
501, 27, 0.5014740824699402, 0.5934440493583679, 0.1309475600719452, 0.6174002885818481
501, 28, 0.42340677976608276, 0.5277040600776672, 0.1446406990289688, 0.8017696738243103
501, 29, 0.4952695369720459, 0.5956447124481201, 0.14418509602546692, 0.5256479978561401
501, 30, 0.4218290448188782, 0.5321240425109863, 0.1576797366142273, 0.6824896335601807
501, 31, 0.49803414940834045, 0.6343319416046143, 0.11085726320743561, 0.8062491416931152
501, 32, 0.41582220792770386, 0.5670502185821533, 0.1289447396993637, 0.8310412168502808
502, 0, 0.4612653851509094, 0.4800160825252533, -0.12856994569301605, 0.9997735619544983
502, 1, 0.4674590229988098, 0.47485029697418213, -0.14197374880313873, 0.9998422861099243
502, 2, 0.4709930419921875, 0.4757654070854187, -0.1419970989227295, 0.9998487234115601
502, 3, 0.4794771671295166, 0.4711610674858093, -0.14200937747955322, 0.9998348951339722
502, 4, 0.45783501863479614, 0.4692530333995819, -0.14192619919776917, 0.9998083710670471
502, 5, 0.45596399903297424, 0.46676817536354065, -0.14197900891304016, 0.9998220801353455
502, 6, 0.45300546288490295, 0.4650578498840332, -0.14201736450195312, 0.9998464584350586
502, 7, 0.48582786321640015, 0.46056729555130005, -0.1497545838356018, 0.99970942735672
502, 8, 0.44949084520339966, 0.4451271891593933, -0.1498418003320694, 0.9998430013656616
502, 9, 0.47075262665748596, 0.47621214389801025, -0.1252976357936859, 0.9998522996902466
502, 10, 0.45918187499046326, 0.4683619737625122, -0.12525637447834015, 0.9998663663864136
502, 11, 0.5178719758987427, 0.4271578788757324, -0.10860935598611832, 0.998009979724884
502, 12, 0.44042450189590454, 0.38573116064071655, -0.11868522316217422, 0.9985013008117676
502, 13, 0.5452681183815002, 0.469374418258667, -0.07309740781784058, 0.9735345840454102
502, 14, 0.41971564292907715, 0.42924773693084717, -0.06781615316867828, 0.8903623223304749
502, 15, 0.5437901020050049, 0.5395485162734985, -0.100719153881073, 0.9836766719818115
502, 16, 0.407706081867218, 0.5027257800102234, -0.05978957563638687, 0.9416598081588745
502, 17, 0.5477834343910217, 0.5544930100440979, -0.12180154025554657, 0.9811041355133057
502, 18, 0.3969757854938507, 0.5137146711349487, -0.0780147984623909, 0.9411208033561707
502, 19, 0.532563328742981, 0.5522034168243408, -0.13140520453453064, 0.9825029373168945
502, 20, 0.4074065685272217, 0.5198908448219299, -0.08718853443861008, 0.9476639032363892
502, 21, 0.5293249487876892, 0.5455185770988464, -0.10576207935810089, 0.9653487205505371
502, 22, 0.413175493478775, 0.5171133875846863, -0.06375110894441605, 0.9345358610153198
502, 23, 0.5195857286453247, 0.3356265127658844, 0.002954464638605714, 0.9962322115898132
502, 24, 0.48201578855514526, 0.3146520256996155, -0.002921904204413295, 0.9935033917427063
502, 25, 0.5063674449920654, 0.4195011556148529, 0.09037914127111435, 0.08324316143989563
502, 26, 0.461371511220932, 0.4083246886730194, 0.07970935851335526, 0.1536685973405838
502, 27, 0.4978794455528259, 0.417632132768631, 0.24764445424079895, 0.15862132608890533
502, 28, 0.46320992708206177, 0.4069088101387024, 0.24967069923877716, 0.059264183044433594
502, 29, 0.4974232316017151, 0.4103369414806366, 0.26471155881881714, 0.13271693885326385
502, 30, 0.46425753831863403, 0.4018472135066986, 0.2682417631149292, 0.05706143006682396
502, 31, 0.4904247224330902, 0.4432166516780853, 0.2609441578388214, 0.10393539071083069
502, 32, 0.45893675088882446, 0.4250553846359253, 0.26638391613960266, 0.042063020169734955
503, 0, 0.4614690840244293, 0.48443835973739624, -0.12340209633111954, 0.9999135732650757
503, 1, 0.4675639271736145, 0.4788298010826111, -0.13531024754047394, 0.9999245405197144
503, 2, 0.47099027037620544, 0.47962698340415955, -0.1353377401828766, 0.9999291896820068
503, 3, 0.47821909189224243, 0.4768387973308563, -0.13535253703594208, 0.9999309778213501
503, 4, 0.4583304524421692, 0.4736776649951935, -0.13547244668006897, 0.9999068975448608
503, 5, 0.4556136727333069, 0.4711124300956726, -0.13551895320415497, 0.9999109506607056
503, 6, 0.4528924524784088, 0.46855103969573975, -0.13554450869560242, 0.9999220371246338
503, 7, 0.48577484488487244, 0.4638119041919708, -0.14203958213329315, 0.9998502731323242
503, 8, 0.44905972480773926, 0.4453467130661011, -0.14321669936180115, 0.9999098777770996
503, 9, 0.46916499733924866, 0.47878921031951904, -0.1207280382514, 0.9999418258666992
503, 10, 0.4596066474914551, 0.4730358123779297, -0.12102022022008896, 0.9999418258666992
503, 11, 0.5162934064865112, 0.43434080481529236, -0.1026947945356369, 0.9980233907699585
503, 12, 0.4420289397239685, 0.3932259976863861, -0.1152304857969284, 0.9983831644058228
503, 13, 0.535513162612915, 0.4847746193408966, -0.07724971324205399, 0.9767850041389465
503, 14, 0.4212414622306824, 0.43328917026519775, -0.07911211997270584, 0.9054282307624817
503, 15, 0.5322041511535645, 0.5540134310722351, -0.11197923123836517, 0.9910871386528015
503, 16, 0.4088662564754486, 0.5052908658981323, -0.08003959059715271, 0.9597150087356567
503, 17, 0.5387338995933533, 0.572075366973877, -0.13351194560527802, 0.9891998767852783
503, 18, 0.3971783518791199, 0.5159072875976562, -0.10067691653966904, 0.9552502036094666
503, 19, 0.5252594947814941, 0.568468451499939, -0.1433713734149933, 0.9896702170372009
503, 20, 0.40791088342666626, 0.5229078531265259, -0.10906673967838287, 0.9595286250114441
503, 21, 0.5220454931259155, 0.560399055480957, -0.11751674115657806, 0.9802712202072144
503, 22, 0.4138612151145935, 0.5195248126983643, -0.0842205062508583, 0.948826014995575
503, 23, 0.514826774597168, 0.34494954347610474, 0.005778349004685879, 0.9979603290557861
503, 24, 0.48031169176101685, 0.3236176073551178, -0.005754110869020224, 0.9969011545181274
503, 25, 0.5041539669036865, 0.441863477230072, 0.07529284805059433, 0.1131511703133583
503, 26, 0.453700453042984, 0.435325026512146, 0.05530115216970444, 0.31816011667251587
503, 27, 0.49087589979171753, 0.4473533630371094, 0.20696386694908142, 0.1768086850643158
503, 28, 0.4571841359138489, 0.43380051851272583, 0.20313867926597595, 0.09922616183757782
503, 29, 0.4893421530723572, 0.44100329279899597, 0.22056667506694794, 0.11532359570264816
503, 30, 0.45867830514907837, 0.42798641324043274, 0.21888116002082825, 0.06947873532772064
503, 31, 0.48278650641441345, 0.47372594475746155, 0.21069589257240295, 0.2463177740573883
503, 32, 0.4526926577091217, 0.45225417613983154, 0.21401748061180115, 0.13252601027488708
504, 0, 0.4629179835319519, 0.4876076281070709, -0.17275075614452362, 0.9996213912963867
504, 1, 0.468860924243927, 0.48210254311561584, -0.1858891099691391, 0.9997225403785706
504, 2, 0.4723029136657715, 0.48286837339401245, -0.18590155243873596, 0.9997205138206482
504, 3, 0.47946611046791077, 0.48323869705200195, -0.18592636287212372, 0.9996956586837769
504, 4, 0.4592403471469879, 0.47685492038726807, -0.18553131818771362, 0.9997143149375916
504, 5, 0.4563700258731842, 0.4742394685745239, -0.18559949100017548, 0.9997376799583435
504, 6, 0.45350176095962524, 0.4716131091117859, -0.18563862144947052, 0.9997736811637878
504, 7, 0.4862774908542633, 0.466553658246994, -0.18961013853549957, 0.9994157552719116
504, 8, 0.45116719603538513, 0.44752365350723267, -0.18806426227092743, 0.9997506737709045
504, 9, 0.4702419638633728, 0.4812685251235962, -0.16771525144577026, 0.9997122883796692
504, 10, 0.46048885583877563, 0.4753774106502533, -0.16721899807453156, 0.9997432827949524
504, 11, 0.5174229145050049, 0.4320988953113556, -0.13951566815376282, 0.9968487620353699
504, 12, 0.43762293457984924, 0.39454999566078186, -0.14972884953022003, 0.9986977577209473
504, 13, 0.5399497747421265, 0.4767875671386719, -0.09542417526245117, 0.9395012259483337
504, 14, 0.4170272946357727, 0.4408027231693268, -0.08908698707818985, 0.9160242080688477
504, 15, 0.5430321097373962, 0.5380083322525024, -0.10930095613002777, 0.9546276330947876
504, 16, 0.40660738945007324, 0.5046911239624023, -0.0711960569024086, 0.9498064517974854
504, 17, 0.5466243028640747, 0.5518674254417419, -0.1292758733034134, 0.9509270787239075
504, 18, 0.3970233201980591, 0.5152490139007568, -0.08950740098953247, 0.9469608068466187
504, 19, 0.5320799946784973, 0.5489953756332397, -0.140109121799469, 0.9549130201339722
504, 20, 0.407292902469635, 0.5202850699424744, -0.09905216842889786, 0.9528416991233826
504, 21, 0.5282272696495056, 0.5419910550117493, -0.11448957771062851, 0.9216025471687317
504, 22, 0.4128588140010834, 0.5168505311012268, -0.07502905279397964, 0.9406677484512329
504, 23, 0.5137974619865417, 0.3428947627544403, 0.002269888063892722, 0.9957900643348694
504, 24, 0.47885051369667053, 0.3240719139575958, -0.002229425124824047, 0.99443519115448
504, 25, 0.5114250779151917, 0.4316587746143341, 0.09164386987686157, 0.10634386539459229
504, 26, 0.4643631875514984, 0.426299124956131, 0.08338689804077148, 0.15732735395431519
504, 27, 0.5059806108474731, 0.4378584027290344, 0.2579721510410309, 0.1852937489748001
504, 28, 0.4683038592338562, 0.42753463983535767, 0.26554974913597107, 0.05855923891067505
504, 29, 0.5055722594261169, 0.4317774474620819, 0.27613887190818787, 0.14374138414859772
504, 30, 0.4692936837673187, 0.42324167490005493, 0.2852145731449127, 0.046827320009469986
504, 31, 0.5001475214958191, 0.4651586413383484, 0.2711236774921417, 0.14716047048568726
504, 32, 0.46638184785842896, 0.445064514875412, 0.28405672311782837, 0.050146229565143585
505, 0, 0.46384820342063904, 0.48644259572029114, -0.21262259781360626, 0.9997498393058777
505, 1, 0.47028177976608276, 0.47775429487228394, -0.22693021595478058, 0.99981290102005
505, 2, 0.47417157888412476, 0.4780864417552948, -0.22692015767097473, 0.9998167157173157
505, 3, 0.48192018270492554, 0.4748215973377228, -0.2269509732723236, 0.9997683167457581
505, 4, 0.4590091109275818, 0.4729613959789276, -0.22588732838630676, 0.9998020529747009
505, 5, 0.4556111693382263, 0.4703698754310608, -0.225957989692688, 0.9998130202293396
505, 6, 0.4522251486778259, 0.4677654802799225, -0.2259947955608368, 0.9998247027397156
505, 7, 0.48900455236434937, 0.45935362577438354, -0.22725339233875275, 0.9995915293693542
505, 8, 0.44802936911582947, 0.4417622983455658, -0.2227650135755539, 0.9998056292533875
505, 9, 0.4717708230018616, 0.4798983335494995, -0.20540456473827362, 0.9997443556785583
505, 10, 0.4603314995765686, 0.4746575653553009, -0.20418736338615417, 0.9998196959495544
505, 11, 0.5209429264068604, 0.42857781052589417, -0.16503944993019104, 0.996537446975708
505, 12, 0.43054622411727905, 0.39342451095581055, -0.1730060577392578, 0.9985981583595276
505, 13, 0.5440290570259094, 0.46758002042770386, -0.11098499596118927, 0.9574670195579529
505, 14, 0.4115604758262634, 0.43480077385902405, -0.09705998748540878, 0.879632830619812
505, 15, 0.5455365777015686, 0.5403675436973572, -0.11617861688137054, 0.9702937006950378
505, 16, 0.405423104763031, 0.5095067024230957, -0.064549021422863, 0.9243807196617126
505, 17, 0.5536980032920837, 0.5552777051925659, -0.1356937140226364, 0.9657552242279053
505, 18, 0.3968426585197449, 0.520469069480896, -0.08027376234531403, 0.9299765825271606
505, 19, 0.5409245491027832, 0.5534343719482422, -0.14702457189559937, 0.9677810668945312
505, 20, 0.4074820876121521, 0.5238659977912903, -0.09028714895248413, 0.9361873865127563
505, 21, 0.5358849763870239, 0.5461140871047974, -0.12108220160007477, 0.9378561973571777
505, 22, 0.412849485874176, 0.5203182101249695, -0.06780129671096802, 0.9181374907493591
505, 23, 0.5105563998222351, 0.3539447784423828, 0.005314788781106472, 0.9930986762046814
505, 24, 0.4706811308860779, 0.3297572135925293, -0.005317640956491232, 0.9912274479866028
505, 25, 0.4935087561607361, 0.4492397606372833, 0.10332617908716202, 0.15591201186180115
505, 26, 0.44572362303733826, 0.43458420038223267, 0.09142450243234634, 0.21231478452682495
505, 27, 0.47598323225975037, 0.4461696743965149, 0.2853342592716217, 0.14561250805854797
505, 28, 0.44425302743911743, 0.43829256296157837, 0.28446775674819946, 0.07087700068950653
505, 29, 0.47355538606643677, 0.4373883008956909, 0.30522990226745605, 0.10137109458446503
505, 30, 0.4454568922519684, 0.43355271220207214, 0.30576080083847046, 0.05215853080153465
505, 31, 0.46825486421585083, 0.47564828395843506, 0.2999805510044098, 0.10673916339874268
505, 32, 0.4391440451145172, 0.4649222195148468, 0.30328455567359924, 0.046942032873630524
506, 0, 0.46461305022239685, 0.4916452169418335, -0.14581836760044098, 0.9999796152114868
506, 1, 0.46982282400131226, 0.4877101182937622, -0.15562808513641357, 0.9999799728393555
506, 2, 0.47326985001564026, 0.4884093701839447, -0.15563145279884338, 0.9999803304672241
506, 3, 0.47841987013816833, 0.48858198523521423, -0.15562660992145538, 0.9999806880950928
506, 4, 0.46012526750564575, 0.48234790563583374, -0.15699584782123566, 0.9999817609786987
506, 5, 0.45722848176956177, 0.4793992042541504, -0.15705804526805878, 0.9999821186065674
506, 6, 0.45430827140808105, 0.4764614403247833, -0.1571076512336731, 0.9999837875366211
506, 7, 0.4866337180137634, 0.4694310426712036, -0.1510820835828781, 0.9999649524688721
506, 8, 0.4510226845741272, 0.4504217803478241, -0.1585661917924881, 0.999982476234436
506, 9, 0.4698522984981537, 0.48428207635879517, -0.13897870481014252, 0.9999878406524658
506, 10, 0.4602033197879791, 0.4843158721923828, -0.14116808772087097, 0.9999897480010986
506, 11, 0.5148022174835205, 0.43916404247283936, -0.1076730340719223, 0.999065101146698
506, 12, 0.43152427673339844, 0.3961811363697052, -0.12109507620334625, 0.999632716178894
506, 13, 0.5327996611595154, 0.4911801517009735, -0.0825083777308464, 0.9823441505432129
506, 14, 0.4123489260673523, 0.4387640357017517, -0.07546115666627884, 0.9313478469848633
506, 15, 0.5352373719215393, 0.5652761459350586, -0.12111438810825348, 0.9915257096290588
506, 16, 0.4045819342136383, 0.5047775506973267, -0.0732264295220375, 0.9526280164718628
506, 17, 0.5447487831115723, 0.5847848653793335, -0.1402747929096222, 0.9903817772865295
506, 18, 0.39233946800231934, 0.512984037399292, -0.09132153540849686, 0.9509201645851135
506, 19, 0.5304245352745056, 0.5812510251998901, -0.14968407154083252, 0.9903571009635925
506, 20, 0.40440720319747925, 0.519909143447876, -0.09900414943695068, 0.954048752784729
506, 21, 0.5257775187492371, 0.5721153020858765, -0.1258530616760254, 0.9803968667984009
506, 22, 0.4106917977333069, 0.5172122120857239, -0.07658956199884415, 0.9382088780403137
506, 23, 0.5055508613586426, 0.35681450366973877, 0.006267948541790247, 0.9986236095428467
506, 24, 0.4681498408317566, 0.33079344034194946, -0.006274106912314892, 0.9980552196502686
506, 25, 0.49629563093185425, 0.4478658437728882, 0.08065008372068405, 0.18699653446674347
506, 26, 0.45067542791366577, 0.429454505443573, 0.04974764212965965, 0.3730214536190033
506, 27, 0.4873191714286804, 0.4474531412124634, 0.2106788158416748, 0.22155319154262543
506, 28, 0.4578905701637268, 0.437177836894989, 0.20576806366443634, 0.09379342943429947
506, 29, 0.48671454191207886, 0.4399886727333069, 0.2240748107433319, 0.16509796679019928
506, 30, 0.46058446168899536, 0.4325443208217621, 0.22224238514900208, 0.07798261195421219
506, 31, 0.4797981381416321, 0.4740138649940491, 0.21955351531505585, 0.22036917507648468
506, 32, 0.45365437865257263, 0.4627164602279663, 0.22262461483478546, 0.09551648795604706
507, 0, 0.44862109422683716, 0.48936182260513306, -0.20163992047309875, 0.9986854195594788
507, 1, 0.45242565870285034, 0.48410868644714355, -0.2078976333141327, 0.9987298846244812
507, 2, 0.45455583930015564, 0.48439455032348633, -0.2078825980424881, 0.9984846711158752
507, 3, 0.46304959058761597, 0.4889659583568573, -0.20786306262016296, 0.9985790252685547
507, 4, 0.44659632444381714, 0.4808778166770935, -0.20831254124641418, 0.9989803433418274
507, 5, 0.4449734091758728, 0.479146271944046, -0.20835690200328827, 0.9988139867782593
507, 6, 0.4433467984199524, 0.47741299867630005, -0.20835594832897186, 0.999021053314209
507, 7, 0.4648832678794861, 0.4703667461872101, -0.19534578919410706, 0.9947938323020935
507, 8, 0.4436414837837219, 0.45859771966934204, -0.19736389815807343, 0.9983866214752197
507, 9, 0.45387524366378784, 0.4841983914375305, -0.1923736035823822, 0.9981060028076172
507, 10, 0.4481388032436371, 0.48102760314941406, -0.19291137158870697, 0.9985565543174744
507, 11, 0.4919525980949402, 0.4510918855667114, -0.15319567918777466, 0.9860963225364685
507, 12, 0.43304532766342163, 0.4209446907043457, -0.15302851796150208, 0.9933249354362488
507, 13, 0.5075100064277649, 0.4976891279220581, -0.1382225751876831, 0.8266116380691528
507, 14, 0.4144043028354645, 0.4620245695114136, -0.12562590837478638, 0.8697373270988464
507, 15, 0.5154139399528503, 0.5557198524475098, -0.16036267578601837, 0.9033159017562866
507, 16, 0.39922821521759033, 0.5111053586006165, -0.13753919303417206, 0.9416700601577759
507, 17, 0.5229639410972595, 0.5713165998458862, -0.18228085339069366, 0.8689946532249451
507, 18, 0.3895517587661743, 0.5194180011749268, -0.15968462824821472, 0.924949049949646
507, 19, 0.5137984752655029, 0.5695638060569763, -0.18912996351718903, 0.8687518835067749
507, 20, 0.39693015813827515, 0.5235791802406311, -0.16891585290431976, 0.9228567481040955
507, 21, 0.5098121762275696, 0.5616396069526672, -0.1645159274339676, 0.8158770799636841
507, 22, 0.40236884355545044, 0.5206635594367981, -0.14244213700294495, 0.894127368927002
507, 23, 0.4959801733493805, 0.36308130621910095, -0.0026979874819517136, 0.98405522108078
507, 24, 0.4653567373752594, 0.34523969888687134, 0.0026587953325361013, 0.9831720590591431
507, 25, 0.5067652463912964, 0.45994269847869873, 0.0753440111875534, 0.07122395187616348
507, 26, 0.46390318870544434, 0.4264439046382904, 0.06491738557815552, 0.13366349041461945
507, 27, 0.5090224742889404, 0.5018023252487183, 0.20993518829345703, 0.15832240879535675
507, 28, 0.4659496247768402, 0.4684757590293884, 0.2165297567844391, 0.07028348743915558
507, 29, 0.5102071762084961, 0.49824321269989014, 0.22336788475513458, 0.12152623385190964
507, 30, 0.4671567976474762, 0.4671816825866699, 0.2324945479631424, 0.057907670736312866
507, 31, 0.5023223161697388, 0.5397377014160156, 0.20122675597667694, 0.23275083303451538
507, 32, 0.46364036202430725, 0.49646586179733276, 0.2184302806854248, 0.125723198056221
508, 0, 0.4496740400791168, 0.47756141424179077, -0.19673825800418854, 0.9995315074920654
508, 1, 0.45454782247543335, 0.47527265548706055, -0.20250920951366425, 0.999503493309021
508, 2, 0.4568139910697937, 0.4767603874206543, -0.20249536633491516, 0.9993745684623718
508, 3, 0.45908084511756897, 0.47817909717559814, -0.20250225067138672, 0.9992615580558777
508, 4, 0.44811731576919556, 0.46907544136047363, -0.20214171707630157, 0.9997074007987976
508, 5, 0.4462561011314392, 0.4666764438152313, -0.2021867036819458, 0.999677300453186
508, 6, 0.44438067078590393, 0.4642394483089447, -0.20221984386444092, 0.9997240900993347
508, 7, 0.46696382761001587, 0.4701842963695526, -0.18382447957992554, 0.998156726360321
508, 8, 0.4432297646999359, 0.4475952684879303, -0.18198029696941376, 0.9996576309204102
508, 9, 0.4541254937648773, 0.47534382343292236, -0.18489061295986176, 0.9991751313209534
508, 10, 0.44763046503067017, 0.4689718782901764, -0.18445579707622528, 0.9995532631874084
508, 11, 0.4902026057243347, 0.463540643453598, -0.13300727307796478, 0.9954614043235779
508, 12, 0.428333044052124, 0.41018033027648926, -0.1354864239692688, 0.9992989301681519
508, 13, 0.5043725967407227, 0.500981867313385, -0.10329832136631012, 0.8532430529594421
508, 14, 0.405949205160141, 0.4311196506023407, -0.10376056283712387, 0.9330257773399353
508, 15, 0.49404898285865784, 0.5503953099250793, -0.11023478209972382, 0.9634347558021545
508, 16, 0.390522301197052, 0.47565075755119324, -0.10524525493383408, 0.9827624559402466
508, 17, 0.49813276529312134, 0.5654725432395935, -0.12484822422266006, 0.9643491506576538
508, 18, 0.3825535774230957, 0.48062101006507874, -0.1215125098824501, 0.9797914624214172
508, 19, 0.4894091486930847, 0.560457706451416, -0.1326223462820053, 0.963726818561554
508, 20, 0.38927629590034485, 0.4866560101509094, -0.12578557431697845, 0.9787277579307556
508, 21, 0.48641258478164673, 0.5524266958236694, -0.11377694457769394, 0.9307497143745422
508, 22, 0.39403313398361206, 0.48532459139823914, -0.10740979015827179, 0.9696860909461975
508, 23, 0.48816758394241333, 0.39002254605293274, -0.0006437530973926187, 0.992768406867981
508, 24, 0.4593504071235657, 0.36472639441490173, 0.0006087612709961832, 0.9947517514228821
508, 25, 0.47984379529953003, 0.469204843044281, 0.06858580559492111, 0.16545605659484863
508, 26, 0.44244441390037537, 0.4489729702472687, 0.061492644250392914, 0.17316465079784393
508, 27, 0.4694669246673584, 0.4839251637458801, 0.1922789216041565, 0.19732660055160522
508, 28, 0.4495628774166107, 0.46627840399742126, 0.18996445834636688, 0.1020253449678421
508, 29, 0.46835923194885254, 0.4792025685310364, 0.2055935561656952, 0.14723901450634003
508, 30, 0.4519638419151306, 0.4644221067428589, 0.20390155911445618, 0.06503964215517044
508, 31, 0.46123751997947693, 0.5096221566200256, 0.19968733191490173, 0.15234187245368958
508, 32, 0.44748958945274353, 0.488120436668396, 0.19990947842597961, 0.08240117877721786
509, 0, 0.4485864043235779, 0.483676940202713, -0.18794308602809906, 0.9968253374099731
509, 1, 0.4538368582725525, 0.48013633489608765, -0.19192685186862946, 0.9965260624885559
509, 2, 0.4559478163719177, 0.48116835951805115, -0.1919267475605011, 0.9950277209281921
509, 3, 0.4580742418766022, 0.48214974999427795, -0.19191685318946838, 0.9955927729606628
509, 4, 0.4477442800998688, 0.4748856723308563, -0.19298908114433289, 0.9980864524841309
509, 5, 0.44605135917663574, 0.4726409614086151, -0.1930413544178009, 0.9976474642753601
509, 6, 0.4443399906158447, 0.47038179636001587, -0.19307756423950195, 0.9982059001922607
509, 7, 0.4659046530723572, 0.47158151865005493, -0.17112165689468384, 0.986946165561676
509, 8, 0.4438565671443939, 0.4526887536048889, -0.17632518708705902, 0.9975448250770569
509, 9, 0.45252981781959534, 0.4807131588459015, -0.17612941563129425, 0.9966080188751221
509, 10, 0.4465894103050232, 0.4754496216773987, -0.1776992678642273, 0.9982798099517822
509, 11, 0.48831138014793396, 0.4645330309867859, -0.12603436410427094, 0.9915478825569153
509, 12, 0.42875346541404724, 0.4159119427204132, -0.1270151287317276, 0.9982981085777283
509, 13, 0.5000832676887512, 0.5034691691398621, -0.10310480743646622, 0.7320207953453064
509, 14, 0.41059184074401855, 0.4391380846500397, -0.09383982419967651, 0.9165835976600647
509, 15, 0.496432363986969, 0.5557889938354492, -0.11140153557062149, 0.8936846256256104
509, 16, 0.3912935256958008, 0.4800284206867218, -0.09917004406452179, 0.9681316614151001
509, 17, 0.5022954940795898, 0.5714056491851807, -0.12739142775535583, 0.8668612241744995
509, 18, 0.383061945438385, 0.48437178134918213, -0.11690276861190796, 0.9564423561096191
509, 19, 0.49324551224708557, 0.5674745440483093, -0.13442285358905792, 0.8650171756744385
509, 20, 0.3893135190010071, 0.49201586842536926, -0.12388821691274643, 0.9538458585739136
509, 21, 0.48992928862571716, 0.5592738389968872, -0.11484669148921967, 0.8098396062850952
509, 22, 0.39393773674964905, 0.490831583738327, -0.10272528231143951, 0.9335611462593079
509, 23, 0.49113035202026367, 0.3817158043384552, 8.582016744185239e-05, 0.9933816194534302
509, 24, 0.4621119499206543, 0.3580603003501892, -6.605003727599978e-05, 0.9950868487358093
509, 25, 0.4979413151741028, 0.46909263730049133, 0.06271233409643173, 0.10231476277112961
509, 26, 0.4584900438785553, 0.4420533776283264, 0.05174087733030319, 0.2046915739774704
509, 27, 0.49867087602615356, 0.5042989253997803, 0.18478511273860931, 0.1524699628353119
509, 28, 0.46435123682022095, 0.48338910937309265, 0.1779996156692505, 0.13027825951576233
509, 29, 0.4992266595363617, 0.5021409392356873, 0.19737987220287323, 0.13604867458343506
509, 30, 0.46721071004867554, 0.4832480847835541, 0.19125217199325562, 0.09356816112995148
509, 31, 0.49192914366722107, 0.5328871607780457, 0.17834235727787018, 0.24003130197525024
509, 32, 0.4613702893257141, 0.5108476281166077, 0.17466618120670319, 0.18833892047405243
510, 0, 0.4480288624763489, 0.4940387010574341, -0.1630992442369461, 0.9996707439422607
510, 1, 0.4534622132778168, 0.4904698133468628, -0.17053978145122528, 0.9997413754463196
510, 2, 0.45615601539611816, 0.4916786551475525, -0.17052768170833588, 0.9997065663337708
510, 3, 0.4648410379886627, 0.49663662910461426, -0.17052613198757172, 0.9997593760490417
510, 4, 0.4464409351348877, 0.48510804772377014, -0.17141519486904144, 0.9997542500495911
510, 5, 0.444418340921402, 0.4827059805393219, -0.171455517411232, 0.9997082352638245
510, 6, 0.442382276058197, 0.4803029000759125, -0.17148469388484955, 0.9997856020927429
510, 7, 0.4685169756412506, 0.47920581698417664, -0.16073954105377197, 0.9992004036903381
510, 8, 0.4424758851528168, 0.45995721220970154, -0.16517944633960724, 0.9996672868728638
510, 9, 0.45880037546157837, 0.49201396107673645, -0.15456289052963257, 0.9996399879455566
510, 10, 0.4470028281211853, 0.48314347863197327, -0.15572965145111084, 0.9996800422668457
510, 11, 0.4963025152683258, 0.4597538709640503, -0.11691874265670776, 0.9965537786483765
510, 12, 0.43086177110671997, 0.40966376662254333, -0.12746888399124146, 0.9985631108283997
510, 13, 0.49986281991004944, 0.5195027589797974, -0.0976688340306282, 0.8480330109596252
510, 14, 0.40997129678726196, 0.441400408744812, -0.10220342874526978, 0.8450846672058105
510, 15, 0.48351582884788513, 0.5764898061752319, -0.14223410189151764, 0.9598689675331116
510, 16, 0.3990419805049896, 0.4967583417892456, -0.12832528352737427, 0.9654211401939392
510, 17, 0.48524540662765503, 0.5949615240097046, -0.1667359173297882, 0.9563804268836975
510, 18, 0.38838016986846924, 0.5029090642929077, -0.15411387383937836, 0.9578413367271423
510, 19, 0.47402840852737427, 0.5871452689170837, -0.17736122012138367, 0.9592980742454529
510, 20, 0.3980519771575928, 0.5113512277603149, -0.1630801111459732, 0.9623948335647583
510, 21, 0.4726002812385559, 0.5779597163200378, -0.14873814582824707, 0.9422860145568848
510, 22, 0.4040347933769226, 0.5088989734649658, -0.1335761398077011, 0.9523010849952698
510, 23, 0.5015897750854492, 0.3576068580150604, 0.0003924972261302173, 0.9942317605018616
510, 24, 0.46623602509498596, 0.3356286883354187, -0.0004590766620822251, 0.9940074682235718
510, 25, 0.4981992840766907, 0.4460970461368561, 0.09415313601493835, 0.06267822533845901
510, 26, 0.450133740901947, 0.41630426049232483, 0.08315316587686539, 0.09223799407482147
510, 27, 0.4921768307685852, 0.4524587094783783, 0.24083518981933594, 0.1307581216096878
510, 28, 0.44913777709007263, 0.4197826683521271, 0.24329812824726105, 0.05214982479810715
510, 29, 0.49100008606910706, 0.44661861658096313, 0.2556585371494293, 0.0879831537604332
510, 30, 0.44855254888534546, 0.4175255596637726, 0.2603134512901306, 0.049428150057792664
510, 31, 0.487610399723053, 0.4797437787055969, 0.24587149918079376, 0.1645776927471161
510, 32, 0.44938787817955017, 0.4344463646411896, 0.2559431791305542, 0.0776044949889183
511, 0, 0.4402526021003723, 0.4794798195362091, -0.20653562247753143, 0.9970844388008118
511, 1, 0.44525009393692017, 0.47586795687675476, -0.21249821782112122, 0.9969410300254822
511, 2, 0.4475618302822113, 0.47741997241973877, -0.21249504387378693, 0.9966375827789307
511, 3, 0.4498876929283142, 0.47891518473625183, -0.2125132977962494, 0.996547520160675
511, 4, 0.4393027424812317, 0.46961963176727295, -0.2124984711408615, 0.9977194666862488
511, 5, 0.4375579357147217, 0.46700114011764526, -0.21253645420074463, 0.9975570440292358
511, 6, 0.4358152449131012, 0.4643760323524475, -0.21257153153419495, 0.9979962706565857
511, 7, 0.45942968130111694, 0.4696260988712311, -0.19347712397575378, 0.9884639382362366
511, 8, 0.4372340142726898, 0.44656118750572205, -0.19375905394554138, 0.9966052770614624
511, 9, 0.44599857926368713, 0.4773656129837036, -0.1944456696510315, 0.9954643845558167
511, 10, 0.4397984445095062, 0.47081321477890015, -0.1944214254617691, 0.9966399669647217
511, 11, 0.4847654700279236, 0.46831926703453064, -0.14597557485103607, 0.9919300675392151
511, 12, 0.43096041679382324, 0.4041129946708679, -0.14898407459259033, 0.9971215128898621
511, 13, 0.49117541313171387, 0.5177047252655029, -0.13163571059703827, 0.7730253338813782
511, 14, 0.4060742259025574, 0.4331287741661072, -0.13508714735507965, 0.8839954733848572
511, 15, 0.4738105237483978, 0.5665297508239746, -0.17737402021884918, 0.8954217433929443
511, 16, 0.38914787769317627, 0.4795011878013611, -0.170721173286438, 0.9665580987930298
511, 17, 0.4746015965938568, 0.5832293033599854, -0.20389583706855774, 0.8989419341087341
511, 18, 0.38134244084358215, 0.49045801162719727, -0.19800713658332825, 0.9576492309570312
511, 19, 0.4652675986289978, 0.5737292170524597, -0.2131885290145874, 0.9029961824417114
511, 20, 0.3897208869457245, 0.4986172020435333, -0.2068440020084381, 0.959627091884613
511, 21, 0.46384352445602417, 0.5649834871292114, -0.18359699845314026, 0.8570126891136169
511, 22, 0.3952952027320862, 0.49694791436195374, -0.17640122771263123, 0.9452010989189148
511, 23, 0.49165844917297363, 0.3882414996623993, -0.0018827102612704039, 0.9907875657081604
511, 24, 0.4649035930633545, 0.35757192969322205, 0.0018088056240230799, 0.9930015802383423
511, 25, 0.4779609739780426, 0.4703810513019562, 0.09188006818294525, 0.061632025986909866
511, 26, 0.4414808750152588, 0.44443458318710327, 0.08006472140550613, 0.05506274104118347
511, 27, 0.47435417771339417, 0.47649019956588745, 0.24154677987098694, 0.1514023393392563
511, 28, 0.4550584852695465, 0.4520261883735657, 0.23953695595264435, 0.045720621943473816
511, 29, 0.47480472922325134, 0.4698805510997772, 0.2571239769458771, 0.10855809599161148
511, 30, 0.4578014016151428, 0.44916462898254395, 0.2566353678703308, 0.03529652953147888
511, 31, 0.4654960036277771, 0.5036811232566833, 0.24809499084949493, 0.13486993312835693
511, 32, 0.45482736825942993, 0.4702242612838745, 0.2508532404899597, 0.047744400799274445
512, 0, 0.4440579414367676, 0.4711610972881317, -0.21092240512371063, 0.9981611371040344
512, 1, 0.44993606209754944, 0.46685969829559326, -0.21215622127056122, 0.9976550340652466
512, 2, 0.4518483281135559, 0.4679761528968811, -0.21215443313121796, 0.9974218606948853
512, 3, 0.45379728078842163, 0.46900832653045654, -0.21217146515846252, 0.9976714253425598
512, 4, 0.4448276162147522, 0.4615018665790558, -0.21407358348369598, 0.9985383749008179
512, 5, 0.4434413015842438, 0.4591153860092163, -0.2141457498073578, 0.9985195994377136
512, 6, 0.44202956557273865, 0.4567285180091858, -0.21419349312782288, 0.9985800981521606
512, 7, 0.46199989318847656, 0.458318293094635, -0.18420135974884033, 0.9917340278625488
512, 8, 0.4428466260433197, 0.43877774477005005, -0.19305826723575592, 0.9979107975959778
512, 9, 0.4476551115512848, 0.46919724345207214, -0.1973327249288559, 0.9972881078720093
512, 10, 0.44251304864883423, 0.46339794993400574, -0.19983568787574768, 0.997929573059082
512, 11, 0.4793771207332611, 0.45484083890914917, -0.1390019953250885, 0.9917834997177124
512, 12, 0.4305726885795593, 0.4051842987537384, -0.13727112114429474, 0.99753737449646
512, 13, 0.4808942675590515, 0.5042172074317932, -0.12669476866722107, 0.6107438206672668
512, 14, 0.4045649468898773, 0.43836838006973267, -0.11882098764181137, 0.9203972220420837
512, 15, 0.4712260663509369, 0.5549720525741577, -0.16033311188220978, 0.8066798448562622
512, 16, 0.39132365584373474, 0.48688480257987976, -0.15245012938976288, 0.9795284271240234
512, 17, 0.4733668267726898, 0.5704488754272461, -0.1820243000984192, 0.8067660927772522
512, 18, 0.38305652141571045, 0.4924381971359253, -0.1765671968460083, 0.9745590686798096
512, 19, 0.466325044631958, 0.5631791353225708, -0.19107341766357422, 0.8095892667770386
512, 20, 0.3890060782432556, 0.5002263784408569, -0.1852288693189621, 0.97335284948349
512, 21, 0.463890939950943, 0.5553820133209229, -0.16587692499160767, 0.7831443548202515
512, 22, 0.393748939037323, 0.49907901883125305, -0.15783675014972687, 0.9607628583908081
512, 23, 0.49072641134262085, 0.3769373893737793, -0.008588003925979137, 0.9910315275192261
512, 24, 0.4663919508457184, 0.3566182851791382, 0.008660332299768925, 0.9962653517723083
512, 25, 0.4935590326786041, 0.4806177020072937, 0.019622066989541054, 0.17083081603050232
512, 26, 0.46682843565940857, 0.45501139760017395, 0.02030309848487377, 0.19739340245723724
512, 27, 0.49207431077957153, 0.5292831063270569, 0.1204649955034256, 0.29680007696151733
512, 28, 0.48966917395591736, 0.5282258987426758, 0.1077689677476883, 0.25159984827041626
512, 29, 0.49227815866470337, 0.5286878347396851, 0.12990178167819977, 0.23694095015525818
512, 30, 0.4948355555534363, 0.5358850955963135, 0.11621447652578354, 0.1963854879140854
512, 31, 0.48665982484817505, 0.5681447982788086, 0.1016501635313034, 0.42723172903060913
512, 32, 0.4916991591453552, 0.5646141767501831, 0.08724546432495117, 0.3404174745082855
513, 0, 0.4498840272426605, 0.46001917123794556, -0.26630380749702454, 0.9964672327041626
513, 1, 0.45397576689720154, 0.4574388861656189, -0.27062222361564636, 0.995405912399292
513, 2, 0.45601898431777954, 0.4584052264690399, -0.27063509821891785, 0.9934757351875305
513, 3, 0.4580713212490082, 0.459282249212265, -0.2706868052482605, 0.9941211342811584
513, 4, 0.44807925820350647, 0.4533061683177948, -0.2717694938182831, 0.9978184700012207
513, 5, 0.4463556706905365, 0.4515850841999054, -0.27182942628860474, 0.9974364638328552
513, 6, 0.44459956884384155, 0.4498805105686188, -0.27188217639923096, 0.9980260729789734
513, 7, 0.4651963710784912, 0.45086944103240967, -0.24299904704093933, 0.9741791486740112
513, 8, 0.44344034790992737, 0.4362555146217346, -0.2471361607313156, 0.9963846206665039
513, 9, 0.45405101776123047, 0.45876094698905945, -0.2505936622619629, 0.9947859644889832
513, 10, 0.4479251503944397, 0.4543514549732208, -0.25174152851104736, 0.9961119294166565
513, 11, 0.48698464035987854, 0.4495657682418823, -0.18169471621513367, 0.9689132571220398
513, 12, 0.42688870429992676, 0.4145609438419342, -0.18904277682304382, 0.9937368631362915
513, 13, 0.49869394302368164, 0.4916798174381256, -0.17388729751110077, 0.8351317048072815
513, 14, 0.4040728509426117, 0.4560582935810089, -0.18010015785694122, 0.9567860960960388
513, 15, 0.5082372426986694, 0.5371119976043701, -0.21907369792461395, 0.9544863104820251
513, 16, 0.39078450202941895, 0.5028175711631775, -0.2149915248155594, 0.9845359921455383
513, 17, 0.5144544839859009, 0.5509041547775269, -0.24500659108161926, 0.9365672469139099
513, 18, 0.3820275664329529, 0.5129151940345764, -0.24315819144248962, 0.9773297309875488
513, 19, 0.5077285766601562, 0.5500543117523193, -0.2507011890411377, 0.9359492659568787
513, 20, 0.38943424820899963, 0.5152887105941772, -0.2498127520084381, 0.9774797558784485
513, 21, 0.5041945576667786, 0.5431649684906006, -0.22370746731758118, 0.8917012214660645
513, 22, 0.3946387469768524, 0.5120342373847961, -0.21959832310676575, 0.9646366834640503
513, 23, 0.4827961027622223, 0.3876633048057556, -0.0011435718042775989, 0.9944508671760559
513, 24, 0.4521777033805847, 0.36855456233024597, 0.0010415982687845826, 0.9967126846313477
513, 25, 0.4896727502346039, 0.4720268249511719, 0.07462405413389206, 0.10315826535224915
513, 26, 0.4418815076351166, 0.4434144198894501, 0.06342949718236923, 0.19499532878398895
513, 27, 0.497709184885025, 0.5129591226577759, 0.22280259430408478, 0.2264392077922821
513, 28, 0.44871997833251953, 0.4849556088447571, 0.21527008712291718, 0.0712914988398552
513, 29, 0.49936342239379883, 0.5152509808540344, 0.23863168060779572, 0.25909698009490967
513, 30, 0.4505254626274109, 0.4877302050590515, 0.23137715458869934, 0.09864533692598343
513, 31, 0.49680620431900024, 0.5406447649002075, 0.21826934814453125, 0.31084883213043213
513, 32, 0.44684115052223206, 0.5094778537750244, 0.211870938539505, 0.15356838703155518
514, 0, 0.449385404586792, 0.4619723856449127, -0.2736758887767792, 0.9994877576828003
514, 1, 0.4535873532295227, 0.46020248532295227, -0.27809280157089233, 0.9992008805274963
514, 2, 0.455529123544693, 0.461375892162323, -0.2781008780002594, 0.9989007711410522
514, 3, 0.45748013257980347, 0.46247202157974243, -0.27815794944763184, 0.9990361928939819
514, 4, 0.4480186998844147, 0.455337256193161, -0.2788989841938019, 0.9995833039283752
514, 5, 0.44641828536987305, 0.45329442620277405, -0.2789551913738251, 0.9994969367980957
514, 6, 0.4447859823703766, 0.45127516984939575, -0.27899137139320374, 0.9996228218078613
514, 7, 0.46446067094802856, 0.45348668098449707, -0.24919112026691437, 0.9956998825073242
514, 8, 0.4438322186470032, 0.4363204538822174, -0.25214728713035583, 0.9993316531181335
514, 9, 0.455698162317276, 0.4643927812576294, -0.2572934627532959, 0.999087929725647
514, 10, 0.44743236899375916, 0.4549587666988373, -0.2581346929073334, 0.9993047714233398
514, 11, 0.4861932694911957, 0.45126453042030334, -0.1878446787595749, 0.9917110204696655
514, 12, 0.4277566969394684, 0.4091184437274933, -0.1930350661277771, 0.9984238147735596
514, 13, 0.4954919219017029, 0.4931389391422272, -0.18587768077850342, 0.9101726412773132
514, 14, 0.40513521432876587, 0.44807979464530945, -0.18382856249809265, 0.98042893409729
514, 15, 0.5003918409347534, 0.5450331568717957, -0.2394467294216156, 0.9709974527359009
514, 16, 0.392123818397522, 0.4956851601600647, -0.22128649055957794, 0.9884676337242126
514, 17, 0.5058159828186035, 0.5609367489814758, -0.2674967050552368, 0.956892728805542
514, 18, 0.3829050064086914, 0.5067105293273926, -0.2506188154220581, 0.9825727939605713
514, 19, 0.49837595224380493, 0.5587401986122131, -0.27419325709342957, 0.9569936394691467
514, 20, 0.3905091881752014, 0.5111170411109924, -0.2584860026836395, 0.9828308820724487
514, 21, 0.4950259327888489, 0.5507776737213135, -0.24483926594257355, 0.926939845085144
514, 22, 0.39575862884521484, 0.5084220767021179, -0.22669987380504608, 0.972817599773407
514, 23, 0.484100878238678, 0.3854355812072754, -0.0001289841893594712, 0.9944590330123901
514, 24, 0.4536018967628479, 0.364885151386261, 6.860185385448858e-05, 0.996881365776062
514, 25, 0.4854477345943451, 0.4701464772224426, 0.07912833243608475, 0.0799899771809578
514, 26, 0.43993815779685974, 0.44012778997421265, 0.06966979801654816, 0.19058194756507874
514, 27, 0.4799618124961853, 0.5063492059707642, 0.23592659831047058, 0.09845343232154846
514, 28, 0.4429776072502136, 0.4842759966850281, 0.22834983468055725, 0.06902994960546494
514, 29, 0.4793768525123596, 0.5063020586967468, 0.25227609276771545, 0.1074751764535904
514, 30, 0.4443778097629547, 0.48775389790534973, 0.24488191306591034, 0.06986422836780548
514, 31, 0.475088894367218, 0.5369168519973755, 0.23173335194587708, 0.20980238914489746
514, 32, 0.43880265951156616, 0.5101961493492126, 0.2236374318599701, 0.14852388203144073
515, 0, 0.44070321321487427, 0.4452061653137207, -0.254900723695755, 0.9999053478240967
515, 1, 0.44611769914627075, 0.44029825925827026, -0.2580992877483368, 0.999901533126831
515, 2, 0.4482417702674866, 0.4417179822921753, -0.25811922550201416, 0.9998936653137207
515, 3, 0.4503733217716217, 0.4430620074272156, -0.258177250623703, 0.999870777130127
515, 4, 0.4404403567314148, 0.4338497221469879, -0.2580792307853699, 0.9999476671218872
515, 5, 0.4389277994632721, 0.431149959564209, -0.2581223249435425, 0.9999479055404663
515, 6, 0.43740740418434143, 0.4284406900405884, -0.2581583261489868, 0.999941349029541
515, 7, 0.45767173171043396, 0.4379349648952484, -0.23360462486743927, 0.9994388222694397
515, 8, 0.43800297379493713, 0.41577622294425964, -0.23339290916919708, 0.9999330043792725
515, 9, 0.4451242983341217, 0.4477219581604004, -0.24096865952014923, 0.9996781349182129
515, 10, 0.4389722943305969, 0.440491259098053, -0.24075844883918762, 0.9996602535247803
515, 11, 0.47240251302719116, 0.44920843839645386, -0.17511475086212158, 0.9925359487533569
515, 12, 0.42796429991722107, 0.3991324007511139, -0.1786540299654007, 0.9975409507751465
515, 13, 0.4702898859977722, 0.5117438435554504, -0.17153029143810272, 0.9965196847915649
515, 14, 0.3972719609737396, 0.4235253632068634, -0.16981612145900726, 0.999428927898407
515, 15, 0.45828112959861755, 0.5558285117149353, -0.20564484596252441, 0.9977124929428101
515, 16, 0.3876429796218872, 0.46901825070381165, -0.2042781412601471, 0.9990052580833435
515, 17, 0.4524954855442047, 0.5649211406707764, -0.22805026173591614, 0.9904775619506836
515, 18, 0.38065752387046814, 0.47753816843032837, -0.22532513737678528, 0.99631267786026
515, 19, 0.44856128096580505, 0.5573972463607788, -0.2307950258255005, 0.9860133528709412
515, 20, 0.38673168420791626, 0.4826846122741699, -0.23082761466503143, 0.994873583316803
515, 21, 0.44809794425964355, 0.5520240068435669, -0.20844225585460663, 0.9735113382339478
515, 22, 0.3892569839954376, 0.48475944995880127, -0.20720548927783966, 0.9910542368888855
515, 23, 0.47200077772140503, 0.4065287411212921, -0.003129113931208849, 0.9995875954627991
515, 24, 0.4485960900783539, 0.3831884562969208, 0.0031547367107123137, 0.9994776844978333
515, 25, 0.4801563620567322, 0.4651142954826355, 0.06553561240434647, 0.2868962287902832
515, 26, 0.4437096118927002, 0.43064025044441223, 0.0709570050239563, 0.08079184591770172
515, 27, 0.49471941590309143, 0.4806539714336395, 0.2048918902873993, 0.20277681946754456
515, 28, 0.4566115438938141, 0.4339488446712494, 0.21944980323314667, 0.016594283282756805
515, 29, 0.49763670563697815, 0.4781944155693054, 0.21928372979164124, 0.22929643094539642
515, 30, 0.4588095545768738, 0.42966288328170776, 0.23421725630760193, 0.021602628752589226
515, 31, 0.4936509132385254, 0.501571536064148, 0.21138997375965118, 0.3269899785518646
515, 32, 0.4575859010219574, 0.4489166736602783, 0.22712786495685577, 0.04030373692512512
516, 0, 0.4388893246650696, 0.44579532742500305, -0.23219168186187744, 0.9994049072265625
516, 1, 0.4437233507633209, 0.441832572221756, -0.23648610711097717, 0.9995187520980835
516, 2, 0.445753812789917, 0.44354793429374695, -0.23651237785816193, 0.9994173049926758
516, 3, 0.4477909207344055, 0.44520118832588196, -0.23656895756721497, 0.9995282888412476
516, 4, 0.4385424256324768, 0.43515127897262573, -0.23670470714569092, 0.9996905326843262
516, 5, 0.4371231198310852, 0.43240660429000854, -0.23675432801246643, 0.9996079802513123
516, 6, 0.4356914460659027, 0.42963463068008423, -0.23680159449577332, 0.9996734857559204
516, 7, 0.4559381604194641, 0.44012489914894104, -0.21716217696666718, 0.9980854988098145
516, 8, 0.4371431767940521, 0.41635024547576904, -0.21798653900623322, 0.9995554089546204
516, 9, 0.4436395764350891, 0.44825655221939087, -0.22036442160606384, 0.9990684390068054
516, 10, 0.4379144608974457, 0.4410419166088104, -0.22046944499015808, 0.9991419315338135
516, 11, 0.47504258155822754, 0.45448732376098633, -0.16599144041538239, 0.9919188618659973
516, 12, 0.4303397536277771, 0.3939896523952484, -0.16802524030208588, 0.9941461086273193
516, 13, 0.4771046042442322, 0.5106726288795471, -0.1597847193479538, 0.9755630493164062
516, 14, 0.3999786376953125, 0.4219513237476349, -0.15835905075073242, 0.9884821176528931
516, 15, 0.4626540541648865, 0.5646650791168213, -0.19780424237251282, 0.9929113984107971
516, 16, 0.3837316930294037, 0.47108709812164307, -0.1921398639678955, 0.9940354824066162
516, 17, 0.4615035653114319, 0.5828661322593689, -0.222672700881958, 0.9893916845321655
516, 18, 0.373453825712204, 0.4799899160861969, -0.21652273833751678, 0.9902616143226624
516, 19, 0.4554813504219055, 0.5752288103103638, -0.22872312366962433, 0.9883942604064941
516, 20, 0.3793557286262512, 0.4846440553665161, -0.22304825484752655, 0.9896218776702881
516, 21, 0.4549906849861145, 0.5665257573127747, -0.20271877944469452, 0.973530650138855
516, 22, 0.3845705986022949, 0.48412737250328064, -0.19677428901195526, 0.9829283356666565
516, 23, 0.4727744162082672, 0.4047177731990814, -0.0006639868370257318, 0.9995939135551453
516, 24, 0.450582891702652, 0.37502798438072205, 0.0006866112817078829, 0.9996809959411621
516, 25, 0.4739223122596741, 0.46637216210365295, 0.06736604869365692, 0.13126513361930847
516, 26, 0.43573421239852905, 0.4323425590991974, 0.05838118866086006, 0.11535687744617462
516, 27, 0.49327149987220764, 0.48005396127700806, 0.2121860533952713, 0.15052630007266998
516, 28, 0.45561331510543823, 0.43423712253570557, 0.21031160652637482, 0.04480068013072014
516, 29, 0.4973812699317932, 0.481076180934906, 0.22765009105205536, 0.1627160906791687
516, 30, 0.4587727189064026, 0.4321100115776062, 0.22636666893959045, 0.05497529357671738
516, 31, 0.49199169874191284, 0.49445074796676636, 0.21491749584674835, 0.13354021310806274
516, 32, 0.4557645916938782, 0.4444934129714966, 0.21632428467273712, 0.04616411775350571
517, 0, 0.44059282541275024, 0.44167467951774597, -0.2242068350315094, 0.9988170862197876
517, 1, 0.4453911781311035, 0.43730926513671875, -0.22843508422374725, 0.9990522265434265
517, 2, 0.4473809599876404, 0.43900948762893677, -0.22846195101737976, 0.9987121820449829
517, 3, 0.4493792653083801, 0.4406411349773407, -0.2285112589597702, 0.9990941286087036
517, 4, 0.44026699662208557, 0.43076974153518677, -0.22901317477226257, 0.9994555115699768
517, 5, 0.43885573744773865, 0.4281541109085083, -0.2290641814470291, 0.9992353916168213
517, 6, 0.4374307692050934, 0.42550748586654663, -0.2291187345981598, 0.9994244575500488
517, 7, 0.45690497756004333, 0.43671679496765137, -0.21203675866127014, 0.9964144229888916
517, 8, 0.4384860098361969, 0.4136126637458801, -0.21464696526527405, 0.9991844296455383
517, 9, 0.4450003504753113, 0.4450328052043915, -0.21384377777576447, 0.9985170960426331
517, 10, 0.4392373561859131, 0.43798285722732544, -0.21451899409294128, 0.9986660480499268
517, 11, 0.47405487298965454, 0.45415031909942627, -0.16408145427703857, 0.9919454455375671
517, 12, 0.4308395981788635, 0.3986496925354004, -0.16683650016784668, 0.9951745867729187
517, 13, 0.4738178849220276, 0.5133541822433472, -0.15933121740818024, 0.9695774912834167
517, 14, 0.406379371881485, 0.4290223717689514, -0.15950891375541687, 0.9836102724075317
517, 15, 0.4633711874485016, 0.5617126226425171, -0.19010242819786072, 0.9904665350914001
517, 16, 0.38383591175079346, 0.4744828939437866, -0.18609510362148285, 0.9904886484146118
517, 17, 0.46283262968063354, 0.5804826617240906, -0.21254655718803406, 0.984982430934906
517, 18, 0.3733673095703125, 0.48150312900543213, -0.20869234204292297, 0.9837686419487
517, 19, 0.45745211839675903, 0.5739798545837402, -0.21789124608039856, 0.9837257266044617
517, 20, 0.3786318898200989, 0.4850066006183624, -0.21377286314964294, 0.9824725389480591
517, 21, 0.4585157334804535, 0.5657843351364136, -0.19439321756362915, 0.9617512822151184
517, 22, 0.3835841119289398, 0.48425954580307007, -0.18998558819293976, 0.9729326963424683
517, 23, 0.4721168577671051, 0.40891033411026, 0.0008545074379071593, 0.9997267127037048
517, 24, 0.44975727796554565, 0.38191667199134827, -0.0008336672326549888, 0.9998495578765869
517, 25, 0.47488585114479065, 0.4700750708580017, 0.06069337576627731, 0.1108357384800911
517, 26, 0.4328872561454773, 0.4428095519542694, 0.03970884159207344, 0.1686207503080368
517, 27, 0.48993998765945435, 0.4827478229999542, 0.19039581716060638, 0.09431391954421997
517, 28, 0.45870107412338257, 0.4436321258544922, 0.17716456949710846, 0.039116743952035904
517, 29, 0.4933236539363861, 0.4841243028640747, 0.20413032174110413, 0.0916595533490181
517, 30, 0.46320661902427673, 0.4417104125022888, 0.1914910227060318, 0.04564029723405838
517, 31, 0.48827868700027466, 0.49614351987838745, 0.1908237636089325, 0.12714405357837677
517, 32, 0.4603044390678406, 0.4537975788116455, 0.18205416202545166, 0.057033833116292953
518, 0, 0.4381999373435974, 0.4455729126930237, -0.24494679272174835, 0.9999361038208008
518, 1, 0.4441109597682953, 0.4403720796108246, -0.2480362355709076, 0.9999203681945801
518, 2, 0.44627293944358826, 0.4419718086719513, -0.24805614352226257, 0.9999021291732788
518, 3, 0.4484404921531677, 0.4434894025325775, -0.24809345602989197, 0.9999064207077026
518, 4, 0.43844884634017944, 0.43336278200149536, -0.24811799824237823, 0.999966025352478
518, 5, 0.436970055103302, 0.4305277168750763, -0.24817010760307312, 0.9999631643295288
518, 6, 0.435490220785141, 0.42767688632011414, -0.24820828437805176, 0.9999628067016602
518, 7, 0.45602279901504517, 0.4387556314468384, -0.22377006709575653, 0.9996836185455322
518, 8, 0.43629151582717896, 0.41487833857536316, -0.22391872107982635, 0.9999562501907349
518, 9, 0.44250431656837463, 0.4488506615161896, -0.23134711384773254, 0.9998242259025574
518, 10, 0.4363073408603668, 0.4411899447441101, -0.23126240074634552, 0.9998365640640259
518, 11, 0.47039279341697693, 0.45295554399490356, -0.16790947318077087, 0.9945794343948364
518, 12, 0.4261729121208191, 0.39775463938713074, -0.16934292018413544, 0.9989399313926697
518, 13, 0.47140949964523315, 0.5181640386581421, -0.165592759847641, 0.997081458568573
518, 14, 0.3931558132171631, 0.42612507939338684, -0.16301476955413818, 0.9995418787002563
518, 15, 0.45303893089294434, 0.5575907826423645, -0.19690245389938354, 0.9983828067779541
518, 16, 0.38274553418159485, 0.4746965765953064, -0.19428731501102448, 0.9991162419319153
518, 17, 0.4510532021522522, 0.5719329118728638, -0.21670040488243103, 0.9947634935379028
518, 18, 0.37466299533843994, 0.48595908284187317, -0.21399769186973572, 0.9966312050819397
518, 19, 0.4471370577812195, 0.5644814372062683, -0.2195093184709549, 0.9934701919555664
518, 20, 0.3847794532775879, 0.48716577887535095, -0.21816420555114746, 0.9957550764083862
518, 21, 0.4466466009616852, 0.558394193649292, -0.19949345290660858, 0.9856410622596741
518, 22, 0.385719895362854, 0.48615020513534546, -0.19689315557479858, 0.9927574396133423
518, 23, 0.4707683026790619, 0.405426025390625, -0.001770474249497056, 0.9996544122695923
518, 24, 0.44858497381210327, 0.3790293037891388, 0.0017998662078753114, 0.9997895359992981
518, 25, 0.4749963879585266, 0.4636041522026062, 0.053704846650362015, 0.19190436601638794
518, 26, 0.4363102912902832, 0.42375531792640686, 0.046014975756406784, 0.19504418969154358
518, 27, 0.4909292161464691, 0.4787307679653168, 0.17555619776248932, 0.10717669874429703
518, 28, 0.45768529176712036, 0.42949846386909485, 0.17942827939987183, 0.029153645038604736
518, 29, 0.4945529103279114, 0.4776507019996643, 0.18842269480228424, 0.1415632963180542
518, 30, 0.4617548882961273, 0.4273838996887207, 0.1934279054403305, 0.04103361442685127
518, 31, 0.4894784986972809, 0.495498925447464, 0.18691125512123108, 0.24508251249790192
518, 32, 0.4593443274497986, 0.4410230815410614, 0.19599349796772003, 0.06678666919469833
519, 0, 0.4388309419155121, 0.4424375891685486, -0.2608364522457123, 0.999951958656311
519, 1, 0.44524258375167847, 0.4367729723453522, -0.26530665159225464, 0.9999113082885742
519, 2, 0.4473878741264343, 0.43874266743659973, -0.26533371210098267, 0.9999188184738159
519, 3, 0.4495304226875305, 0.4406012296676636, -0.265394926071167, 0.9998816251754761
519, 4, 0.4396052360534668, 0.4283466339111328, -0.26468411087989807, 0.9999523162841797
519, 5, 0.43822044134140015, 0.4250639081001282, -0.26472005248069763, 0.9999645948410034
519, 6, 0.4368463158607483, 0.4217464327812195, -0.2647450864315033, 0.999948263168335
519, 7, 0.45667487382888794, 0.4379008412361145, -0.24439120292663574, 0.9997190833091736
519, 8, 0.4381234049797058, 0.40989285707473755, -0.2409038245677948, 0.9999346733093262
519, 9, 0.44319528341293335, 0.44702762365341187, -0.2474631518125534, 0.9997323155403137
519, 10, 0.4371394217014313, 0.43808603286743164, -0.24643072485923767, 0.9996299743652344
519, 11, 0.47113949060440063, 0.4554649889469147, -0.1960628628730774, 0.9988585710525513
519, 12, 0.42859071493148804, 0.39505037665367126, -0.18577717244625092, 0.9988265633583069
519, 13, 0.4702082574367523, 0.5276278853416443, -0.21012911200523376, 0.9999434947967529
519, 14, 0.3896836042404175, 0.40352246165275574, -0.19160564243793488, 0.9999614953994751
519, 15, 0.45124584436416626, 0.5478245615959167, -0.24581757187843323, 0.9996373653411865
519, 16, 0.3837554454803467, 0.44909098744392395, -0.22142884135246277, 0.9992284774780273
519, 17, 0.4462508261203766, 0.5570522546768188, -0.263710081577301, 0.996371865272522
519, 18, 0.37815287709236145, 0.45950430631637573, -0.23626156151294708, 0.992311418056488
519, 19, 0.44511646032333374, 0.5479995012283325, -0.2605634033679962, 0.9931054711341858
519, 20, 0.3840041756629944, 0.4581340253353119, -0.23535659909248352, 0.9856417775154114
519, 21, 0.44561654329299927, 0.5447492003440857, -0.24511590600013733, 0.980678379535675
519, 22, 0.3860945403575897, 0.45700231194496155, -0.2207798957824707, 0.9734718203544617
519, 23, 0.47303733229637146, 0.4049682915210724, -0.010310042649507523, 0.9993529915809631
519, 24, 0.45186862349510193, 0.38205486536026, 0.010336392559111118, 0.9985017776489258
519, 25, 0.4813901484012604, 0.4468979835510254, 0.06436281651258469, 0.25880953669548035
519, 26, 0.4542425572872162, 0.4247533082962036, 0.0942457914352417, 0.015708765015006065
519, 27, 0.501634955406189, 0.445536345243454, 0.20738211274147034, 0.03698396310210228
519, 28, 0.4834743142127991, 0.43426239490509033, 0.23184272646903992, 0.0041455370374023914
519, 29, 0.5065809488296509, 0.4385436177253723, 0.2225775271654129, 0.08863271027803421
519, 30, 0.4897395074367523, 0.4298308789730072, 0.24595630168914795, 0.010285165160894394
519, 31, 0.5007010102272034, 0.46824437379837036, 0.23856613039970398, 0.028225557878613472
519, 32, 0.48703494668006897, 0.45805540680885315, 0.2594890892505646, 0.008091303519904613
520, 0, 0.44308966398239136, 0.442503958940506, -0.21257784962654114, 0.9975712895393372
520, 1, 0.44813162088394165, 0.43575337529182434, -0.21779528260231018, 0.9970316886901855
520, 2, 0.45029348134994507, 0.4367921054363251, -0.21782729029655457, 0.9964485168457031
520, 3, 0.4524686932563782, 0.4377303719520569, -0.2178797721862793, 0.9976366758346558
520, 4, 0.44233614206314087, 0.43099185824394226, -0.21925029158592224, 0.9983224272727966
520, 5, 0.4406287670135498, 0.428882896900177, -0.21931591629981995, 0.9979432225227356
520, 6, 0.43891215324401855, 0.42670950293540955, -0.21938566863536835, 0.9985120892524719
520, 7, 0.4592638611793518, 0.4324203133583069, -0.20486310124397278, 0.9919460415840149
520, 8, 0.43872350454330444, 0.41500404477119446, -0.21139395236968994, 0.9976951479911804
520, 9, 0.44740647077560425, 0.4455825388431549, -0.203576922416687, 0.99770587682724
520, 10, 0.440848171710968, 0.440191388130188, -0.20531728863716125, 0.9977235198020935
520, 11, 0.4755544066429138, 0.448308527469635, -0.1635989099740982, 0.9935171604156494
520, 12, 0.4265333116054535, 0.40544599294662476, -0.1651911586523056, 0.9960216879844666
520, 13, 0.4810011386871338, 0.5001418590545654, -0.16415482759475708, 0.9312645792961121
520, 14, 0.4045604169368744, 0.432237446308136, -0.16619724035263062, 0.9093965888023376
520, 15, 0.48131901025772095, 0.5626212358474731, -0.19821016490459442, 0.965580403804779
520, 16, 0.38352683186531067, 0.4810294806957245, -0.19545096158981323, 0.9576736092567444
520, 17, 0.48487788438796997, 0.5799528360366821, -0.2194732129573822, 0.9467140436172485
520, 18, 0.37539783120155334, 0.4896215796470642, -0.2197745144367218, 0.9455823302268982
520, 19, 0.4800044000148773, 0.5791734457015991, -0.2238650768995285, 0.9417102336883545
520, 20, 0.38027724623680115, 0.4927210509777069, -0.22181300818920135, 0.9360981583595276
520, 21, 0.47750359773635864, 0.571002721786499, -0.20194824039936066, 0.892619252204895
520, 22, 0.3853757381439209, 0.49054986238479614, -0.19835418462753296, 0.8930405974388123
520, 23, 0.4710608422756195, 0.40947866439819336, -0.004436893854290247, 0.9992948770523071
520, 24, 0.4469183087348938, 0.3882247805595398, 0.004486311227083206, 0.9996380805969238
520, 25, 0.4760580062866211, 0.4865967333316803, 0.04996003955602646, 0.22535352408885956
520, 26, 0.4432724118232727, 0.46766453981399536, 0.02007945254445076, 0.20177702605724335
520, 27, 0.4893949627876282, 0.5061851143836975, 0.16986557841300964, 0.2330416887998581
520, 28, 0.48537763953208923, 0.4904311001300812, 0.11805672943592072, 0.09910065680742264
520, 29, 0.49153685569763184, 0.5062239766120911, 0.18273118138313293, 0.11276525259017944
520, 30, 0.49196308851242065, 0.4915083944797516, 0.12803709506988525, 0.07569609582424164
520, 31, 0.49062514305114746, 0.5256050825119019, 0.16900630295276642, 0.33618608117103577
520, 32, 0.49481821060180664, 0.5090896487236023, 0.10795626789331436, 0.19102458655834198
521, 0, 0.44601505994796753, 0.4445405602455139, -0.2896486520767212, 0.9999127388000488
521, 1, 0.4507273733615875, 0.4391404986381531, -0.29256919026374817, 0.9999418258666992
521, 2, 0.45298439264297485, 0.43968313932418823, -0.2925913631916046, 0.9999253749847412
521, 3, 0.4552345275878906, 0.4401647746562958, -0.2926965653896332, 0.9999371767044067
521, 4, 0.444813072681427, 0.43548476696014404, -0.2936367392539978, 0.999956488609314
521, 5, 0.4430752396583557, 0.43350136280059814, -0.2936720550060272, 0.9999412298202515
521, 6, 0.4413143992424011, 0.4315229058265686, -0.2936825454235077, 0.9999395608901978
521, 7, 0.46249380707740784, 0.43136468529701233, -0.2649453580379486, 0.9997575879096985
521, 8, 0.439861536026001, 0.41940179467201233, -0.26849210262298584, 0.9999297857284546
521, 9, 0.4505922794342041, 0.4441383481025696, -0.27423295378685, 0.9997988343238831
521, 10, 0.4438008666038513, 0.4395039975643158, -0.2751319110393524, 0.9997346997261047
521, 11, 0.480349063873291, 0.43686217069625854, -0.19634796679019928, 0.9941821694374084
521, 12, 0.42764702439308167, 0.4000784456729889, -0.20795324444770813, 0.9891168475151062
521, 13, 0.4745050370693207, 0.5001513361930847, -0.18797709047794342, 0.9588374495506287
521, 14, 0.40241795778274536, 0.4493490755558014, -0.1849706918001175, 0.9771777987480164
521, 15, 0.4745558798313141, 0.5563583374023438, -0.22176608443260193, 0.9918684959411621
521, 16, 0.38641899824142456, 0.4975008964538574, -0.20373442769050598, 0.9914116859436035
521, 17, 0.4762328267097473, 0.575371503829956, -0.2465985119342804, 0.9844542145729065
521, 18, 0.37683677673339844, 0.5091781616210938, -0.22771163284778595, 0.98372483253479
521, 19, 0.4704095721244812, 0.5731643438339233, -0.25228166580200195, 0.9832852482795715
521, 20, 0.3830186128616333, 0.5109651684761047, -0.23303237557411194, 0.9835430383682251
521, 21, 0.4685404896736145, 0.5641322731971741, -0.22656457126140594, 0.9667137265205383
521, 22, 0.3880690336227417, 0.5078361630439758, -0.20732371509075165, 0.9767618775367737
521, 23, 0.47410792112350464, 0.40163755416870117, 0.0010978843783959746, 0.9998852014541626
521, 24, 0.4446858763694763, 0.38734206557273865, -0.0010740376310423017, 0.999702513217926
521, 25, 0.49336856603622437, 0.48649194836616516, 0.05998765304684639, 0.5583108067512512
521, 26, 0.43683940172195435, 0.4655267596244812, 0.05871228128671646, 0.3753317594528198
521, 27, 0.5092155337333679, 0.538798987865448, 0.1987224668264389, 0.6420943140983582
521, 28, 0.43971705436706543, 0.507110595703125, 0.20683959126472473, 0.19363521039485931
521, 29, 0.5120153427124023, 0.5472756028175354, 0.21311993896961212, 0.4193379878997803
521, 30, 0.4406653046607971, 0.5110294818878174, 0.22157470881938934, 0.12047725915908813
521, 31, 0.5116744041442871, 0.5632070302963257, 0.1827290654182434, 0.7131074070930481
521, 32, 0.43674999475479126, 0.5317443013191223, 0.19453838467597961, 0.23565693199634552
522, 0, 0.44827374815940857, 0.44603776931762695, -0.19695228338241577, 0.9876502156257629
522, 1, 0.45200663805007935, 0.44226598739624023, -0.20438306033611298, 0.9869484901428223
522, 2, 0.4537516236305237, 0.44253087043762207, -0.2044103443622589, 0.9861611127853394
522, 3, 0.45549672842025757, 0.44271332025527954, -0.20448943972587585, 0.9866575598716736
522, 4, 0.4466995596885681, 0.4398648142814636, -0.20476742088794708, 0.9888355135917664
522, 5, 0.44501441717147827, 0.4386250376701355, -0.20483115315437317, 0.9895436763763428
522, 6, 0.4433046877384186, 0.437324196100235, -0.20487980544567108, 0.9891065955162048
522, 7, 0.45994073152542114, 0.43563199043273926, -0.20103371143341064, 0.9686748385429382
522, 8, 0.44099292159080505, 0.4265090227127075, -0.20207592844963074, 0.9832161068916321
522, 9, 0.4513150155544281, 0.443962424993515, -0.1910504549741745, 0.9857784509658813
522, 10, 0.44548335671424866, 0.4412885308265686, -0.1915535032749176, 0.9829095602035522
522, 11, 0.47457465529441833, 0.4305092692375183, -0.15862514078617096, 0.9888243079185486
522, 12, 0.426689475774765, 0.41353023052215576, -0.15610817074775696, 0.9885606169700623
522, 13, 0.4916537404060364, 0.45565903186798096, -0.12589143216609955, 0.9713951349258423
522, 14, 0.40673884749412537, 0.43141669034957886, -0.12042798846960068, 0.8455426096916199
522, 15, 0.50555819272995, 0.4897966980934143, -0.11016807705163956, 0.861463189125061
522, 16, 0.38442641496658325, 0.47640663385391235, -0.09893594682216644, 0.8789371848106384
522, 17, 0.5136205554008484, 0.4975651502609253, -0.11937542259693146, 0.7816246151924133
522, 18, 0.38091686367988586, 0.48804953694343567, -0.11087711155414581, 0.8118683695793152
522, 19, 0.5104913711547852, 0.5008442997932434, -0.12326101958751678, 0.7643032073974609
522, 20, 0.3850412666797638, 0.49200040102005005, -0.11304817348718643, 0.7929733395576477
522, 21, 0.5063427090644836, 0.49704915285110474, -0.1111765056848526, 0.6108952164649963
522, 22, 0.38896238803863525, 0.4893531799316406, -0.09970194846391678, 0.738254725933075
522, 23, 0.4680798053741455, 0.3931056261062622, -0.004219513386487961, 0.9982672929763794
522, 24, 0.44634971022605896, 0.38768327236175537, 0.0042501394636929035, 0.9986502528190613
522, 25, 0.4716290533542633, 0.4727763831615448, 0.06066960096359253, 0.11807716637849808
522, 26, 0.44337764382362366, 0.46578454971313477, 0.04909640923142433, 0.1444242149591446
522, 27, 0.4719301164150238, 0.5051827430725098, 0.18164867162704468, 0.10070396214723587
522, 28, 0.46633321046829224, 0.5109807252883911, 0.14764274656772614, 0.1048392727971077
522, 29, 0.4708119332790375, 0.5046430230140686, 0.19522401690483093, 0.08493344485759735
522, 30, 0.47058525681495667, 0.5119240283966064, 0.15794602036476135, 0.10426833480596542
522, 31, 0.4739965796470642, 0.5346511602401733, 0.18919682502746582, 0.08844618499279022
522, 32, 0.4707629680633545, 0.5452897548675537, 0.14587552845478058, 0.11107750982046127
523, 0, 0.4493033289909363, 0.44090890884399414, -0.19852493703365326, 0.9989680051803589
523, 1, 0.4526471197605133, 0.4348653256893158, -0.2067437469959259, 0.998694121837616
523, 2, 0.4543977677822113, 0.4347052276134491, -0.20677192509174347, 0.9984802603721619
523, 3, 0.4561437666416168, 0.43444475531578064, -0.20685043931007385, 0.9989699125289917
523, 4, 0.4473584294319153, 0.4334569573402405, -0.2075323611497879, 0.9992578625679016
523, 5, 0.44569844007492065, 0.4322532117366791, -0.2075578272342682, 0.9990608096122742
523, 6, 0.44399482011795044, 0.43103522062301636, -0.20759418606758118, 0.9990938901901245
523, 7, 0.4596840739250183, 0.42531177401542664, -0.20589002966880798, 0.9956673383712769
523, 8, 0.4405733048915863, 0.4199709892272949, -0.20970995724201202, 0.9976457953453064
523, 9, 0.45163536071777344, 0.43897250294685364, -0.19282814860343933, 0.9985970854759216
523, 10, 0.44557976722717285, 0.4375133514404297, -0.1940736621618271, 0.9980800151824951
523, 11, 0.4753980040550232, 0.42007115483283997, -0.17041219770908356, 0.9903548955917358
523, 12, 0.4243055284023285, 0.41354501247406006, -0.16621924936771393, 0.9931176900863647
523, 13, 0.5008352994918823, 0.456011027097702, -0.1618243008852005, 0.9985677003860474
523, 14, 0.40370503067970276, 0.43781542778015137, -0.15389934182167053, 0.9458568096160889
523, 15, 0.5222799181938171, 0.5092530846595764, -0.16077248752117157, 0.9947726130485535
523, 16, 0.3895185589790344, 0.489457905292511, -0.1543794870376587, 0.9129957556724548
523, 17, 0.5322867035865784, 0.523803174495697, -0.1746823638677597, 0.9870725274085999
523, 18, 0.38153600692749023, 0.5027910470962524, -0.1711873710155487, 0.8343536853790283
523, 19, 0.5282176733016968, 0.5270005464553833, -0.17536219954490662, 0.9850221276283264
523, 20, 0.387518048286438, 0.5052332282066345, -0.1722102165222168, 0.8153748512268066
523, 21, 0.5230609178543091, 0.5208494067192078, -0.16120021045207977, 0.9580191373825073
523, 22, 0.3913021683692932, 0.501253068447113, -0.15582214295864105, 0.7848491072654724
523, 23, 0.4651486277580261, 0.3954574465751648, 0.003804371226578951, 0.9986120462417603
523, 24, 0.4386957585811615, 0.39866775274276733, -0.003760007442906499, 0.9982742071151733
523, 25, 0.47847574949264526, 0.46727561950683594, 0.06778652220964432, 0.12491755932569504
523, 26, 0.43751639127731323, 0.479333758354187, 0.04924839362502098, 0.3274821639060974
523, 27, 0.4686303734779358, 0.5103464126586914, 0.19356894493103027, 0.07283737510442734
523, 28, 0.4489470422267914, 0.5158118605613708, 0.15078245103359222, 0.10614775121212006
523, 29, 0.4659182131290436, 0.5113186836242676, 0.20748332142829895, 0.06078262999653816
523, 30, 0.45029598474502563, 0.515372633934021, 0.16164232790470123, 0.09321165084838867
523, 31, 0.4720008373260498, 0.5474393963813782, 0.19877107441425323, 0.06141520291566849
523, 32, 0.45332908630371094, 0.5531299114227295, 0.14980070292949677, 0.11936945468187332
524, 0, 0.4440602660179138, 0.4444942772388458, -0.1981382966041565, 0.9943020343780518
524, 1, 0.44784727692604065, 0.4392393231391907, -0.20167584717273712, 0.9966715574264526
524, 2, 0.4497489035129547, 0.4389764666557312, -0.2017243206501007, 0.9960839748382568
524, 3, 0.4516324996948242, 0.4386460483074188, -0.20181205868721008, 0.9968470931053162
524, 4, 0.4424566626548767, 0.4381285309791565, -0.20265741646289825, 0.9970088601112366
524, 5, 0.4407559335231781, 0.43695276975631714, -0.2026689499616623, 0.9961197376251221
524, 6, 0.4390367865562439, 0.43574362993240356, -0.20268209278583527, 0.9968292117118835
524, 7, 0.4555678367614746, 0.4282030463218689, -0.1861741840839386, 0.9922977089881897
524, 8, 0.4364127516746521, 0.42361533641815186, -0.1897103488445282, 0.9959656000137329
524, 9, 0.44645875692367554, 0.4412820041179657, -0.1881580501794815, 0.9926763772964478
524, 10, 0.4403805732727051, 0.4394560158252716, -0.1890612244606018, 0.990210771560669
524, 11, 0.46572303771972656, 0.4176221489906311, -0.13222120702266693, 0.9950213432312012
524, 12, 0.42444080114364624, 0.40902626514434814, -0.14529860019683838, 0.9879713654518127
524, 13, 0.4683467745780945, 0.4411815106868744, -0.10249838978052139, 0.6414950489997864
524, 14, 0.41310328245162964, 0.4312954843044281, -0.11870567500591278, 0.9459720849990845
524, 15, 0.46056270599365234, 0.4694317579269409, -0.1208418756723404, 0.8857502937316895
524, 16, 0.4107014536857605, 0.4568083584308624, -0.13581901788711548, 0.9889518618583679
524, 17, 0.46185287833213806, 0.47989827394485474, -0.13807345926761627, 0.8590072989463806
524, 18, 0.40549907088279724, 0.46543803811073303, -0.15670259296894073, 0.9723750948905945
524, 19, 0.4558660387992859, 0.4798772633075714, -0.14887723326683044, 0.8500487208366394
524, 20, 0.4113844335079193, 0.4668554961681366, -0.16054804623126984, 0.9712399244308472
524, 21, 0.453652560710907, 0.4743957221508026, -0.12656845152378082, 0.764607846736908
524, 22, 0.41420596837997437, 0.46312129497528076, -0.138529434800148, 0.962340235710144
524, 23, 0.45967087149620056, 0.37835219502449036, 0.001220125937834382, 0.9998657703399658
524, 24, 0.4365790784358978, 0.3777317404747009, -0.0011203037574887276, 0.9997811913490295
524, 25, 0.4848482012748718, 0.4281556010246277, 0.06712924689054489, 0.33780190348625183
524, 26, 0.4332424998283386, 0.43780139088630676, 0.060434870421886444, 0.21227769553661346
524, 27, 0.49515876173973083, 0.43249619007110596, 0.20520487427711487, 0.33112335205078125
524, 28, 0.42485445737838745, 0.4413297474384308, 0.19275924563407898, 0.11938221007585526
524, 29, 0.4949660897254944, 0.4317876696586609, 0.22047431766986847, 0.3138178586959839
524, 30, 0.4220508933067322, 0.43930599093437195, 0.2066086232662201, 0.11994505673646927
524, 31, 0.5041611194610596, 0.44587990641593933, 0.21126917004585266, 0.12433408945798874
524, 32, 0.42810481786727905, 0.4541691541671753, 0.19718611240386963, 0.06065640598535538
525, 0, 0.4432162344455719, 0.4421353340148926, -0.18179184198379517, 0.9987232089042664
525, 1, 0.4449085295200348, 0.44073396921157837, -0.18802598118782043, 0.9994274377822876
525, 2, 0.4461940824985504, 0.44080355763435364, -0.1880343109369278, 0.9992343187332153
525, 3, 0.4474736750125885, 0.4408060610294342, -0.18807390332221985, 0.9993817806243896
525, 4, 0.4410380423069, 0.43903619050979614, -0.18712173402309418, 0.9995631575584412
525, 5, 0.43978601694107056, 0.4379313886165619, -0.18714198470115662, 0.9993755221366882
525, 6, 0.43851470947265625, 0.4367710053920746, -0.18716111779212952, 0.9994494318962097
525, 7, 0.45009738206863403, 0.43433037400245667, -0.18730103969573975, 0.9990863800048828
525, 8, 0.4367310404777527, 0.4279589056968689, -0.18189439177513123, 0.9989582300186157
525, 9, 0.4457074999809265, 0.43927130103111267, -0.17767095565795898, 0.9984690546989441
525, 10, 0.44133415818214417, 0.4373128116130829, -0.17613522708415985, 0.9977503418922424
525, 11, 0.4585568308830261, 0.42026346921920776, -0.1424090713262558, 0.9984301924705505
525, 12, 0.43302908539772034, 0.41258883476257324, -0.1374841034412384, 0.9861613512039185
525, 13, 0.45674818754196167, 0.4199620187282562, -0.11564575135707855, 0.26353681087493896
525, 14, 0.4256693422794342, 0.4146009087562561, -0.1275375336408615, 0.7013712525367737
525, 15, 0.4514651894569397, 0.44068801403045654, -0.11282044649124146, 0.5701504945755005
525, 16, 0.4188217222690582, 0.4376845061779022, -0.1359788030385971, 0.9601102471351624
525, 17, 0.4525279402732849, 0.44802185893058777, -0.12511171400547028, 0.6545198559761047
525, 18, 0.4152167737483978, 0.4453784227371216, -0.14936165511608124, 0.9238913059234619
525, 19, 0.45081204175949097, 0.448231041431427, -0.13132379949092865, 0.6437952518463135
525, 20, 0.41690200567245483, 0.44578349590301514, -0.14907924830913544, 0.897255539894104
525, 21, 0.4496559500694275, 0.4449249804019928, -0.1153019517660141, 0.5143792629241943
525, 22, 0.41830378770828247, 0.4429926872253418, -0.13609328866004944, 0.8738775253295898
525, 23, 0.46034368872642517, 0.36789512634277344, -0.009394451975822449, 0.9999780654907227
525, 24, 0.4439053535461426, 0.36928340792655945, 0.009545819833874702, 0.9998871088027954
525, 25, 0.4829443097114563, 0.39755111932754517, -0.009984523989260197, 0.992695689201355
525, 26, 0.4372805655002594, 0.40609854459762573, 0.10451357066631317, 0.4283323585987091
525, 27, 0.5068981051445007, 0.4334087371826172, 0.031166240572929382, 0.9963207244873047
525, 28, 0.42842453718185425, 0.44163978099823, 0.19052107632160187, 0.7178162336349487
525, 29, 0.5113120675086975, 0.4345703423023224, 0.036079101264476776, 0.9943013191223145
525, 30, 0.4280330240726471, 0.43985769152641296, 0.1992076337337494, 0.5926135182380676
525, 31, 0.5125867128372192, 0.45706936717033386, -0.0002267902746098116, 0.9832910299301147
525, 32, 0.42687010765075684, 0.46808531880378723, 0.17935118079185486, 0.3991054892539978
526, 0, 0.4470205307006836, 0.44245365262031555, -0.2258179634809494, 0.9998157620429993
526, 1, 0.4505460858345032, 0.435151070356369, -0.22949132323265076, 0.9998443126678467
526, 2, 0.4524381756782532, 0.4346926510334015, -0.22954633831977844, 0.9998465776443481
526, 3, 0.45431098341941833, 0.4341108202934265, -0.22964540123939514, 0.9998607635498047
526, 4, 0.4446483552455902, 0.4338577389717102, -0.22990533709526062, 0.9998941421508789
526, 5, 0.44282013177871704, 0.4322822093963623, -0.22992801666259766, 0.9998903274536133
526, 6, 0.4409666657447815, 0.43064790964126587, -0.22993867099285126, 0.9998948574066162
526, 7, 0.457511842250824, 0.42203453183174133, -0.21065190434455872, 0.9997151494026184
526, 8, 0.43766969442367554, 0.41673851013183594, -0.2121143788099289, 0.9999004602432251
526, 9, 0.4492581784725189, 0.4384491443634033, -0.21393904089927673, 0.9998183846473694
526, 10, 0.4428965151309967, 0.43661195039749146, -0.21423795819282532, 0.9997285008430481
526, 11, 0.46854066848754883, 0.4125783145427704, -0.15685731172561646, 0.9989827275276184
526, 12, 0.42424607276916504, 0.4025973975658417, -0.16856645047664642, 0.999193012714386
526, 13, 0.4786539673805237, 0.45584529638290405, -0.1549069583415985, 0.9967921376228333
526, 14, 0.40090489387512207, 0.43798670172691345, -0.16456297039985657, 0.9990952014923096
526, 15, 0.46405547857284546, 0.47950342297554016, -0.19090963900089264, 0.9936105608940125
526, 16, 0.40208348631858826, 0.45239004492759705, -0.20130474865436554, 0.997519314289093
526, 17, 0.4633173942565918, 0.4916149973869324, -0.20865318179130554, 0.9686106443405151
526, 18, 0.3994797468185425, 0.45980221033096313, -0.22397616505622864, 0.977942168712616
526, 19, 0.4579381048679352, 0.4885907471179962, -0.21465113759040833, 0.9526921510696411
526, 20, 0.40434765815734863, 0.45888400077819824, -0.22346487641334534, 0.9683817625045776
526, 21, 0.4563475549221039, 0.4840569496154785, -0.194173663854599, 0.8985128998756409
526, 22, 0.40598878264427185, 0.45733049511909485, -0.20206013321876526, 0.9573609232902527
526, 23, 0.4595617651939392, 0.3735383450984955, 0.0035556629300117493, 0.9998410940170288
526, 24, 0.43564462661743164, 0.3732151985168457, -0.0034606747794896364, 0.9997760653495789
526, 25, 0.47764724493026733, 0.4205420911312103, 0.08293645083904266, 0.13860589265823364
526, 26, 0.43484631180763245, 0.4343220293521881, 0.06772803515195847, 0.12031184881925583
526, 27, 0.48518505692481995, 0.4164676368236542, 0.22633306682109833, 0.08880576491355896
526, 28, 0.4279665946960449, 0.434337317943573, 0.22206787765026093, 0.02434236742556095
526, 29, 0.4848574697971344, 0.41129475831985474, 0.24207594990730286, 0.23677609860897064
526, 30, 0.4257827699184418, 0.4287804365158081, 0.23836782574653625, 0.06726618111133575
526, 31, 0.4918716549873352, 0.4309690594673157, 0.25325483083724976, 0.05402209609746933
526, 32, 0.43200621008872986, 0.44934985041618347, 0.2543301284313202, 0.025347333401441574
527, 0, 0.43912506103515625, 0.423164039850235, -0.24106688797473907, 0.9995089769363403
527, 1, 0.44170111417770386, 0.4223463833332062, -0.24590091407299042, 0.9996551275253296
527, 2, 0.44240862131118774, 0.42320820689201355, -0.24591390788555145, 0.9994531273841858
527, 3, 0.44311437010765076, 0.42399799823760986, -0.24595876038074493, 0.9995179176330566
527, 4, 0.43991273641586304, 0.41923683881759644, -0.2476019561290741, 0.9997870326042175
527, 5, 0.4394359588623047, 0.4178744852542877, -0.24764487147331238, 0.9996942281723022
527, 6, 0.43893200159072876, 0.41648128628730774, -0.24766960740089417, 0.9997485280036926
527, 7, 0.4453822076320648, 0.421421080827713, -0.2234313189983368, 0.999151349067688
527, 8, 0.43892449140548706, 0.4101610481739044, -0.23150399327278137, 0.9998377561569214
527, 9, 0.4397645890712738, 0.42291802167892456, -0.22756528854370117, 0.9996950626373291
527, 10, 0.4375825822353363, 0.4191494882106781, -0.2300756871700287, 0.9997765421867371
527, 11, 0.4455258846282959, 0.4258299171924591, -0.16765324771404266, 0.9995538592338562
527, 12, 0.43732815980911255, 0.400968074798584, -0.17714424431324005, 0.9995212554931641
527, 13, 0.4326229989528656, 0.4568648338317871, -0.15028244256973267, 0.7192604541778564
527, 14, 0.43664178252220154, 0.43082958459854126, -0.15717634558677673, 0.9872422218322754
527, 15, 0.4226723313331604, 0.48540112376213074, -0.17230892181396484, 0.863288938999176
527, 16, 0.4363488554954529, 0.46213313937187195, -0.16159577667713165, 0.9756566286087036
527, 17, 0.4216075539588928, 0.4965475797653198, -0.18978027999401093, 0.8028989434242249
527, 18, 0.43539971113204956, 0.47152119874954224, -0.17907027900218964, 0.9356697797775269
527, 19, 0.41994327306747437, 0.49343353509902954, -0.1966061145067215, 0.7949844002723694
527, 20, 0.4364278316497803, 0.47002941370010376, -0.18185245990753174, 0.9259984493255615
527, 21, 0.42009758949279785, 0.4878845512866974, -0.17670902609825134, 0.7091050148010254
527, 22, 0.4365365505218506, 0.46636661887168884, -0.1640056073665619, 0.9193276166915894
527, 23, 0.4500034749507904, 0.38486599922180176, 0.0012989615788683295, 0.99986732006073
527, 24, 0.44776684045791626, 0.3789326846599579, -0.0012417251709848642, 0.9998966455459595
527, 25, 0.44778186082839966, 0.4285867512226105, 0.10014917701482773, 0.20804138481616974
527, 26, 0.44837504625320435, 0.4314906597137451, 0.09203363209962845, 0.20347534120082855
527, 27, 0.4502841830253601, 0.42544466257095337, 0.2650015950202942, 0.039479926228523254
527, 28, 0.459902822971344, 0.43616101145744324, 0.22319018840789795, 0.03749781847000122
527, 29, 0.45028677582740784, 0.42337238788604736, 0.28300216794013977, 0.03169115260243416
527, 30, 0.46043911576271057, 0.433059960603714, 0.23671941459178925, 0.02313832752406597
527, 31, 0.4514354169368744, 0.43307745456695557, 0.2787605822086334, 0.13376621901988983
527, 32, 0.4647487998008728, 0.4478529989719391, 0.2249891757965088, 0.11427689343690872
528, 0, 0.44225558638572693, 0.422500342130661, 0.18053750693798065, 0.9361912608146667
528, 1, 0.4403272271156311, 0.422527939081192, 0.1902090311050415, 0.7613056898117065
528, 2, 0.4395654797554016, 0.42175817489624023, 0.19023321568965912, 0.8561080098152161
528, 3, 0.43879467248916626, 0.4209110140800476, 0.19017565250396729, 0.7825550436973572
528, 4, 0.44346457719802856, 0.4250709116458893, 0.18795278668403625, 0.6712120175361633
528, 5, 0.44439902901649475, 0.42549407482147217, 0.1879853904247284, 0.7605330944061279
528, 6, 0.4453197419643402, 0.42582017183303833, 0.1879488080739975, 0.6995311975479126
528, 7, 0.4376247823238373, 0.41526320576667786, 0.21141424775123596, 0.7680167555809021
528, 8, 0.4479098320007324, 0.42422056198120117, 0.20285220444202423, 0.890364944934845
528, 9, 0.44132199883461, 0.41796305775642395, 0.18574126064777374, 0.9355832934379578
528, 10, 0.4443320333957672, 0.41971608996391296, 0.1832512468099594, 0.9277438521385193
528, 11, 0.4275880455970764, 0.4038703441619873, 0.18187211453914642, 0.9997572302818298
528, 12, 0.45797595381736755, 0.4272986948490143, 0.17003317177295685, 0.9998956918716431
528, 13, 0.3945853114128113, 0.4270155131816864, 0.14499206840991974, 0.35141870379447937
528, 14, 0.47147059440612793, 0.46216556429862976, 0.14889100193977356, 0.12069644778966904
528, 15, 0.3739701509475708, 0.46451708674430847, 0.10311448574066162, 0.46399733424186707
528, 16, 0.47193995118141174, 0.4846765398979187, 0.15984855592250824, 0.7764331102371216
528, 17, 0.3701133728027344, 0.47986751794815063, 0.09819965809583664, 0.4303019940853119
528, 18, 0.4729306101799011, 0.4939418435096741, 0.1593746393918991, 0.8090627789497375
528, 19, 0.37212997674942017, 0.47473815083503723, 0.09865278750658035, 0.41856515407562256
528, 20, 0.47048044204711914, 0.49581196904182434, 0.16488675773143768, 0.7435638308525085
528, 21, 0.3745855689048767, 0.4707639813423157, 0.10133172571659088, 0.3767267167568207
528, 22, 0.46930447220802307, 0.4919300079345703, 0.16241782903671265, 0.6560623049736023
528, 23, 0.43979454040527344, 0.38300254940986633, 0.006421270780265331, 0.9994801878929138
528, 24, 0.4592488706111908, 0.3993617296218872, -0.006597575731575489, 0.9997625946998596
528, 25, 0.41953244805336, 0.4323042929172516, -0.04071231931447983, 0.8391185998916626
528, 26, 0.458641916513443, 0.4675419330596924, -0.055197250097990036, 0.763629674911499
528, 27, 0.4097772538661957, 0.4334947466850281, -0.12405277788639069, 0.14982397854328156
528, 28, 0.4477960169315338, 0.47193941473960876, -0.1293269246816635, 0.3073074221611023
528, 29, 0.4109882712364197, 0.42555487155914307, -0.13362862169742584, 0.7122620940208435
528, 30, 0.4450445771217346, 0.46090012788772583, -0.13801924884319305, 0.9171213507652283
528, 31, 0.4058213233947754, 0.46002691984176636, -0.16095425188541412, 0.4772074222564697
528, 32, 0.4464401304721832, 0.49800026416778564, -0.16409491002559662, 0.6330417394638062
529, 0, 0.43500882387161255, 0.43348339200019836, -0.22130374610424042, 0.9995152950286865
529, 1, 0.4346071183681488, 0.4355483055114746, -0.22351007163524628, 0.9996634721755981
529, 2, 0.43438559770584106, 0.43575137853622437, -0.22354204952716827, 0.999505877494812
529, 3, 0.43417078256607056, 0.43590211868286133, -0.22363276779651642, 0.9994970560073853
529, 4, 0.4354715943336487, 0.4345340430736542, -0.22419317066669464, 0.9997373223304749
529, 5, 0.4358282685279846, 0.43382886052131653, -0.22423169016838074, 0.9996590614318848
529, 6, 0.4361685812473297, 0.4330946207046509, -0.22426696121692657, 0.9996191263198853
529, 7, 0.4348282217979431, 0.43209153413772583, -0.19772540032863617, 0.9995455145835876
529, 8, 0.4376634955406189, 0.4280579090118408, -0.20046624541282654, 0.9998788833618164
529, 9, 0.4350578188896179, 0.42959848046302795, -0.20789024233818054, 0.9998372793197632
529, 10, 0.4357968866825104, 0.4279125928878784, -0.2087443321943283, 0.9998363256454468
529, 11, 0.43247538805007935, 0.4195044934749603, -0.14767786860466003, 0.9997966885566711
529, 12, 0.4433663487434387, 0.4176791310310364, -0.15599794685840607, 0.9997209906578064
529, 13, 0.4036809802055359, 0.4238834083080292, -0.1636999547481537, 0.8794084787368774
529, 14, 0.4438706040382385, 0.4449179768562317, -0.1502450853586197, 0.8610429167747498
529, 15, 0.3777211904525757, 0.4600027799606323, -0.20306161046028137, 0.9378662705421448
529, 16, 0.4465329051017761, 0.47512778639793396, -0.1620282083749771, 0.8591023087501526
529, 17, 0.3799402713775635, 0.4646502137184143, -0.21805110573768616, 0.9051312804222107
529, 18, 0.44804996252059937, 0.48534828424453735, -0.1751726269721985, 0.793265700340271
529, 19, 0.3802121579647064, 0.46273282170295715, -0.2243887186050415, 0.9018422365188599
529, 20, 0.44789260625839233, 0.48202186822891235, -0.1785883605480194, 0.776372492313385
529, 21, 0.38259953260421753, 0.45738881826400757, -0.20736126601696014, 0.8547320365905762
529, 22, 0.44652336835861206, 0.4769276976585388, -0.1646054983139038, 0.7954577803611755
529, 23, 0.44751062989234924, 0.3831588625907898, 0.002286352450028062, 0.9999210834503174
529, 24, 0.4534176290035248, 0.3875940144062042, -0.0022077402099967003, 0.9999445676803589
529, 25, 0.44064873456954956, 0.4302319884300232, 0.06542451679706573, 0.5066352486610413
529, 26, 0.4440966546535492, 0.4433203935623169, 0.05922110006213188, 0.3393271565437317
529, 27, 0.4428081512451172, 0.4298076629638672, 0.19558608531951904, 0.08516968041658401
529, 28, 0.4541311264038086, 0.4430023729801178, 0.15597164630889893, 0.07862667739391327
529, 29, 0.4437331557273865, 0.42619192600250244, 0.20978045463562012, 0.10660693794488907
529, 30, 0.45506352186203003, 0.4352632761001587, 0.16592872142791748, 0.06176145002245903
529, 31, 0.4437750279903412, 0.4436194896697998, 0.20804080367088318, 0.20284020900726318
529, 32, 0.45781803131103516, 0.46144425868988037, 0.1575823724269867, 0.1543775200843811
530, 0, 0.4469156265258789, 0.4145841896533966, 0.09707411378622055, 0.851978600025177
530, 1, 0.4450940191745758, 0.41522204875946045, 0.10140935331583023, 0.6814437508583069
530, 2, 0.4442043900489807, 0.4147862195968628, 0.10138468444347382, 0.8105865716934204
530, 3, 0.4433140754699707, 0.4142911732196808, 0.1012917309999466, 0.7319409847259521
530, 4, 0.4479745030403137, 0.4163907468318939, 0.10275794565677643, 0.5472608208656311
530, 5, 0.4488452970981598, 0.41651707887649536, 0.10280539840459824, 0.6128731369972229
530, 6, 0.4496925473213196, 0.41655808687210083, 0.10278584063053131, 0.47984594106674194
530, 7, 0.4408038258552551, 0.4100382626056671, 0.11654188483953476, 0.8225103616714478
530, 8, 0.4511788487434387, 0.4149024188518524, 0.1250695139169693, 0.8002547025680542
530, 9, 0.44516897201538086, 0.4114619493484497, 0.10251545906066895, 0.8527541160583496
530, 10, 0.4480098783969879, 0.4120243191719055, 0.10490162670612335, 0.840340793132782
530, 11, 0.42823800444602966, 0.40253758430480957, 0.09895934909582138, 0.9998406171798706
530, 12, 0.455308735370636, 0.4150875508785248, 0.11306683719158173, 0.9993399977684021
530, 13, 0.39977675676345825, 0.4224597215652466, 0.07084932923316956, 0.7416094541549683
530, 14, 0.4633801579475403, 0.437542587518692, 0.12690432369709015, 0.044921547174453735
530, 15, 0.3800208866596222, 0.4523466229438782, 0.03561706840991974, 0.6004294753074646
530, 16, 0.4603460431098938, 0.46310746669769287, 0.13959279656410217, 0.1177748367190361
530, 17, 0.3745991587638855, 0.4615970551967621, 0.026903515681624413, 0.5255343914031982
530, 18, 0.4594535231590271, 0.4710889458656311, 0.13815702497959137, 0.2501814067363739
530, 19, 0.3749924600124359, 0.4644392132759094, 0.02578415907919407, 0.5187594890594482
530, 20, 0.45799508690834045, 0.47403985261917114, 0.14132362604141235, 0.20004990696907043
530, 21, 0.3774590492248535, 0.46033063530921936, 0.033645693212747574, 0.44047269225120544
530, 22, 0.45724448561668396, 0.4708102345466614, 0.14116904139518738, 0.1725759357213974
530, 23, 0.43834441900253296, 0.3831104338169098, -0.002613513497635722, 0.9998217225074768
530, 24, 0.45536908507347107, 0.3909680247306824, 0.002482283627614379, 0.9999357461929321
530, 25, 0.4252614378929138, 0.420125275850296, 0.033422332257032394, 0.7167107462882996
530, 26, 0.45389309525489807, 0.4436889588832855, 0.005158287473022938, 0.7583976984024048
530, 27, 0.4124106764793396, 0.4345181882381439, 0.054272282868623734, 0.10522826761007309
530, 28, 0.436553418636322, 0.4463958740234375, 0.04443028196692467, 0.14380274713039398
530, 29, 0.4117663502693176, 0.4319629967212677, 0.05776166170835495, 0.6772295832633972
530, 30, 0.4312078356742859, 0.4405771791934967, 0.049184590578079224, 0.8109150528907776
530, 31, 0.4115155339241028, 0.45316919684410095, 0.045468851923942566, 0.3314739167690277
530, 32, 0.436805784702301, 0.46020129323005676, 0.039118919521570206, 0.33717799186706543
531, 0, 0.44392433762550354, 0.4204745292663574, 0.11908651888370514, 0.8550912737846375
531, 1, 0.44241780042648315, 0.4219268262386322, 0.1240272969007492, 0.7260064482688904
531, 2, 0.44175440073013306, 0.42162391543388367, 0.12401537597179413, 0.8222265839576721
531, 3, 0.44108572602272034, 0.42124202847480774, 0.1239088624715805, 0.7375773787498474
531, 4, 0.44519275426864624, 0.42294734716415405, 0.12357877194881439, 0.6628571152687073
531, 5, 0.4460020065307617, 0.4229803681373596, 0.12361927330493927, 0.7287937998771667
531, 6, 0.44679221510887146, 0.4229183495044708, 0.12357082217931747, 0.5866500735282898
531, 7, 0.43965092301368713, 0.41695472598075867, 0.13637587428092957, 0.7848729491233826
531, 8, 0.4487869143486023, 0.4212197959423065, 0.136789470911026, 0.7999173998832703
531, 9, 0.4426848292350769, 0.4171163737773895, 0.1227971762418747, 0.8349065184593201
531, 10, 0.4452900290489197, 0.4175513684749603, 0.12286017835140228, 0.8611882925033569
531, 11, 0.4282524585723877, 0.40653055906295776, 0.11096417903900146, 0.9994505047798157
531, 12, 0.457660436630249, 0.42094725370407104, 0.11430644989013672, 0.998927652835846
531, 13, 0.4002697467803955, 0.42237064242362976, 0.07963421195745468, 0.47506433725357056
531, 14, 0.47639718651771545, 0.43605369329452515, 0.10800248384475708, 0.009680468589067459
531, 15, 0.3810999393463135, 0.45205992460250854, 0.04414729028940201, 0.45436492562294006
531, 16, 0.4794161915779114, 0.4473883807659149, 0.10277488082647324, 0.07194732874631882
531, 17, 0.3749179542064667, 0.46272939443588257, 0.03763548657298088, 0.45355868339538574
531, 18, 0.47998714447021484, 0.45307859778404236, 0.10265407711267471, 0.16409331560134888
531, 19, 0.37677401304244995, 0.46475741267204285, 0.03785085305571556, 0.47937992215156555
531, 20, 0.47749489545822144, 0.4563590884208679, 0.10217516124248505, 0.14988160133361816
531, 21, 0.3792666792869568, 0.46047523617744446, 0.04296954721212387, 0.39838311076164246
531, 22, 0.47671228647232056, 0.45409566164016724, 0.10301695019006729, 0.1303739845752716
531, 23, 0.44051796197891235, 0.384615033864975, 0.00104238570202142, 0.9998341798782349
531, 24, 0.4598340094089508, 0.397550106048584, -0.0012915916740894318, 0.999927282333374
531, 25, 0.42181628942489624, 0.41881176829338074, 0.038074880838394165, 0.8449068069458008
531, 26, 0.4610735774040222, 0.45966869592666626, 0.046271905303001404, 0.8088730573654175
531, 27, 0.40538233518600464, 0.4392384886741638, 0.049170251935720444, 0.28316205739974976
531, 28, 0.4464665353298187, 0.4696127474308014, 0.05343862250447273, 0.5412284135818481
531, 29, 0.4054133892059326, 0.43782180547714233, 0.05124626308679581, 0.7953220009803772
531, 30, 0.4422215521335602, 0.4617609977722168, 0.054647695273160934, 0.9174972176551819
531, 31, 0.4032377600669861, 0.4574908912181854, 0.03973209112882614, 0.43330007791519165
531, 32, 0.4463973641395569, 0.4893997311592102, 0.04384039714932442, 0.5810472369194031
532, 0, 0.4453132152557373, 0.42265820503234863, 0.11053834855556488, 0.778168797492981
532, 1, 0.44358691573143005, 0.4237622022628784, 0.1169738918542862, 0.47252723574638367
532, 2, 0.44282227754592896, 0.4235749840736389, 0.11696594953536987, 0.6547060608863831
532, 3, 0.4420386254787445, 0.42329153418540955, 0.11688077449798584, 0.48112574219703674
532, 4, 0.4465102255344391, 0.424185574054718, 0.11648882925510406, 0.38701438903808594
532, 5, 0.447363942861557, 0.42398059368133545, 0.11653399467468262, 0.492553174495697
532, 6, 0.4481969475746155, 0.42368656396865845, 0.11647398769855499, 0.32460132241249084
532, 7, 0.4405115246772766, 0.41790202260017395, 0.13605210185050964, 0.5260805487632751
532, 8, 0.45025911927223206, 0.4204367399215698, 0.13641493022441864, 0.6240968704223633
532, 9, 0.4439373016357422, 0.41907528042793274, 0.11657215654850006, 0.7879152297973633
532, 10, 0.44684988260269165, 0.4190606474876404, 0.11668165773153305, 0.841949999332428
532, 11, 0.4294315278530121, 0.40587589144706726, 0.11794320493936539, 0.9993315935134888
532, 12, 0.45934048295021057, 0.4163890779018402, 0.11892978847026825, 0.9988271594047546
532, 13, 0.40339723229408264, 0.4230993986129761, 0.09070137143135071, 0.46446096897125244
532, 14, 0.48262253403663635, 0.4303445518016815, 0.11641131341457367, 0.012726961635053158
532, 15, 0.3827451169490814, 0.4516564607620239, 0.05952221155166626, 0.5045341849327087
532, 16, 0.4871610999107361, 0.44159430265426636, 0.12260755151510239, 0.11985824257135391
532, 17, 0.37644705176353455, 0.46027255058288574, 0.05472062900662422, 0.5148982405662537
532, 18, 0.4884033203125, 0.4446147382259369, 0.12350866943597794, 0.19237186014652252
532, 19, 0.3774450123310089, 0.4614822268486023, 0.05345502495765686, 0.5310553908348083
532, 20, 0.48641833662986755, 0.44912341237068176, 0.12279976904392242, 0.1752098798751831
532, 21, 0.38000214099884033, 0.45800507068634033, 0.05798003822565079, 0.4532528519630432
532, 22, 0.48567286133766174, 0.4480975270271301, 0.12314935028553009, 0.15217001736164093
532, 23, 0.4410801827907562, 0.3835362195968628, 0.0007464036461897194, 0.9997736811637878
532, 24, 0.46058186888694763, 0.3945881426334381, -0.000969824381172657, 0.999812662601471
532, 25, 0.426763117313385, 0.42072436213493347, 0.02786526456475258, 0.8331124186515808
532, 26, 0.46017295122146606, 0.46035057306289673, 0.021598344668745995, 0.8038104772567749
532, 27, 0.4139949679374695, 0.4354040324687958, 0.03124896064400673, 0.2567959129810333
532, 28, 0.44769877195358276, 0.4657750427722931, 0.02083550952374935, 0.633262574672699
532, 29, 0.4142270088195801, 0.43258148431777954, 0.03186769410967827, 0.7731846570968628
532, 30, 0.44425711035728455, 0.45634523034095764, 0.02076728641986847, 0.9444920420646667
532, 31, 0.4125301241874695, 0.4536733031272888, 0.0157675351947546, 0.46400001645088196
532, 32, 0.44592317938804626, 0.48688775300979614, 0.0023245837073773146, 0.7502166032791138
533, 0, 0.44514966011047363, 0.43528223037719727, -0.17069388926029205, 0.9847827553749084
533, 1, 0.4484174847602844, 0.4338797330856323, -0.18015442788600922, 0.9905540347099304
533, 2, 0.45006364583969116, 0.4340866208076477, -0.18017901480197906, 0.9901408553123474
533, 3, 0.4516960084438324, 0.4342299699783325, -0.18025635182857513, 0.9880086183547974
533, 4, 0.44352203607559204, 0.43277040123939514, -0.17890413105487823, 0.9914290308952332
533, 5, 0.4419373869895935, 0.4321884512901306, -0.17894405126571655, 0.9919750094413757
533, 6, 0.4403364658355713, 0.4315483868122101, -0.17898054420948029, 0.9924356341362
533, 7, 0.4561607241630554, 0.4301411211490631, -0.18566322326660156, 0.9883255958557129
533, 8, 0.4387429356575012, 0.423820823431015, -0.17958323657512665, 0.989118218421936
533, 9, 0.4480184018611908, 0.4329907298088074, -0.16824911534786224, 0.9818570017814636
533, 10, 0.4428585171699524, 0.43150678277015686, -0.16671597957611084, 0.9828800559043884
533, 11, 0.46710699796676636, 0.41998302936553955, -0.15105195343494415, 0.9721956849098206
533, 12, 0.42812055349349976, 0.4181355834007263, -0.1477009356021881, 0.9891527891159058
533, 13, 0.4829305112361908, 0.44046875834465027, -0.10964824259281158, 0.8886025547981262
533, 14, 0.40223899483680725, 0.44181373715400696, -0.11226220428943634, 0.4945756793022156
533, 15, 0.4941639304161072, 0.47066229581832886, -0.08296914398670197, 0.5890807509422302
533, 16, 0.3839118778705597, 0.48582857847213745, -0.09067986905574799, 0.6465587019920349
533, 17, 0.5014191269874573, 0.4784369468688965, -0.091976098716259, 0.46875515580177307
533, 18, 0.3775009214878082, 0.49703916907310486, -0.10272873938083649, 0.6230522990226746
533, 19, 0.4977697730064392, 0.48077723383903503, -0.09481444209814072, 0.48233842849731445
533, 20, 0.38188374042510986, 0.49768364429473877, -0.10251115262508392, 0.6359148025512695
533, 21, 0.49368149042129517, 0.4761950969696045, -0.08370136469602585, 0.3090333342552185
533, 22, 0.3851536214351654, 0.49379852414131165, -0.0907110944390297, 0.5477079749107361
533, 23, 0.4574147164821625, 0.3999019265174866, -0.0031715049408376217, 0.9993475079536438
533, 24, 0.4436296820640564, 0.39742547273635864, 0.003139276523143053, 0.999451220035553
533, 25, 0.4432409405708313, 0.4486180543899536, 0.09187458455562592, 0.06030488386750221
533, 26, 0.43708816170692444, 0.45519590377807617, 0.09323067218065262, 0.0818309485912323
533, 27, 0.44087162613868713, 0.45896652340888977, 0.216014102101326, 0.09850606322288513
533, 28, 0.4554956555366516, 0.4714876711368561, 0.21565374732017517, 0.0946427583694458
533, 29, 0.43969735503196716, 0.4574035108089447, 0.2307434380054474, 0.07535403966903687
533, 30, 0.45844775438308716, 0.47012457251548767, 0.2290002554655075, 0.07572157680988312
533, 31, 0.4418874680995941, 0.4710310101509094, 0.2325902283191681, 0.05609062686562538
533, 32, 0.46091145277023315, 0.4868011772632599, 0.22697696089744568, 0.0630972683429718
534, 0, 0.4436500072479248, 0.4348755180835724, -0.1877063661813736, 0.9378389120101929
534, 1, 0.44657421112060547, 0.43173861503601074, -0.19586965441703796, 0.9407703876495361
534, 2, 0.4483219087123871, 0.4321169853210449, -0.19589973986148834, 0.9393978714942932
534, 3, 0.4500531554222107, 0.4323992133140564, -0.1959783136844635, 0.9332427978515625
534, 4, 0.44137564301490784, 0.42976829409599304, -0.1952391415834427, 0.9562616944313049
534, 5, 0.43972164392471313, 0.4288654625415802, -0.1952821910381317, 0.9573922753334045
534, 6, 0.4380485415458679, 0.42790454626083374, -0.1953357309103012, 0.9623174667358398
534, 7, 0.4547894597053528, 0.4280243217945099, -0.1936527043581009, 0.9014332294464111
534, 8, 0.43639200925827026, 0.41944944858551025, -0.1901882290840149, 0.9274964332580566
534, 9, 0.4472227990627289, 0.4338945746421814, -0.18195199966430664, 0.8985759615898132
534, 10, 0.4416190981864929, 0.4316304624080658, -0.18115319311618805, 0.8920489549636841
534, 11, 0.47143906354904175, 0.42419055104255676, -0.15507380664348602, 0.8873904943466187
534, 12, 0.4238768517971039, 0.4154852628707886, -0.15346474945545197, 0.9256169199943542
534, 13, 0.4902191758155823, 0.4542875587940216, -0.1290595680475235, 0.9750097990036011
534, 14, 0.39818042516708374, 0.43746426701545715, -0.13648919761180878, 0.6200466156005859
534, 15, 0.5042009949684143, 0.49777746200561523, -0.12213821709156036, 0.8874397873878479
534, 16, 0.37411680817604065, 0.4749469757080078, -0.13739949464797974, 0.6993618011474609
534, 17, 0.5125298500061035, 0.5097659826278687, -0.13425125181674957, 0.8020145893096924
534, 18, 0.36953189969062805, 0.4922997057437897, -0.15479342639446259, 0.6495290994644165
534, 19, 0.5080870389938354, 0.5126809477806091, -0.13716353476047516, 0.7891398072242737
534, 20, 0.37475353479385376, 0.49362897872924805, -0.15315331518650055, 0.6323308348655701
534, 21, 0.5035366415977478, 0.5062085390090942, -0.1233074814081192, 0.5630205869674683
534, 22, 0.37662917375564575, 0.4854893088340759, -0.13769254088401794, 0.5298194885253906
534, 23, 0.4618503451347351, 0.39777302742004395, -0.0018802707782015204, 0.9910940527915955
534, 24, 0.44140395522117615, 0.39231884479522705, 0.0017800002824515104, 0.9880579710006714
534, 25, 0.4531308114528656, 0.45551544427871704, 0.08049484342336655, 0.03646797314286232
534, 26, 0.42905083298683167, 0.4569503664970398, 0.0799739807844162, 0.08885911852121353
534, 27, 0.4521316587924957, 0.459725558757782, 0.20421430468559265, 0.046851418912410736
534, 28, 0.44152694940567017, 0.46216967701911926, 0.19676701724529266, 0.04805178567767143
534, 29, 0.4509658217430115, 0.4554525911808014, 0.21878254413604736, 0.042430877685546875
534, 30, 0.4435672163963318, 0.457621306180954, 0.20984628796577454, 0.05688004940748215
534, 31, 0.45590752363204956, 0.4805719256401062, 0.22207768261432648, 0.01722094975411892
534, 32, 0.4473758339881897, 0.4843341112136841, 0.21088580787181854, 0.03073173761367798
535, 0, 0.443948358297348, 0.44438058137893677, -0.1917770504951477, 0.9818098545074463
535, 1, 0.4469757080078125, 0.4366082549095154, -0.19851817190647125, 0.9828184247016907
535, 2, 0.449235737323761, 0.4364665150642395, -0.1985349953174591, 0.9796507358551025
535, 3, 0.4514879584312439, 0.43624377250671387, -0.19858203828334808, 0.9783847332000732
535, 4, 0.44037026166915894, 0.43529316782951355, -0.1975298672914505, 0.9867025017738342
535, 5, 0.4381459653377533, 0.43440449237823486, -0.1975811868906021, 0.9862848520278931
535, 6, 0.43592435121536255, 0.43346458673477173, -0.19764865934848785, 0.9895254373550415
535, 7, 0.4576285481452942, 0.42727160453796387, -0.18854977190494537, 0.9460211396217346
535, 8, 0.43393105268478394, 0.4215249717235565, -0.18410159647464752, 0.9783229827880859
535, 9, 0.44946327805519104, 0.44264474511146545, -0.18396463990211487, 0.9688933491706848
535, 10, 0.44202858209609985, 0.4413357973098755, -0.18273496627807617, 0.9756603837013245
535, 11, 0.47847169637680054, 0.42105531692504883, -0.14968876540660858, 0.9501802921295166
535, 12, 0.42499595880508423, 0.40965282917022705, -0.14246992766857147, 0.9731350541114807
535, 13, 0.5048325061798096, 0.4640812873840332, -0.1372106671333313, 0.9696011543273926
535, 14, 0.4041512906551361, 0.4454096555709839, -0.14048868417739868, 0.7673409581184387
535, 15, 0.5187007784843445, 0.5161038637161255, -0.15680846571922302, 0.9575405716896057
535, 16, 0.38515281677246094, 0.5026452541351318, -0.15758249163627625, 0.8978488445281982
535, 17, 0.5266168713569641, 0.5294662117958069, -0.17678381502628326, 0.932313084602356
535, 18, 0.3751745820045471, 0.5168637037277222, -0.17773151397705078, 0.876025915145874
535, 19, 0.5205180048942566, 0.5311611294746399, -0.17821753025054932, 0.9326500296592712
535, 20, 0.3814544975757599, 0.518003523349762, -0.17987842857837677, 0.8734358549118042
535, 21, 0.5161823630332947, 0.5252826809883118, -0.15857431292533875, 0.8445673584938049
535, 22, 0.3868166506290436, 0.5133540034294128, -0.15996192395687103, 0.8178614974021912
535, 23, 0.4681617319583893, 0.3707018494606018, -0.004188736900687218, 0.9905372262001038
535, 24, 0.4465891718864441, 0.3625209927558899, 0.004087915178388357, 0.9935951828956604
535, 25, 0.4633743166923523, 0.4432142972946167, 0.0828784629702568, 0.07833322882652283
535, 26, 0.4462677836418152, 0.4452306032180786, 0.06726472824811935, 0.10864284634590149
535, 27, 0.4674000144004822, 0.44581082463264465, 0.2176470011472702, 0.1764451414346695
535, 28, 0.4703220725059509, 0.4534056484699249, 0.1828482449054718, 0.10900120437145233
535, 29, 0.4678189754486084, 0.4414632022380829, 0.23240795731544495, 0.10441548377275467
535, 30, 0.47407063841819763, 0.4493449032306671, 0.19562691450119019, 0.07611747086048126
535, 31, 0.4695988595485687, 0.4673313498497009, 0.2271137684583664, 0.09445950388908386
535, 32, 0.4766218066215515, 0.4749481678009033, 0.1872897893190384, 0.08481328934431076
536, 0, 0.4475244879722595, 0.4218502342700958, -0.17831045389175415, 0.9677345752716064
536, 1, 0.45101088285446167, 0.41996005177497864, -0.18776258826255798, 0.977015495300293
536, 2, 0.45270785689353943, 0.4205792248249054, -0.18777388334274292, 0.9786391258239746
536, 3, 0.4544014036655426, 0.42118069529533386, -0.18782085180282593, 0.9682493209838867
536, 4, 0.44610586762428284, 0.4176853597164154, -0.18776565790176392, 0.9797979593276978
536, 5, 0.4444448947906494, 0.4167993366718292, -0.18781714141368866, 0.9830722808837891
536, 6, 0.4427810609340668, 0.4158802330493927, -0.1878785938024521, 0.9813040494918823
536, 7, 0.45888862013816833, 0.41899362206459045, -0.1831829994916916, 0.9737696647644043
536, 8, 0.4410786032676697, 0.4088863432407379, -0.1829793006181717, 0.9792333245277405
536, 9, 0.4505116045475006, 0.42155346274375916, -0.17111054062843323, 0.9623651504516602
536, 10, 0.4452346861362457, 0.41886451840400696, -0.17123627662658691, 0.9717541933059692
536, 11, 0.47079506516456604, 0.41448792815208435, -0.13953760266304016, 0.9839497804641724
536, 12, 0.42676228284835815, 0.40017491579055786, -0.14059534668922424, 0.9941233992576599
536, 13, 0.49036091566085815, 0.4335162341594696, -0.10010793060064316, 0.7821701765060425
536, 14, 0.40069860219955444, 0.4251428246498108, -0.10166933387517929, 0.46851637959480286
536, 15, 0.500525951385498, 0.4579833447933197, -0.09061688929796219, 0.7352529168128967
536, 16, 0.3828777074813843, 0.46401193737983704, -0.08600422739982605, 0.6877647042274475
536, 17, 0.5078827142715454, 0.46419355273246765, -0.09881573170423508, 0.6659730076789856
536, 18, 0.37556713819503784, 0.4707745909690857, -0.094213105738163, 0.7373099327087402
536, 19, 0.5025349259376526, 0.46426141262054443, -0.10145898908376694, 0.6794254183769226
536, 20, 0.38151147961616516, 0.4718471169471741, -0.09349644184112549, 0.7584875226020813
536, 21, 0.49865978956222534, 0.46111124753952026, -0.091121606528759, 0.5006833076477051
536, 22, 0.3852598965167999, 0.4696851372718811, -0.08517076820135117, 0.6320931911468506
536, 23, 0.4602004587650299, 0.38942068815231323, -0.0029467535205185413, 0.9995068311691284
536, 24, 0.44692879915237427, 0.38238638639450073, 0.002848847536370158, 0.99958735704422
536, 25, 0.44676104187965393, 0.42317283153533936, 0.09389984607696533, 0.01629435084760189
536, 26, 0.4353666305541992, 0.41877636313438416, 0.09434089064598083, 0.0427587665617466
536, 27, 0.451606810092926, 0.4256986081600189, 0.2215650975704193, 0.06212449446320534
536, 28, 0.4504697918891907, 0.42718368768692017, 0.2188202440738678, 0.06678729504346848
536, 29, 0.4513634741306305, 0.4258613586425781, 0.23647427558898926, 0.0474867969751358
536, 30, 0.45302700996398926, 0.4267316162586212, 0.23247043788433075, 0.06675121188163757
536, 31, 0.4533971846103668, 0.43108224868774414, 0.23967842757701874, 0.029849199578166008
536, 32, 0.45325618982315063, 0.43454334139823914, 0.23117104172706604, 0.03223327919840813
537, 0, 0.44487643241882324, 0.41157659888267517, 0.04428505524992943, 0.9583125710487366
537, 1, 0.44258204102516174, 0.412344753742218, 0.04625320807099342, 0.9505432844161987
537, 2, 0.44168657064437866, 0.4116467833518982, 0.046217359602451324, 0.9659218192100525
537, 3, 0.4408034682273865, 0.4109022319316864, 0.046124715358018875, 0.9487751722335815
537, 4, 0.4455901086330414, 0.41477537155151367, 0.046802982687950134, 0.9008976221084595
537, 5, 0.4464851915836334, 0.41532063484191895, 0.046816445887088776, 0.9000173211097717
537, 6, 0.44735416769981384, 0.41576412320137024, 0.04678314924240112, 0.8716078996658325
537, 7, 0.4389074444770813, 0.4083794355392456, 0.06713443994522095, 0.9642372727394104
537, 8, 0.4494875967502594, 0.41697072982788086, 0.0711609423160553, 0.9504700303077698
537, 9, 0.44398683309555054, 0.40812209248542786, 0.05413545295596123, 0.9615025520324707
537, 10, 0.4469047486782074, 0.40984252095222473, 0.055210210382938385, 0.9465864300727844
537, 11, 0.42950350046157837, 0.39897897839546204, 0.07037238776683807, 0.999729335308075
537, 12, 0.4559761881828308, 0.4197564125061035, 0.07289424538612366, 0.9995379447937012
537, 13, 0.3994646668434143, 0.401752769947052, 0.03130513057112694, 0.6270517110824585
537, 14, 0.4691818356513977, 0.4363451302051544, 0.07770693302154541, 0.05663894861936569
537, 15, 0.3759869933128357, 0.44315528869628906, -0.026273583993315697, 0.7895950675010681
537, 16, 0.47143498063087463, 0.4578172564506531, 0.06268341839313507, 0.5534303784370422
537, 17, 0.37389233708381653, 0.4497661292552948, -0.03594796359539032, 0.7288206219673157
537, 18, 0.4717598557472229, 0.4672014117240906, 0.05916665866971016, 0.6740745902061462
537, 19, 0.3753383457660675, 0.4536946713924408, -0.0375368669629097, 0.7232460379600525
537, 20, 0.46952518820762634, 0.46924713253974915, 0.05763058736920357, 0.6625894904136658
537, 21, 0.37807130813598633, 0.4488164782524109, -0.028142118826508522, 0.6869018077850342
537, 22, 0.4686651825904846, 0.46501266956329346, 0.062486760318279266, 0.6609720587730408
537, 23, 0.4441758096218109, 0.37108609080314636, 0.004688591696321964, 0.9997153878211975
537, 24, 0.46056610345840454, 0.38115131855010986, -0.00476081995293498, 0.9999034404754639
537, 25, 0.4220956861972809, 0.41278788447380066, 0.04378517344594002, 0.24492737650871277
537, 26, 0.4429857134819031, 0.4321490526199341, -0.00054388795979321, 0.5755685567855835
537, 27, 0.4070035517215729, 0.4145298898220062, 0.058038704097270966, 0.013447631150484085
537, 28, 0.4173859655857086, 0.4212344288825989, 0.02773912623524666, 0.022300943732261658
537, 29, 0.4075626730918884, 0.4063105285167694, 0.06048694998025894, 0.2616980969905853
537, 30, 0.41441860795021057, 0.4074559211730957, 0.031918272376060486, 0.2858683466911316
537, 31, 0.40122348070144653, 0.4385230541229248, 0.04379475116729736, 0.11728266626596451
537, 32, 0.4074609875679016, 0.44337064027786255, 0.019643938168883324, 0.11800707876682281
538, 0, 0.4480627477169037, 0.42433470487594604, -0.23119191825389862, 0.9904115796089172
538, 1, 0.450472354888916, 0.42443645000457764, -0.23456516861915588, 0.99339359998703
538, 2, 0.4514489769935608, 0.42553356289863586, -0.23458442091941833, 0.9896832704544067
538, 3, 0.45241594314575195, 0.4265960156917572, -0.23463468253612518, 0.9912348985671997
538, 4, 0.44764071702957153, 0.4210446774959564, -0.23594191670417786, 0.9971006512641907
538, 5, 0.4466913342475891, 0.4197627305984497, -0.23600812256336212, 0.9962067604064941
538, 6, 0.44573888182640076, 0.4184739291667938, -0.23606495559215546, 0.9968217611312866
538, 7, 0.4548013210296631, 0.42399734258651733, -0.20608410239219666, 0.9824962615966797
538, 8, 0.4444684386253357, 0.4115019142627716, -0.21239528059959412, 0.9975610971450806
538, 9, 0.4494447708129883, 0.4231177568435669, -0.21557994186878204, 0.9910860657691956
538, 10, 0.4463452696800232, 0.4190689027309418, -0.2175482213497162, 0.9953317046165466
538, 11, 0.4600447118282318, 0.4241998791694641, -0.1447882354259491, 0.9915036559104919
538, 12, 0.43427711725234985, 0.3974822461605072, -0.15349239110946655, 0.9975152015686035
538, 13, 0.45692411065101624, 0.44591835141181946, -0.12409786880016327, 0.3821052014827728
538, 14, 0.4188691973686218, 0.41109806299209595, -0.09998972713947296, 0.4823288917541504
538, 15, 0.4610293507575989, 0.4803488850593567, -0.16871137917041779, 0.5691050291061401
538, 16, 0.4185697138309479, 0.429454505443573, -0.09487441182136536, 0.661067545413971
538, 17, 0.4649490714073181, 0.4928164482116699, -0.18822450935840607, 0.4761057496070862
538, 18, 0.41610008478164673, 0.43313267827033997, -0.10985567420721054, 0.618698239326477
538, 19, 0.4606003165245056, 0.49342745542526245, -0.19512274861335754, 0.4987364113330841
538, 20, 0.42010822892189026, 0.4367055594921112, -0.11590038239955902, 0.6493044495582581
538, 21, 0.4580478072166443, 0.4865393042564392, -0.17308157682418823, 0.3558320999145508
538, 22, 0.42227882146835327, 0.4347555935382843, -0.09747108817100525, 0.5561030507087708
538, 23, 0.46055689454078674, 0.38169559836387634, -0.0025522513315081596, 0.9987844824790955
538, 24, 0.4517211318016052, 0.3729046583175659, 0.002522786147892475, 0.9988844990730286
538, 25, 0.44866472482681274, 0.43270811438560486, 0.0871821865439415, 0.04446525499224663
538, 26, 0.4403568208217621, 0.4289039075374603, 0.08864329755306244, 0.021360626444220543
538, 27, 0.4553679823875427, 0.44550180435180664, 0.2229246348142624, 0.08973559737205505
538, 28, 0.4544200003147125, 0.44773736596107483, 0.21985840797424316, 0.03131595253944397
538, 29, 0.45643138885498047, 0.44575950503349304, 0.23768535256385803, 0.0814698189496994
538, 30, 0.4560514986515045, 0.44864946603775024, 0.23332186043262482, 0.024556944146752357
538, 31, 0.4557068347930908, 0.45932435989379883, 0.22894635796546936, 0.10233058780431747
538, 32, 0.45898228883743286, 0.4623386263847351, 0.21983878314495087, 0.04289775714278221
539, 0, 0.4404168128967285, 0.44057023525238037, -0.18536676466464996, 0.949429452419281
539, 1, 0.4453887343406677, 0.43724921345710754, -0.19497089087963104, 0.9608307480812073
539, 2, 0.44807809591293335, 0.43825286626815796, -0.19497817754745483, 0.9666928648948669
539, 3, 0.4507734179496765, 0.43919995427131653, -0.19502794742584229, 0.9396836161613464
539, 4, 0.4374513030052185, 0.43235650658607483, -0.19477511942386627, 0.9593672156333923
539, 5, 0.43493932485580444, 0.43037718534469604, -0.19484595954418182, 0.9696621298789978
539, 6, 0.43242353200912476, 0.4283618927001953, -0.1949380785226822, 0.964218258857727
539, 7, 0.458690345287323, 0.4331137239933014, -0.19024163484573364, 0.9412689805030823
539, 8, 0.43038076162338257, 0.414092093706131, -0.18950748443603516, 0.9620980620384216
539, 9, 0.44606661796569824, 0.4399520456790924, -0.1780417114496231, 0.9344973564147949
539, 10, 0.43784722685813904, 0.43478521704673767, -0.17806312441825867, 0.9535771012306213
539, 11, 0.4818805754184723, 0.4182925820350647, -0.14414088428020477, 0.9448930025100708
539, 12, 0.4172514081001282, 0.3934668302536011, -0.1483108401298523, 0.9875438213348389
539, 13, 0.5159083604812622, 0.4260406196117401, -0.0944398045539856, 0.7625818848609924
539, 14, 0.38982847332954407, 0.4129076302051544, -0.10165834426879883, 0.819155216217041
539, 15, 0.5254022479057312, 0.4498874545097351, -0.06644932925701141, 0.719512403011322
539, 16, 0.3744136095046997, 0.47660118341445923, -0.06734035164117813, 0.905500054359436
539, 17, 0.5341442823410034, 0.4536390006542206, -0.0735282376408577, 0.762980043888092
539, 18, 0.36603009700775146, 0.4867061674594879, -0.07283294200897217, 0.9336152672767639
539, 19, 0.5287162065505981, 0.4502773582935333, -0.0770924910902977, 0.7686917185783386
539, 20, 0.3735102415084839, 0.48703160881996155, -0.075581856071949, 0.9340314269065857
539, 21, 0.5239130258560181, 0.4489574730396271, -0.06702331453561783, 0.6169034838676453
539, 22, 0.3781393766403198, 0.48489105701446533, -0.06721770763397217, 0.893440842628479
539, 23, 0.474564790725708, 0.37218907475471497, -0.0007470896816812456, 0.9963726997375488
539, 24, 0.4514602720737457, 0.35812923312187195, 0.0006476228008978069, 0.9966013431549072
539, 25, 0.4573025703430176, 0.4151995778083801, 0.11202742904424667, 0.03128422424197197
539, 26, 0.43899959325790405, 0.40091386437416077, 0.10996176302433014, 0.05981221795082092
539, 27, 0.4640101492404938, 0.40998318791389465, 0.26792407035827637, 0.09273966401815414
539, 28, 0.44388002157211304, 0.39747512340545654, 0.2627484202384949, 0.06392787396907806
539, 29, 0.46570509672164917, 0.40664562582969666, 0.28588056564331055, 0.10164894908666611
539, 30, 0.44521671533584595, 0.3957093060016632, 0.2800162434577942, 0.06178233027458191
539, 31, 0.46025189757347107, 0.4193677604198456, 0.2912420332431793, 0.022051721811294556
539, 32, 0.44105347990989685, 0.4036334455013275, 0.2814500331878662, 0.01252226997166872
540, 0, 0.4437924027442932, 0.42268118262290955, -0.2009015530347824, 0.959426999092102
540, 1, 0.44769352674484253, 0.4191651940345764, -0.20854076743125916, 0.9594531059265137
540, 2, 0.4497508406639099, 0.41991126537323, -0.20854707062244415, 0.9619567394256592
540, 3, 0.4518028199672699, 0.42062726616859436, -0.20857372879981995, 0.9402682781219482
540, 4, 0.4414549767971039, 0.41565611958503723, -0.20779447257518768, 0.9600999355316162
540, 5, 0.4393637180328369, 0.4142821133136749, -0.20786313712596893, 0.9684836268424988
540, 6, 0.43726691603660583, 0.4129238426685333, -0.20796124637126923, 0.9678301811218262
540, 7, 0.45709505677223206, 0.4161728620529175, -0.1979176551103592, 0.9204497337341309
540, 8, 0.434720903635025, 0.4025886654853821, -0.19484499096870422, 0.9519180059432983
540, 9, 0.44761428236961365, 0.4226536750793457, -0.1919589340686798, 0.916015625
540, 10, 0.4411989152431488, 0.4189259707927704, -0.191191166639328, 0.9330357313156128
540, 11, 0.47456198930740356, 0.40770891308784485, -0.15048819780349731, 0.9014754891395569
540, 12, 0.4181041121482849, 0.39111948013305664, -0.15435680747032166, 0.9826915860176086
540, 13, 0.5051651000976562, 0.42625269293785095, -0.12169452011585236, 0.7908874750137329
540, 14, 0.38681912422180176, 0.4161127805709839, -0.13481402397155762, 0.8533838391304016
540, 15, 0.5184342861175537, 0.4514259696006775, -0.11433036625385284, 0.8051376938819885
540, 16, 0.372010201215744, 0.4582955241203308, -0.13125824928283691, 0.9330690503120422
540, 17, 0.527474045753479, 0.45669025182724, -0.12382608652114868, 0.7672402858734131
540, 18, 0.3628959655761719, 0.4680965840816498, -0.14426791667938232, 0.9349768161773682
540, 19, 0.5219867825508118, 0.45486509799957275, -0.12783972918987274, 0.769336998462677
540, 20, 0.36979758739471436, 0.4668835401535034, -0.14261507987976074, 0.9359453916549683
540, 21, 0.5171634554862976, 0.45239588618278503, -0.11571097373962402, 0.6312298774719238
540, 22, 0.374184250831604, 0.464432030916214, -0.13072621822357178, 0.8875090479850769
540, 23, 0.46787962317466736, 0.36823657155036926, -0.003828085958957672, 0.9960881471633911
540, 24, 0.4488748610019684, 0.35937026143074036, 0.003615408670157194, 0.9971828460693359
540, 25, 0.45320433378219604, 0.40835803747177124, 0.10549460351467133, 0.019194096326828003
540, 26, 0.4354526400566101, 0.4024066627025604, 0.10208151489496231, 0.059912096709012985
540, 27, 0.46092158555984497, 0.4066241681575775, 0.251462459564209, 0.05567770078778267
540, 28, 0.45110172033309937, 0.39809054136276245, 0.2448541671037674, 0.04797378182411194
540, 29, 0.4622862935066223, 0.40537208318710327, 0.26806965470314026, 0.04387107118964195
540, 30, 0.4545172154903412, 0.39696574211120605, 0.260568767786026, 0.03924325108528137
540, 31, 0.45953837037086487, 0.4127289354801178, 0.2726324498653412, 0.0322822704911232
540, 32, 0.4509614109992981, 0.39977768063545227, 0.2618827819824219, 0.022426240146160126
541, 0, 0.444545179605484, 0.43203604221343994, -0.21423430740833282, 0.9833322763442993
541, 1, 0.44832998514175415, 0.43074679374694824, -0.22122733294963837, 0.9852393865585327
541, 2, 0.45022478699684143, 0.4318832457065582, -0.22123602032661438, 0.9852240085601807
541, 3, 0.4521171450614929, 0.4329841732978821, -0.22127659618854523, 0.9788352251052856
541, 4, 0.4426356256008148, 0.42642441391944885, -0.2208823412656784, 0.9859386086463928
541, 5, 0.44076675176620483, 0.42486128211021423, -0.22095367312431335, 0.9879302978515625
541, 6, 0.4388960897922516, 0.4232938885688782, -0.22103647887706757, 0.9881780743598938
541, 7, 0.45733219385147095, 0.4293113648891449, -0.2067030966281891, 0.9737507700920105
541, 8, 0.436720073223114, 0.41320812702178955, -0.2052960842847824, 0.9840118885040283
541, 9, 0.44785696268081665, 0.4317663013935089, -0.2036602795124054, 0.9738666415214539
541, 10, 0.4421427249908447, 0.4272809326648712, -0.20339128375053406, 0.980813205242157
541, 11, 0.4730265140533447, 0.4210916757583618, -0.15484702587127686, 0.9739536046981812
541, 12, 0.4204231798648834, 0.39587560296058655, -0.1621360033750534, 0.9952574372291565
541, 13, 0.4955267012119293, 0.4285866320133209, -0.1189904436469078, 0.47884654998779297
541, 14, 0.38816773891448975, 0.4145527780056, -0.14036551117897034, 0.9293560981750488
541, 15, 0.5050870180130005, 0.4418710172176361, -0.11364157497882843, 0.49377185106277466
541, 16, 0.37132301926612854, 0.45644184947013855, -0.14338986575603485, 0.9634303450584412
541, 17, 0.5124249458312988, 0.4448043406009674, -0.12440347671508789, 0.5001842975616455
541, 18, 0.36685624718666077, 0.4693475067615509, -0.15931366384029388, 0.9599940180778503
541, 19, 0.5077661275863647, 0.44119784235954285, -0.13108408451080322, 0.4994677007198334
541, 20, 0.3698982000350952, 0.46779611706733704, -0.16018223762512207, 0.9603298306465149
541, 21, 0.5036027431488037, 0.43903711438179016, -0.1162470132112503, 0.37931323051452637
541, 22, 0.37272322177886963, 0.46345382928848267, -0.14412188529968262, 0.9244741201400757
541, 23, 0.4677221179008484, 0.3745332956314087, -0.004751607310026884, 0.9978678226470947
541, 24, 0.4479711949825287, 0.361581027507782, 0.0045904419384896755, 0.9986699819564819
541, 25, 0.4546779692173004, 0.4169636070728302, 0.10800405591726303, 0.031548403203487396
541, 26, 0.43393412232398987, 0.4019336700439453, 0.10391609370708466, 0.06184852868318558
541, 27, 0.465872198343277, 0.42054417729377747, 0.25285911560058594, 0.07561028003692627
541, 28, 0.4522017538547516, 0.4032113254070282, 0.2504008412361145, 0.052166230976581573
541, 29, 0.46871432662010193, 0.4192764163017273, 0.2691233456134796, 0.06771040707826614
541, 30, 0.45674651861190796, 0.40250396728515625, 0.26666978001594543, 0.044009529054164886
541, 31, 0.4624204635620117, 0.430040180683136, 0.2715868055820465, 0.045752618461847305
541, 32, 0.45105990767478943, 0.4083542823791504, 0.26871752738952637, 0.025150246918201447
542, 0, 0.4423767924308777, 0.43163540959358215, -0.21372660994529724, 0.9437740445137024
542, 1, 0.4470483660697937, 0.42858633399009705, -0.22074583172798157, 0.9469830393791199
542, 2, 0.4492708146572113, 0.42998939752578735, -0.22075524926185608, 0.9509877562522888
542, 3, 0.4514881670475006, 0.43135154247283936, -0.22079619765281677, 0.9241752028465271
542, 4, 0.44045767188072205, 0.42315155267715454, -0.22034282982349396, 0.9468594789505005
542, 5, 0.4383185803890228, 0.42115652561187744, -0.2204088717699051, 0.95850670337677
542, 6, 0.43618708848953247, 0.41915684938430786, -0.2204904556274414, 0.9581931233406067
542, 7, 0.4577602744102478, 0.4278240501880646, -0.2044806033372879, 0.9240291118621826
542, 8, 0.4339982569217682, 0.40765655040740967, -0.2025773525238037, 0.9479886889457703
542, 9, 0.44638592004776, 0.43270933628082275, -0.20241251587867737, 0.9200775027275085
542, 10, 0.4395838677883148, 0.4270068407058716, -0.2020312249660492, 0.9419779777526855
542, 11, 0.4747389853000641, 0.42372018098831177, -0.15056800842285156, 0.9556616544723511
542, 12, 0.4187085032463074, 0.3901253044605255, -0.15808837115764618, 0.9879388809204102
542, 13, 0.49652010202407837, 0.43286627531051636, -0.10699476301670074, 0.36442291736602783
542, 14, 0.3866739869117737, 0.41593945026397705, -0.1329198032617569, 0.8812463879585266
542, 15, 0.502251923084259, 0.4466681480407715, -0.09244930744171143, 0.33319157361984253
542, 16, 0.37110191583633423, 0.45990103483200073, -0.1260504275560379, 0.9300097823143005
542, 17, 0.5095965266227722, 0.44941282272338867, -0.10077844560146332, 0.38664355874061584
542, 18, 0.3617839217185974, 0.4727047085762024, -0.1389559507369995, 0.9362199902534485
542, 19, 0.5043843388557434, 0.4437656104564667, -0.10628075897693634, 0.38310912251472473
542, 20, 0.36984777450561523, 0.47312283515930176, -0.14031751453876495, 0.9368381500244141
542, 21, 0.5000672340393066, 0.4417600929737091, -0.09413088113069534, 0.271835595369339
542, 22, 0.37436819076538086, 0.4713134467601776, -0.1265888214111328, 0.8897432684898376
542, 23, 0.4703946113586426, 0.3767007291316986, -0.0030687334947288036, 0.9971345663070679
542, 24, 0.44861164689064026, 0.3597547709941864, 0.0029355294536799192, 0.9977352619171143
542, 25, 0.45679792761802673, 0.4161904752254486, 0.10783196985721588, 0.02520252764225006
542, 26, 0.4326033592224121, 0.4010390341281891, 0.10221263021230698, 0.053449053317308426
542, 27, 0.4643728733062744, 0.4118131995201111, 0.25402501225471497, 0.05074496194720268
542, 28, 0.4481349587440491, 0.395709365606308, 0.2500859498977661, 0.04369359090924263
542, 29, 0.4663272798061371, 0.4085206389427185, 0.2707273066043854, 0.04769454523921013
542, 30, 0.4522913098335266, 0.39350268244743347, 0.26680418848991394, 0.03780321031808853
542, 31, 0.459877073764801, 0.42153993248939514, 0.27608147263526917, 0.021631387993693352
542, 32, 0.4462876319885254, 0.4020676910877228, 0.2714446187019348, 0.014641582034528255
543, 0, 0.444058358669281, 0.4280073940753937, -0.20253273844718933, 0.9901206493377686
543, 1, 0.4472116529941559, 0.42377418279647827, -0.2090659886598587, 0.9892347455024719
543, 2, 0.4492172598838806, 0.42416274547576904, -0.2090815007686615, 0.9896450042724609
543, 3, 0.4512172341346741, 0.4245735704898834, -0.2091115266084671, 0.9842689037322998
543, 4, 0.4412049651145935, 0.4209658205509186, -0.20853400230407715, 0.9895952343940735
543, 5, 0.43918856978416443, 0.4196957051753998, -0.20861749351024628, 0.9915592074394226
543, 6, 0.43713730573654175, 0.41853028535842896, -0.20871691405773163, 0.9920952916145325
543, 7, 0.45611104369163513, 0.41856849193573, -0.19419431686401367, 0.9702520370483398
543, 8, 0.4346711039543152, 0.4077374041080475, -0.19239269196987152, 0.9872087836265564
543, 9, 0.44819456338882446, 0.42713505029678345, -0.1922433227300644, 0.9756203293800354
543, 10, 0.4420889914035797, 0.42408308386802673, -0.1917700171470642, 0.9792634844779968
543, 11, 0.47620028257369995, 0.40890514850616455, -0.14617465436458588, 0.9597830772399902
543, 12, 0.4168342649936676, 0.39501070976257324, -0.1540648639202118, 0.9936923980712891
543, 13, 0.50844407081604, 0.43333899974823, -0.12868382036685944, 0.9761560559272766
543, 14, 0.38756245374679565, 0.41607585549354553, -0.13766780495643616, 0.9398255944252014
543, 15, 0.5266929268836975, 0.47442784905433655, -0.13734087347984314, 0.9759449362754822
543, 16, 0.371348112821579, 0.46197909116744995, -0.13705319166183472, 0.96766597032547
543, 17, 0.5363267064094543, 0.4846101999282837, -0.15185286104679108, 0.9573601484298706
543, 18, 0.360758900642395, 0.46752849221229553, -0.15279540419578552, 0.9693664908409119
543, 19, 0.5299719572067261, 0.4865521192550659, -0.15474122762680054, 0.95771723985672
543, 20, 0.3671005368232727, 0.4667533338069916, -0.15060336887836456, 0.9694713950157166
543, 21, 0.5249978303909302, 0.48223432898521423, -0.13918466866016388, 0.9017876982688904
543, 22, 0.37225261330604553, 0.46357306838035583, -0.13648270070552826, 0.9374729990959167
543, 23, 0.47037211060523987, 0.36419108510017395, -0.002989524509757757, 0.9937204122543335
543, 24, 0.4505144953727722, 0.35609081387519836, 0.002727925544604659, 0.9945160746574402
543, 25, 0.45804280042648315, 0.40733686089515686, 0.11078383773565292, 0.024508951231837273
543, 26, 0.4405737817287445, 0.40253549814224243, 0.10390365123748779, 0.0801849365234375
543, 27, 0.4652997851371765, 0.4079873859882355, 0.2586177885532379, 0.08362045884132385
543, 28, 0.4567590653896332, 0.39959022402763367, 0.24670276045799255, 0.06397488713264465
543, 29, 0.46671977639198303, 0.40669602155685425, 0.27547305822372437, 0.060464635491371155
543, 30, 0.46015381813049316, 0.39844486117362976, 0.262813001871109, 0.05216311663389206
543, 31, 0.46444183588027954, 0.4186130166053772, 0.27874013781547546, 0.056278519332408905
543, 32, 0.4573368430137634, 0.4025309681892395, 0.26319456100463867, 0.03883415460586548
544, 0, 0.44244855642318726, 0.4317975640296936, -0.20070616900920868, 0.9864906072616577
544, 1, 0.44557133316993713, 0.42838752269744873, -0.20745208859443665, 0.9844760298728943
544, 2, 0.44757646322250366, 0.42910245060920715, -0.20746783912181854, 0.9846277236938477
544, 3, 0.4495783746242523, 0.42981940507888794, -0.20749202370643616, 0.9771440625190735
544, 4, 0.43949443101882935, 0.4247744679450989, -0.20684900879859924, 0.9859043955802917
544, 5, 0.43745288252830505, 0.42328473925590515, -0.2069251835346222, 0.9882000684738159
544, 6, 0.43538203835487366, 0.4218864142894745, -0.20702143013477325, 0.9889571070671082
544, 7, 0.4545924663543701, 0.4243412911891937, -0.19372349977493286, 0.9577834010124207
544, 8, 0.4329296052455902, 0.4108731150627136, -0.19141651690006256, 0.9825448989868164
544, 9, 0.44660601019859314, 0.4313168525695801, -0.19083981215953827, 0.9659867882728577
544, 10, 0.4404154419898987, 0.42751532793045044, -0.19024141132831573, 0.9723446369171143
544, 11, 0.4749627709388733, 0.41577863693237305, -0.1470707654953003, 0.9448893666267395
544, 12, 0.4162481427192688, 0.3965650796890259, -0.1529829502105713, 0.9900473952293396
544, 13, 0.5050728917121887, 0.44344571232795715, -0.13159164786338806, 0.9726061224937439
544, 14, 0.3867919445037842, 0.41992396116256714, -0.14300072193145752, 0.9326366782188416
544, 15, 0.5225935578346252, 0.48471397161483765, -0.14169102907180786, 0.9714350700378418
544, 16, 0.36889728903770447, 0.45945245027542114, -0.14934460818767548, 0.9674455523490906
544, 17, 0.5319390892982483, 0.49532973766326904, -0.15668247640132904, 0.9527195692062378
544, 18, 0.3601802587509155, 0.4680434465408325, -0.16678929328918457, 0.9666809439659119
544, 19, 0.5257962346076965, 0.49658411741256714, -0.15930472314357758, 0.9528812170028687
544, 20, 0.3665684759616852, 0.4673193693161011, -0.16486364603042603, 0.9663804173469543
544, 21, 0.5209125280380249, 0.49195200204849243, -0.1434444785118103, 0.891036868095398
544, 22, 0.3715999126434326, 0.46456146240234375, -0.14921674132347107, 0.9331443905830383
544, 23, 0.4714232087135315, 0.36597636342048645, -0.003692626254633069, 0.9915463328361511
544, 24, 0.4505179524421692, 0.3541690409183502, 0.0034224730916321278, 0.9921426773071289
544, 25, 0.4580875337123871, 0.41146811842918396, 0.1085650697350502, 0.025104308500885963
544, 26, 0.43856096267700195, 0.4012431800365448, 0.10395493358373642, 0.06827523559331894
544, 27, 0.4660106599330902, 0.4131779670715332, 0.25600484013557434, 0.0774366557598114
544, 28, 0.45494699478149414, 0.4016655385494232, 0.246503084897995, 0.052008241415023804
544, 29, 0.4676816463470459, 0.4117729961872101, 0.27254244685173035, 0.058552417904138565
544, 30, 0.4585818648338318, 0.4008715748786926, 0.26249995827674866, 0.047236405313014984
544, 31, 0.4647292494773865, 0.42450040578842163, 0.2739464342594147, 0.05283954739570618
544, 32, 0.45558851957321167, 0.40616074204444885, 0.26275119185447693, 0.03554058074951172
545, 0, 0.4487300515174866, 0.4189490079879761, -0.2254679948091507, 0.9870045781135559
545, 1, 0.4519731402397156, 0.4170176088809967, -0.22971324622631073, 0.9918340444564819
545, 2, 0.4534047245979309, 0.41792771220207214, -0.22970791161060333, 0.9877607822418213
545, 3, 0.45481711626052856, 0.41878843307495117, -0.2297404557466507, 0.987305760383606
545, 4, 0.4476516842842102, 0.4144327938556671, -0.23080337047576904, 0.9939427971839905
545, 5, 0.44609469175338745, 0.41367632150650024, -0.23085573315620422, 0.9927607774734497
545, 6, 0.44453802704811096, 0.41289329528808594, -0.23091888427734375, 0.9944391250610352
545, 7, 0.4580053389072418, 0.41850873827934265, -0.20490507781505585, 0.9831364750862122
545, 8, 0.44244399666786194, 0.4082142412662506, -0.2096804678440094, 0.9919435977935791
545, 9, 0.4508674740791321, 0.42002537846565247, -0.2116280496120453, 0.9769442677497864
545, 10, 0.44622841477394104, 0.4173097312450409, -0.2132454663515091, 0.9858194589614868
545, 11, 0.4684480130672455, 0.4185029864311218, -0.15199099481105804, 0.9893637895584106
545, 12, 0.4267463684082031, 0.402548223733902, -0.15553054213523865, 0.9972879886627197
545, 13, 0.4847416281700134, 0.4343094825744629, -0.1241445541381836, 0.5942490696907043
545, 14, 0.3977903723716736, 0.4272564649581909, -0.12957358360290527, 0.5896801948547363
545, 15, 0.49503034353256226, 0.4519027769565582, -0.1302252560853958, 0.5818158984184265
545, 16, 0.3733389973640442, 0.4548759162425995, -0.12310181558132172, 0.7671316266059875
545, 17, 0.501410722732544, 0.45881322026252747, -0.14092126488685608, 0.4620364010334015
545, 18, 0.3696407377719879, 0.4605323076248169, -0.134996235370636, 0.7218406200408936
545, 19, 0.49702757596969604, 0.45848384499549866, -0.14374880492687225, 0.4925137162208557
545, 20, 0.3743894100189209, 0.4601444602012634, -0.13140904903411865, 0.7239784598350525
545, 21, 0.4931684136390686, 0.4549105763435364, -0.1313023418188095, 0.3343018889427185
545, 22, 0.3785534203052521, 0.4579628109931946, -0.12156268209218979, 0.5909707546234131
545, 23, 0.4621315896511078, 0.38245391845703125, -0.00782324094325304, 0.9993144273757935
545, 24, 0.44879260659217834, 0.37476322054862976, 0.007599114440381527, 0.9997504353523254
545, 25, 0.4498729705810547, 0.41519513726234436, 0.09795011579990387, 0.04248186945915222
545, 26, 0.44551676511764526, 0.40935006737709045, 0.10107399523258209, 0.041291482746601105
545, 27, 0.45840948820114136, 0.42744114995002747, 0.22912976145744324, 0.08716335147619247
545, 28, 0.47331008315086365, 0.43927595019340515, 0.22324113547801971, 0.08742804080247879
545, 29, 0.45930880308151245, 0.4304812252521515, 0.24366828799247742, 0.04668128862977028
545, 30, 0.4780096113681793, 0.4426017701625824, 0.23621442914009094, 0.049540985375642776
545, 31, 0.4594647288322449, 0.43151992559432983, 0.24012210965156555, 0.08019424229860306
545, 32, 0.4807015359401703, 0.4517950415611267, 0.2274322211742401, 0.07397455722093582
546, 0, 0.45066776871681213, 0.41961124539375305, -0.15858124196529388, 0.9849531054496765
546, 1, 0.454425573348999, 0.41526976227760315, -0.16907747089862823, 0.9870786666870117
546, 2, 0.45646682381629944, 0.4153469204902649, -0.1690952032804489, 0.9874796271324158
546, 3, 0.45851388573646545, 0.4153585731983185, -0.1691630631685257, 0.9839247465133667
546, 4, 0.44838064908981323, 0.4145244061946869, -0.16894946992397308, 0.9891552329063416
546, 5, 0.4463037848472595, 0.4141780734062195, -0.16898927092552185, 0.9902421832084656
546, 6, 0.4442245066165924, 0.4137624502182007, -0.16906030476093292, 0.9904319643974304
546, 7, 0.4629719853401184, 0.41277483105659485, -0.1725863665342331, 0.9816896915435791
546, 8, 0.4412456154823303, 0.4074859321117401, -0.17185910046100616, 0.9841406345367432
546, 9, 0.4538589417934418, 0.4193199574947357, -0.15430493652820587, 0.9729692339897156
546, 10, 0.4472072124481201, 0.4183737337589264, -0.15423889458179474, 0.9789830446243286
546, 11, 0.47850698232650757, 0.4117580056190491, -0.1367512345314026, 0.9743700623512268
546, 12, 0.4215220510959625, 0.4058210253715515, -0.13591906428337097, 0.9905266761779785
546, 13, 0.5017470717430115, 0.4404740333557129, -0.10610611736774445, 0.9783726334571838
546, 14, 0.39118197560310364, 0.41825130581855774, -0.1072203740477562, 0.4666084945201874
546, 15, 0.5129096508026123, 0.4819577932357788, -0.09310659021139145, 0.9114107489585876
546, 16, 0.373507022857666, 0.4608708620071411, -0.09617508202791214, 0.5794457793235779
546, 17, 0.5216869115829468, 0.4917159080505371, -0.10127802193164825, 0.8674908876419067
546, 18, 0.36758944392204285, 0.47090452909469604, -0.10423846542835236, 0.6321515440940857
546, 19, 0.5164645910263062, 0.49344146251678467, -0.10106221586465836, 0.8607133030891418
546, 20, 0.37416499853134155, 0.47108176350593567, -0.10407902300357819, 0.6301158666610718
546, 21, 0.5113665461540222, 0.4882394075393677, -0.09248777478933334, 0.6661731600761414
546, 22, 0.37880444526672363, 0.46827107667922974, -0.09566263854503632, 0.5212202668190002
546, 23, 0.4626010060310364, 0.39771178364753723, -0.0026409912388771772, 0.9992514252662659
546, 24, 0.4394417405128479, 0.3914966881275177, 0.002517854329198599, 0.9990091323852539
546, 25, 0.453543096780777, 0.4306696057319641, 0.08380717039108276, 0.022792506963014603
546, 26, 0.42989078164100647, 0.42582371830940247, 0.08380743116140366, 0.04441601783037186
546, 27, 0.4566098749637604, 0.429793119430542, 0.19666355848312378, 0.09582658112049103
546, 28, 0.44530314207077026, 0.4272996783256531, 0.19364981353282928, 0.08404529094696045
546, 29, 0.4561847150325775, 0.4274598956108093, 0.2100977599620819, 0.0795074924826622
546, 30, 0.4480392336845398, 0.42339974641799927, 0.2061259001493454, 0.1381073147058487
546, 31, 0.458517462015152, 0.44515612721443176, 0.21728530526161194, 0.009775323793292046
546, 32, 0.44875192642211914, 0.4451737403869629, 0.20992812514305115, 0.015028653666377068
547, 0, 0.45125675201416016, 0.4208771586418152, -0.16029849648475647, 0.9662010669708252
547, 1, 0.4546547532081604, 0.41711899638175964, -0.1705903857946396, 0.973303496837616
547, 2, 0.4565492570400238, 0.41710734367370605, -0.17060621082782745, 0.9738047122955322
547, 3, 0.4584499001502991, 0.4170469641685486, -0.17066627740859985, 0.966869056224823
547, 4, 0.4489348530769348, 0.4166645407676697, -0.1702089011669159, 0.9758339524269104
547, 5, 0.4469153881072998, 0.41642647981643677, -0.1702488213777542, 0.9775551557540894
547, 6, 0.44490402936935425, 0.41613346338272095, -0.17032325267791748, 0.9777420163154602
547, 7, 0.46243005990982056, 0.4140397310256958, -0.17316417396068573, 0.9596392512321472
547, 8, 0.44185495376586914, 0.4098298251628876, -0.1713632345199585, 0.9619134664535522
547, 9, 0.45417752861976624, 0.41997143626213074, -0.1558152586221695, 0.9422820806503296
547, 10, 0.4479396939277649, 0.41939663887023926, -0.15540409088134766, 0.9510903358459473
547, 11, 0.4763266146183014, 0.4099089205265045, -0.1370033323764801, 0.9610669016838074
547, 12, 0.42301100492477417, 0.4071110486984253, -0.13466577231884003, 0.9835631847381592
547, 13, 0.5011576414108276, 0.43612176179885864, -0.11252901703119278, 0.963512659072876
547, 14, 0.39674919843673706, 0.42805975675582886, -0.11013935506343842, 0.2978842556476593
547, 15, 0.5141062140464783, 0.4735780358314514, -0.10947854816913605, 0.8786875009536743
547, 16, 0.37370970845222473, 0.45908477902412415, -0.10713288933038712, 0.4321170449256897
547, 17, 0.5228923559188843, 0.482246071100235, -0.11880402266979218, 0.8054839372634888
547, 18, 0.3693300187587738, 0.47150614857673645, -0.116624616086483, 0.4920800030231476
547, 19, 0.5173552632331848, 0.4847595989704132, -0.1189972311258316, 0.8011195659637451
547, 20, 0.3756885826587677, 0.471847802400589, -0.11532886326313019, 0.4970557987689972
547, 21, 0.5124132633209229, 0.4804312288761139, -0.10923133045434952, 0.5871440172195435
547, 22, 0.38024652004241943, 0.46909600496292114, -0.10642683506011963, 0.3803156912326813
547, 23, 0.4617524743080139, 0.39404264092445374, -0.004382038023322821, 0.9990543723106384
547, 24, 0.4410323202610016, 0.38874855637550354, 0.004204546567052603, 0.9987874627113342
547, 25, 0.45191821455955505, 0.42701366543769836, 0.08670198172330856, 0.01636076532304287
547, 26, 0.4322614073753357, 0.4227883517742157, 0.08797404915094376, 0.027927901595830917
547, 27, 0.4561638832092285, 0.42913681268692017, 0.20120087265968323, 0.08656010031700134
547, 28, 0.44750410318374634, 0.42705297470092773, 0.20003323256969452, 0.05340585857629776
547, 29, 0.45581570267677307, 0.4281924068927765, 0.214610293507576, 0.06307148188352585
547, 30, 0.4498503804206848, 0.4245198965072632, 0.2124173939228058, 0.0798085555434227
547, 31, 0.4585753381252289, 0.44173258543014526, 0.21807488799095154, 0.013434491120278835
547, 32, 0.4514642655849457, 0.44084712862968445, 0.21223244071006775, 0.013929193839430809
548, 0, 0.4522438943386078, 0.4167804718017578, -0.17824748158454895, 0.9665173292160034
548, 1, 0.45717543363571167, 0.4122803509235382, -0.18823586404323578, 0.9782560467720032
548, 2, 0.4592851996421814, 0.4127342104911804, -0.18825013935565948, 0.9808835983276367
548, 3, 0.4613899290561676, 0.413154274225235, -0.188322976231575, 0.9720058441162109
548, 4, 0.45092207193374634, 0.4107145667076111, -0.1876603662967682, 0.9751749634742737
548, 5, 0.44869691133499146, 0.4100833535194397, -0.18769529461860657, 0.9791026711463928
548, 6, 0.44647687673568726, 0.4093983471393585, -0.18773961067199707, 0.9786251187324524
548, 7, 0.46561747789382935, 0.4116631746292114, -0.1858433187007904, 0.9818190336227417
548, 8, 0.44333958625793457, 0.40315815806388855, -0.18276262283325195, 0.9762366414070129
548, 9, 0.45500221848487854, 0.4175684154033661, -0.17175661027431488, 0.9612771272659302
548, 10, 0.448103129863739, 0.41523057222366333, -0.1710565835237503, 0.9685913324356079
548, 11, 0.47557806968688965, 0.41209957003593445, -0.1365722417831421, 0.9856675863265991
548, 12, 0.4224216341972351, 0.40012046694755554, -0.14113768935203552, 0.9892433881759644
548, 13, 0.48843440413475037, 0.43265312910079956, -0.08882066607475281, 0.6263778805732727
548, 14, 0.3941650390625, 0.42755812406539917, -0.09577742964029312, 0.28438860177993774
548, 15, 0.4917422831058502, 0.45505616068840027, -0.06468156725168228, 0.4157523214817047
548, 16, 0.37850144505500793, 0.4690655469894409, -0.07244373112916946, 0.44471412897109985
548, 17, 0.4975583553314209, 0.4606949985027313, -0.06968221813440323, 0.38386836647987366
548, 18, 0.3704714775085449, 0.4772149324417114, -0.07892005890607834, 0.5467175841331482
548, 19, 0.4921840727329254, 0.4591345489025116, -0.07253719121217728, 0.38886865973472595
548, 20, 0.3778363764286041, 0.47720927000045776, -0.07861515134572983, 0.5679692625999451
548, 21, 0.488450288772583, 0.45578205585479736, -0.0649109035730362, 0.2442345768213272
548, 22, 0.3822481632232666, 0.47439897060394287, -0.07151978462934494, 0.4459341764450073
548, 23, 0.4614771902561188, 0.39862364530563354, -0.004775632172822952, 0.9997007846832275
548, 24, 0.44245225191116333, 0.3902290463447571, 0.004718613810837269, 0.9996181726455688
548, 25, 0.449126660823822, 0.43454018235206604, 0.0904276892542839, 0.028496814891695976
548, 26, 0.4306831955909729, 0.42686790227890015, 0.09383130073547363, 0.03416560962796211
548, 27, 0.4538699984550476, 0.4307114779949188, 0.21684734523296356, 0.11608892679214478
548, 28, 0.44715315103530884, 0.42910879850387573, 0.22048237919807434, 0.09166709333658218
548, 29, 0.45347461104393005, 0.4290223717689514, 0.23162047564983368, 0.07427635788917542
548, 30, 0.4500412046909332, 0.4269837737083435, 0.2342175543308258, 0.08327881991863251
548, 31, 0.45501941442489624, 0.43961161375045776, 0.23765115439891815, 0.03071860782802105
548, 32, 0.4507564902305603, 0.4414127469062805, 0.235890194773674, 0.029389744624495506
549, 0, 0.4523957371711731, 0.4224226176738739, -0.17735503613948822, 0.994570791721344
549, 1, 0.4564771056175232, 0.41926145553588867, -0.18732526898384094, 0.9957351684570312
549, 2, 0.4584747850894928, 0.4195403754711151, -0.18732495605945587, 0.996027946472168
549, 3, 0.4604718089103699, 0.41979461908340454, -0.18736618757247925, 0.9937397241592407
549, 4, 0.45047831535339355, 0.41779017448425293, -0.18610478937625885, 0.9960649609565735
549, 5, 0.4484023451805115, 0.4171687364578247, -0.18614868819713593, 0.9966292977333069
549, 6, 0.4463244378566742, 0.41650569438934326, -0.18620625138282776, 0.9963425993919373
549, 7, 0.46497005224227905, 0.41600701212882996, -0.1861841380596161, 0.9935190081596375
549, 8, 0.4432408809661865, 0.4085867702960968, -0.18074342608451843, 0.995428204536438
549, 9, 0.4553182125091553, 0.4214499592781067, -0.17142599821090698, 0.991131603717804
549, 10, 0.4490155279636383, 0.4195796847343445, -0.1699506640434265, 0.9940534234046936
549, 11, 0.47918111085891724, 0.4090060889720917, -0.140630841255188, 0.9848769903182983
549, 12, 0.42255449295043945, 0.39731886982917786, -0.13838593661785126, 0.9942343831062317
549, 13, 0.5053796172142029, 0.43253085017204285, -0.10744373500347137, 0.935899555683136
549, 14, 0.3975468575954437, 0.42366713285446167, -0.10210154950618744, 0.47142690420150757
549, 15, 0.5163761377334595, 0.4699666202068329, -0.09295647591352463, 0.8997589945793152
549, 16, 0.3744392693042755, 0.46166282892227173, -0.08670251071453094, 0.6655358076095581
549, 17, 0.5246339440345764, 0.4795267879962921, -0.10207845270633698, 0.8453630805015564
549, 18, 0.3707001209259033, 0.47559359669685364, -0.09572788327932358, 0.7075801491737366
549, 19, 0.5183945298194885, 0.4802201986312866, -0.10389764606952667, 0.8457271456718445
549, 20, 0.3734920918941498, 0.4739445149898529, -0.09525816142559052, 0.7194646596908569
549, 21, 0.5137764811515808, 0.475686252117157, -0.09329245984554291, 0.729215145111084
549, 22, 0.38221731781959534, 0.47289127111434937, -0.08616339415311813, 0.6213974952697754
549, 23, 0.4646379351615906, 0.387893408536911, -0.004399984143674374, 0.9995459914207458
549, 24, 0.4439014494419098, 0.376789927482605, 0.004261251073330641, 0.9994860887527466
549, 25, 0.45006242394447327, 0.42960280179977417, 0.09442005306482315, 0.043779563158750534
549, 26, 0.4311214089393616, 0.4197034537792206, 0.09517774730920792, 0.06112834811210632
549, 27, 0.455864816904068, 0.4293164014816284, 0.22678008675575256, 0.14575693011283875
549, 28, 0.44689130783081055, 0.4258044362068176, 0.22489961981773376, 0.08916063606739044
549, 29, 0.4559808671474457, 0.42760881781578064, 0.24194565415382385, 0.08368400484323502
549, 30, 0.4496600031852722, 0.4244022071361542, 0.23894283175468445, 0.07309528440237045
549, 31, 0.45693689584732056, 0.43924781680107117, 0.24447190761566162, 0.08042848855257034
549, 32, 0.4491289556026459, 0.43667739629745483, 0.2361009418964386, 0.04970632866024971
550, 0, 0.4501180052757263, 0.42281585931777954, -0.17550784349441528, 0.9920742511749268
550, 1, 0.4539298117160797, 0.4200917184352875, -0.1853398233652115, 0.9932399988174438
550, 2, 0.45577001571655273, 0.42053836584091187, -0.18534564971923828, 0.9932518601417542
550, 3, 0.4576120972633362, 0.4209572374820709, -0.18538101017475128, 0.9903926849365234
550, 4, 0.44838589429855347, 0.41850802302360535, -0.18431662023067474, 0.9940219521522522
550, 5, 0.44642868638038635, 0.41795045137405396, -0.1843639314174652, 0.9945684671401978
550, 6, 0.44447603821754456, 0.41736048460006714, -0.18442872166633606, 0.994312047958374
550, 7, 0.46167364716529846, 0.41832271218299866, -0.18421030044555664, 0.988192617893219
550, 8, 0.4416750967502594, 0.4107706844806671, -0.17971569299697876, 0.9915632009506226
550, 9, 0.4528267979621887, 0.4223555326461792, -0.1697494089603424, 0.9854698181152344
550, 10, 0.4469276964664459, 0.4204615354537964, -0.16855715215206146, 0.989628791809082
550, 11, 0.4744752049446106, 0.4125828146934509, -0.1434570699930191, 0.9795224666595459
550, 12, 0.4227580428123474, 0.4013667106628418, -0.13857154548168182, 0.9919915795326233
550, 13, 0.49955588579177856, 0.43843981623649597, -0.1137387752532959, 0.932203471660614
550, 14, 0.39574602246284485, 0.42602086067199707, -0.10886230319738388, 0.4299147427082062
550, 15, 0.5113617181777954, 0.4763104021549225, -0.10304976999759674, 0.8937276601791382
550, 16, 0.37701332569122314, 0.4660937786102295, -0.10060528665781021, 0.616665780544281
550, 17, 0.5195881128311157, 0.48588088154792786, -0.11256276071071625, 0.8279685974121094
550, 18, 0.3688123822212219, 0.4745260775089264, -0.11088939011096954, 0.6388649344444275
550, 19, 0.5135248899459839, 0.4869481921195984, -0.11414442956447601, 0.8310943245887756
550, 20, 0.3753471374511719, 0.4750167727470398, -0.11012931168079376, 0.6526243090629578
550, 21, 0.5089290738105774, 0.4824502766132355, -0.10334698855876923, 0.6857064962387085
550, 22, 0.37984132766723633, 0.4721279442310333, -0.10029371082782745, 0.5312305092811584
550, 23, 0.46278706192970276, 0.3840368092060089, -0.005595851223915815, 0.999305248260498
550, 24, 0.4447847306728363, 0.37540850043296814, 0.005417752545326948, 0.999290943145752
550, 25, 0.4490118622779846, 0.42369794845581055, 0.09395535290241241, 0.020844506099820137
550, 26, 0.43211913108825684, 0.41634035110473633, 0.09510164707899094, 0.03460342437028885
550, 27, 0.454705148935318, 0.4280076026916504, 0.22291672229766846, 0.08976686000823975
550, 28, 0.44815486669540405, 0.42549997568130493, 0.22104096412658691, 0.05650724470615387
550, 29, 0.45435625314712524, 0.42785021662712097, 0.2376960813999176, 0.059385400265455246
550, 30, 0.45061975717544556, 0.425009161233902, 0.23454232513904572, 0.057122331112623215
550, 31, 0.45696425437927246, 0.4366217255592346, 0.23924687504768372, 0.043863262981176376
550, 32, 0.4518166482448578, 0.43542319536209106, 0.23047104477882385, 0.030906792730093002
551, 0, 0.4526105523109436, 0.4107893109321594, -0.20445255935192108, 0.940216600894928
551, 1, 0.4557446837425232, 0.41042688488960266, -0.21357443928718567, 0.9756375551223755
551, 2, 0.45678481459617615, 0.41116684675216675, -0.21358652412891388, 0.9753422141075134
551, 3, 0.4578275680541992, 0.4118885397911072, -0.2136538028717041, 0.969515323638916
551, 4, 0.4520169794559479, 0.40826624631881714, -0.21198686957359314, 0.9704446792602539
551, 5, 0.4506455063819885, 0.4075077772140503, -0.21203890442848206, 0.9725292921066284
551, 6, 0.44928106665611267, 0.4067207872867584, -0.21207275986671448, 0.9726908206939697
551, 7, 0.4594511389732361, 0.41102778911590576, -0.2064172774553299, 0.9798949360847473
551, 8, 0.44649115204811096, 0.4021061062812805, -0.19936110079288483, 0.9797288775444031
551, 9, 0.4534149169921875, 0.410963773727417, -0.19646055996418, 0.956244170665741
551, 10, 0.44963353872299194, 0.40813302993774414, -0.19463646411895752, 0.9666088819503784
551, 11, 0.4612685739994049, 0.4119970500469208, -0.1481759399175644, 0.9891411066055298
551, 12, 0.43289652466773987, 0.3953225016593933, -0.1484493762254715, 0.9936814308166504
551, 13, 0.46739882230758667, 0.4154941439628601, -0.08845645189285278, 0.05140475556254387
551, 14, 0.4094077944755554, 0.42189234495162964, -0.0881265327334404, 0.2816382944583893
551, 15, 0.4715171754360199, 0.4101826250553131, -0.0606241337954998, 0.05730333551764488
551, 16, 0.39575743675231934, 0.4504883289337158, -0.05668158456683159, 0.374472975730896
551, 17, 0.4741833209991455, 0.41037532687187195, -0.06457564234733582, 0.07539551705121994
551, 18, 0.39003852009773254, 0.45752033591270447, -0.06202191114425659, 0.4525909125804901
551, 19, 0.4708879590034485, 0.4087979197502136, -0.07009069621562958, 0.08260121196508408
551, 20, 0.39418885111808777, 0.458984911441803, -0.06288418918848038, 0.4794312119483948
551, 21, 0.46930041909217834, 0.4078368842601776, -0.06176723167300224, 0.06214788556098938
551, 22, 0.3971109092235565, 0.4565375745296478, -0.05607510358095169, 0.3317061960697174
551, 23, 0.45673710107803345, 0.38195255398750305, -0.00515828188508749, 0.9996860027313232
551, 24, 0.44980311393737793, 0.3734267055988312, 0.005144225433468819, 0.9998348951339722
551, 25, 0.44383496046066284, 0.4103468656539917, 0.0997316762804985, 0.019917700439691544
551, 26, 0.435283362865448, 0.40655115246772766, 0.10251104831695557, 0.02338472194969654
551, 27, 0.45247191190719604, 0.4154295325279236, 0.23935656249523163, 0.045958586037158966
551, 28, 0.451693058013916, 0.41380131244659424, 0.2383258044719696, 0.04650842770934105
551, 29, 0.45209676027297974, 0.4184103310108185, 0.25508132576942444, 0.05084441602230072
551, 30, 0.45422324538230896, 0.4170958995819092, 0.2524603605270386, 0.048502661287784576
551, 31, 0.4536142945289612, 0.41010066866874695, 0.25569871068000793, 0.03749532997608185
551, 32, 0.4539443552494049, 0.40981319546699524, 0.24805064499378204, 0.029007727280259132
552, 0, 0.45253053307533264, 0.4097089171409607, -0.21529635787010193, 0.9604659676551819
552, 1, 0.4562799334526062, 0.4088447690010071, -0.22349019348621368, 0.9833061099052429
552, 2, 0.45741310715675354, 0.40979355573654175, -0.22349555790424347, 0.9815965294837952
552, 3, 0.4585421681404114, 0.4107142686843872, -0.22355881333351135, 0.9796517491340637
552, 4, 0.45245710015296936, 0.40618327260017395, -0.22263571619987488, 0.9784929156303406
552, 5, 0.4511186480522156, 0.40529313683509827, -0.22267946600914001, 0.9778652191162109
552, 6, 0.4497857987880707, 0.4043884575366974, -0.22270095348358154, 0.9798214435577393
552, 7, 0.46045130491256714, 0.4105704128742218, -0.2113967388868332, 0.985926628112793
552, 8, 0.44724494218826294, 0.40015581250190735, -0.2076597511768341, 0.9839662909507751
552, 9, 0.45324835181236267, 0.41096580028533936, -0.2055172473192215, 0.9747728705406189
552, 10, 0.4493423402309418, 0.4075223207473755, -0.2046690285205841, 0.9808868169784546
552, 11, 0.461094468832016, 0.41386646032333374, -0.15087328851222992, 0.994082510471344
552, 12, 0.4336903691291809, 0.3953092396259308, -0.15466873347759247, 0.9951677322387695
552, 13, 0.4622841477394104, 0.41760605573654175, -0.09057140350341797, 0.057927414774894714
552, 14, 0.4090256690979004, 0.42639923095703125, -0.09961269795894623, 0.3098635971546173
552, 15, 0.46249526739120483, 0.40853357315063477, -0.06733661890029907, 0.05341258645057678
552, 16, 0.3946044445037842, 0.4550420045852661, -0.0730980634689331, 0.3745401203632355
552, 17, 0.46396249532699585, 0.40854886174201965, -0.07216185331344604, 0.06605264544487
552, 18, 0.3887132704257965, 0.46241721510887146, -0.0806545615196228, 0.4234549105167389
552, 19, 0.46111002564430237, 0.4059469997882843, -0.0788508802652359, 0.07243894040584564
552, 20, 0.3931702971458435, 0.463467538356781, -0.08089034259319305, 0.4450500011444092
552, 21, 0.45996731519699097, 0.40499117970466614, -0.0691966563463211, 0.05754067376255989
552, 22, 0.39612501859664917, 0.4606916308403015, -0.0724765881896019, 0.31365832686424255
552, 23, 0.4576014578342438, 0.3829345703125, -0.006082767155021429, 0.9996681213378906
552, 24, 0.44988709688186646, 0.3725905418395996, 0.006089602597057819, 0.9998574256896973
552, 25, 0.44449514150619507, 0.41584908962249756, 0.09890753030776978, 0.036163330078125
552, 26, 0.4362281858921051, 0.40641987323760986, 0.10005196183919907, 0.03575398027896881
552, 27, 0.45426470041275024, 0.42514392733573914, 0.2392384558916092, 0.043700844049453735
552, 28, 0.4563754200935364, 0.4229344129562378, 0.23628230392932892, 0.050118833780288696
552, 29, 0.4542357921600342, 0.4284608066082001, 0.2549298107624054, 0.03972741588950157
552, 30, 0.4594716429710388, 0.4269661009311676, 0.2505764067173004, 0.04140838235616684
552, 31, 0.4555475115776062, 0.4229707419872284, 0.2540973722934723, 0.04709082096815109
552, 32, 0.4600587785243988, 0.42484793066978455, 0.24490495026111603, 0.0407118983566761
553, 0, 0.44553861021995544, 0.41619327664375305, 0.06644287705421448, 0.8238711953163147
553, 1, 0.44309180974960327, 0.41701164841651917, 0.07179950922727585, 0.7714825868606567
553, 2, 0.4421306550502777, 0.4163088798522949, 0.071781225502491, 0.8018962740898132
553, 3, 0.4411654472351074, 0.415532648563385, 0.07168377190828323, 0.7399685978889465
553, 4, 0.44637030363082886, 0.41953516006469727, 0.0725262314081192, 0.6832817196846008
553, 5, 0.4473492503166199, 0.4201841652393341, 0.07256386429071426, 0.6885859966278076
553, 6, 0.4482986330986023, 0.42074623703956604, 0.07252737879753113, 0.6247298717498779
553, 7, 0.4387868344783783, 0.41236889362335205, 0.097357377409935, 0.7232357859611511
553, 8, 0.45032018423080444, 0.42170023918151855, 0.10144064575433731, 0.6689699292182922
553, 9, 0.444139301776886, 0.41243603825569153, 0.07660988718271255, 0.7126948237419128
553, 10, 0.44766220450401306, 0.4147609770298004, 0.07767672091722488, 0.7168862223625183
553, 11, 0.42738810181617737, 0.39939481019973755, 0.09176672995090485, 0.9988613128662109
553, 12, 0.4578339159488678, 0.4226362407207489, 0.10409121215343475, 0.9988794922828674
553, 13, 0.3978061079978943, 0.40359336137771606, 0.05624959617853165, 0.45352229475975037
553, 14, 0.47308722138404846, 0.43708717823028564, 0.09386429935693741, 0.008019231259822845
553, 15, 0.3747938573360443, 0.44975122809410095, 0.02522367611527443, 0.6323990821838379
553, 16, 0.47685033082962036, 0.45020025968551636, 0.06917885690927505, 0.23139560222625732
553, 17, 0.3713265657424927, 0.4629681408405304, 0.019943060353398323, 0.5706592798233032
553, 18, 0.4783955514431, 0.45708534121513367, 0.06758046895265579, 0.36998629570007324
553, 19, 0.3734091520309448, 0.4654613435268402, 0.022035973146557808, 0.5461849570274353
553, 20, 0.47541937232017517, 0.45772504806518555, 0.06669062376022339, 0.3556193709373474
553, 21, 0.37665829062461853, 0.4564306139945984, 0.025483299046754837, 0.495574414730072
553, 22, 0.47416001558303833, 0.45518332719802856, 0.06894729286432266, 0.34351709485054016
553, 23, 0.44252675771713257, 0.3702109754085541, -0.00415572477504611, 0.9998384714126587
553, 24, 0.46123749017715454, 0.38305243849754333, 0.004111884161829948, 0.9999048709869385
553, 25, 0.42731839418411255, 0.41481125354766846, -0.016564620658755302, 0.48875781893730164
553, 26, 0.45329076051712036, 0.4421304166316986, 0.015267932787537575, 0.31688082218170166
553, 27, 0.41537410020828247, 0.4293704032897949, -0.03908851370215416, 0.013814755715429783
553, 28, 0.4337281584739685, 0.44090932607650757, -0.00718143442645669, 0.03288452699780464
553, 29, 0.417201429605484, 0.42298319935798645, -0.03971608355641365, 0.24975335597991943
553, 30, 0.4315285086631775, 0.42719632387161255, -0.007913422770798206, 0.3244205117225647
553, 31, 0.4079491198062897, 0.4562012255191803, -0.05580170080065727, 0.15169470012187958
553, 32, 0.4256367087364197, 0.46833065152168274, -0.022110505029559135, 0.1370387226343155
554, 0, 0.45403558015823364, 0.3974173963069916, -0.23447534441947937, 0.99808669090271
554, 1, 0.4498675465583801, 0.4016938805580139, -0.24357585608959198, 0.998534083366394
554, 2, 0.44811564683914185, 0.40139973163604736, -0.24357202649116516, 0.998561680316925
554, 3, 0.44637688994407654, 0.4010741412639618, -0.2436203509569168, 0.9982353448867798
554, 4, 0.4546329081058502, 0.4043418765068054, -0.2422265261411667, 0.9989762306213379
554, 5, 0.455772340297699, 0.405134379863739, -0.2422902137041092, 0.9990911483764648
554, 6, 0.4569079279899597, 0.40585485100746155, -0.24232125282287598, 0.9987190961837769
554, 7, 0.44103002548217773, 0.4040619432926178, -0.23367437720298767, 0.9986842274665833
554, 8, 0.457083523273468, 0.41132214665412903, -0.22814813256263733, 0.9997625946998596
554, 9, 0.45149773359298706, 0.39442893862724304, -0.22459301352500916, 0.9978318810462952
554, 10, 0.4555479884147644, 0.3958335518836975, -0.2233056128025055, 0.9984880685806274
554, 11, 0.42547446489334106, 0.4078595042228699, -0.18034617602825165, 0.9996657371520996
554, 12, 0.465526282787323, 0.41959109902381897, -0.17431053519248962, 0.9994964599609375
554, 13, 0.39767545461654663, 0.42961227893829346, -0.13906767964363098, 0.6433973908424377
554, 14, 0.46994298696517944, 0.43452751636505127, -0.10626073181629181, 0.10678786784410477
554, 15, 0.38020583987236023, 0.45072656869888306, -0.13457247614860535, 0.8604112863540649
554, 16, 0.4725514054298401, 0.41111892461776733, -0.07680794596672058, 0.13689565658569336
554, 17, 0.3808485269546509, 0.4525527060031891, -0.14498364925384521, 0.7977582216262817
554, 18, 0.47746285796165466, 0.4116685688495636, -0.08246947079896927, 0.15042708814144135
554, 19, 0.3787117302417755, 0.45923054218292236, -0.14948253333568573, 0.8222787976264954
554, 20, 0.4701988101005554, 0.4073594808578491, -0.08677520602941513, 0.1403026133775711
554, 21, 0.38974106311798096, 0.45187491178512573, -0.13627056777477264, 0.7449961304664612
554, 22, 0.4674868583679199, 0.40636008977890015, -0.07759716361761093, 0.11987528949975967
554, 23, 0.44438686966896057, 0.38417744636535645, -0.003489819820970297, 0.999530553817749
554, 24, 0.465876966714859, 0.4015415906906128, 0.003594986628741026, 0.9997313618659973
554, 25, 0.44092053174972534, 0.42022836208343506, 0.12547405064105988, 0.060967933386564255
554, 26, 0.46297135949134827, 0.4398927390575409, 0.13092273473739624, 0.012846708297729492
554, 27, 0.4502766728401184, 0.4461413025856018, 0.27365753054618835, 0.07302667200565338
554, 28, 0.47991904616355896, 0.4759681224822998, 0.27471330761909485, 0.03072703443467617
554, 29, 0.45230498909950256, 0.45337849855422974, 0.2899898290634155, 0.09095987677574158
554, 30, 0.4807247519493103, 0.48098644614219666, 0.28955477476119995, 0.035561271011829376
554, 31, 0.4532933831214905, 0.4454953074455261, 0.2795075476169586, 0.08870400488376617
554, 32, 0.48551487922668457, 0.47899940609931946, 0.2776277959346771, 0.04430321231484413
555, 0, 0.4525778889656067, 0.403300017118454, -0.21566346287727356, 0.9986461997032166
555, 1, 0.44832199811935425, 0.40734103322029114, -0.22335222363471985, 0.9988582134246826
555, 2, 0.4465769827365875, 0.40706294775009155, -0.22335565090179443, 0.9990488886833191
555, 3, 0.4448469579219818, 0.40674158930778503, -0.2234167754650116, 0.9986827969551086
555, 4, 0.4532150328159332, 0.4100014269351959, -0.2231203019618988, 0.9991757273674011
555, 5, 0.45437613129615784, 0.4107440412044525, -0.2231833040714264, 0.9994131326675415
555, 6, 0.45553022623062134, 0.41139981150627136, -0.22321569919586182, 0.9990177154541016
555, 7, 0.4398955702781677, 0.4094213843345642, -0.2113894671201706, 0.9989738464355469
555, 8, 0.45611435174942017, 0.4166235327720642, -0.21053698658943176, 0.9998200535774231
555, 9, 0.4502869248390198, 0.40031224489212036, -0.2055768072605133, 0.9979593753814697
555, 10, 0.45443448424339294, 0.4016806185245514, -0.20564565062522888, 0.9985424280166626
555, 11, 0.4233218729496002, 0.4098663628101349, -0.16305944323539734, 0.999640703201294
555, 12, 0.4665295481681824, 0.4245985150337219, -0.16144150495529175, 0.9992475509643555
555, 13, 0.3934689462184906, 0.42417895793914795, -0.13200820982456207, 0.6551184058189392
555, 14, 0.47230249643325806, 0.43869778513908386, -0.09895724803209305, 0.10039453953504562
555, 15, 0.37889623641967773, 0.4507441520690918, -0.13630910217761993, 0.8518908023834229
555, 16, 0.4719926714897156, 0.4182033836841583, -0.06911460310220718, 0.1354837566614151
555, 17, 0.37574973702430725, 0.45260873436927795, -0.1459394246339798, 0.7809846997261047
555, 18, 0.47598403692245483, 0.4202987551689148, -0.07390854507684708, 0.15139183402061462
555, 19, 0.3804043233394623, 0.4554802477359772, -0.14977385103702545, 0.8068285584449768
555, 20, 0.4692758619785309, 0.41643762588500977, -0.07651213556528091, 0.1407471001148224
555, 21, 0.3848384916782379, 0.45224136114120483, -0.13799740374088287, 0.734662652015686
555, 22, 0.4669865071773529, 0.41478610038757324, -0.06917921453714371, 0.11676855385303497
555, 23, 0.4436976909637451, 0.3832305073738098, -0.005146256182342768, 0.9993849992752075
555, 24, 0.4676266610622406, 0.40221649408340454, 0.005234008189290762, 0.9996563196182251
555, 25, 0.4436270594596863, 0.41907137632369995, 0.11126885563135147, 0.06603429466485977
555, 26, 0.46931275725364685, 0.4419749677181244, 0.11126800626516342, 0.011645697988569736
555, 27, 0.45473727583885193, 0.4478185772895813, 0.24521319568157196, 0.09267989546060562
555, 28, 0.4929918348789215, 0.48726725578308105, 0.23190930485725403, 0.03819293528795242
555, 29, 0.45655736327171326, 0.4556393027305603, 0.2603038549423218, 0.09437015652656555
555, 30, 0.49485307931900024, 0.4929671287536621, 0.2445213794708252, 0.044338520616292953
555, 31, 0.45994219183921814, 0.4496438205242157, 0.25123706459999084, 0.08455821126699448
555, 32, 0.49982112646102905, 0.4952062964439392, 0.232914537191391, 0.04414638504385948
556, 0, 0.44494113326072693, 0.3968812823295593, -0.2559860348701477, 0.9992189407348633
556, 1, 0.44347792863845825, 0.4004307985305786, -0.26215872168540955, 0.9997486472129822
556, 2, 0.44270867109298706, 0.40097156167030334, -0.26217013597488403, 0.9997325539588928
556, 3, 0.4419500231742859, 0.4014805257320404, -0.2622307240962982, 0.9997147917747498
556, 4, 0.4459027647972107, 0.40011855959892273, -0.26224666833877563, 0.9997116923332214
556, 5, 0.44654375314712524, 0.40012499690055847, -0.26229768991470337, 0.9996498823165894
556, 6, 0.4471800923347473, 0.40010038018226624, -0.26230254769325256, 0.999503493309021
556, 7, 0.4397985339164734, 0.40504345297813416, -0.2376026213169098, 0.9998475313186646
556, 8, 0.4478326439857483, 0.4031306803226471, -0.23829026520252228, 0.9999260902404785
556, 9, 0.4436267912387848, 0.39673393964767456, -0.24061894416809082, 0.9997062087059021
556, 10, 0.44550150632858276, 0.3956749439239502, -0.24102671444416046, 0.9996381998062134
556, 11, 0.43280571699142456, 0.41245537996292114, -0.1789456605911255, 0.9999380111694336
556, 12, 0.4528898596763611, 0.4080328345298767, -0.1794818639755249, 0.9991127848625183
556, 13, 0.41492754220962524, 0.4341392517089844, -0.15822672843933105, 0.9580161571502686
556, 14, 0.45911282300949097, 0.42913228273391724, -0.13618330657482147, 0.6765539050102234
556, 15, 0.40956467390060425, 0.4553784728050232, -0.18113796412944794, 0.9805541038513184
556, 16, 0.46076101064682007, 0.42975103855133057, -0.12795059382915497, 0.2912885248661041
556, 17, 0.4061945974826813, 0.46429717540740967, -0.19902974367141724, 0.9596247673034668
556, 18, 0.4623265862464905, 0.43336108326911926, -0.14000557363033295, 0.21419139206409454
556, 19, 0.40785542130470276, 0.46544238924980164, -0.20504477620124817, 0.9610472917556763
556, 20, 0.4594271779060364, 0.4304172396659851, -0.14446896314620972, 0.20825140178203583
556, 21, 0.40966930985450745, 0.46153122186660767, -0.18485364317893982, 0.9051644802093506
556, 22, 0.45809870958328247, 0.42877933382987976, -0.1299159824848175, 0.17090292274951935
556, 23, 0.44347506761550903, 0.38703566789627075, -7.056010417727521e-06, 0.9995884299278259
556, 24, 0.45437130331993103, 0.39124640822410583, 0.00015094982518348843, 0.999142050743103
556, 25, 0.4389194846153259, 0.4162968397140503, 0.11944570392370224, 0.06848157942295074
556, 26, 0.44817113876342773, 0.4211776852607727, 0.12467078119516373, 0.037693146616220474
556, 27, 0.44235023856163025, 0.42466461658477783, 0.2766442596912384, 0.046960245817899704
556, 28, 0.4496888220310211, 0.430783748626709, 0.2821824848651886, 0.015614899806678295
556, 29, 0.4433744549751282, 0.428451269865036, 0.29328376054763794, 0.06298459321260452
556, 30, 0.44832760095596313, 0.43351083993911743, 0.2984776794910431, 0.019441356882452965
556, 31, 0.44151005148887634, 0.4231608808040619, 0.2807745635509491, 0.05813237652182579
556, 32, 0.45083221793174744, 0.42919185757637024, 0.2863727807998657, 0.02083766460418701
557, 0, 0.45006728172302246, 0.413316547870636, -0.19520816206932068, 0.9899622201919556
557, 1, 0.45087188482284546, 0.41515713930130005, -0.1994747519493103, 0.9967895150184631
557, 2, 0.4507826864719391, 0.4159672260284424, -0.19951538741588593, 0.996100902557373
557, 3, 0.45069652795791626, 0.4167191684246063, -0.1996476650238037, 0.9975106716156006
557, 4, 0.451289564371109, 0.4139348864555359, -0.2009122371673584, 0.9961547255516052
557, 5, 0.45136651396751404, 0.413425475358963, -0.20093795657157898, 0.9943946599960327
557, 6, 0.45143061876296997, 0.4128769040107727, -0.20092515647411346, 0.9949855804443359
557, 7, 0.45056790113449097, 0.4184466600418091, -0.1812693327665329, 0.9966398477554321
557, 8, 0.4521217346191406, 0.41249337792396545, -0.18657799065113068, 0.9964572787284851
557, 9, 0.44933992624282837, 0.41307953000068665, -0.18356581032276154, 0.9936237335205078
557, 10, 0.44940465688705444, 0.4107217490673065, -0.18538740277290344, 0.990691602230072
557, 11, 0.44228023290634155, 0.4237380027770996, -0.13386178016662598, 0.9972012042999268
557, 12, 0.4516758918762207, 0.41239866614341736, -0.15125428140163422, 0.9869345426559448
557, 13, 0.40666279196739197, 0.4486773908138275, -0.11313484609127045, 0.7667278051376343
557, 14, 0.4291391968727112, 0.4485001862049103, -0.10969579219818115, 0.4270906150341034
557, 15, 0.3771219253540039, 0.4693581163883209, -0.13586197793483734, 0.6750246286392212
557, 16, 0.41376739740371704, 0.490159273147583, -0.09904646128416061, 0.44264477491378784
557, 17, 0.372373104095459, 0.4807248115539551, -0.14965586364269257, 0.5312953591346741
557, 18, 0.4091421067714691, 0.5059065818786621, -0.11553703248500824, 0.3392752408981323
557, 19, 0.37207502126693726, 0.47543537616729736, -0.16043660044670105, 0.5843623280525208
557, 20, 0.411848783493042, 0.5042983889579773, -0.11414261162281036, 0.3706502318382263
557, 21, 0.375516414642334, 0.4688996970653534, -0.14174950122833252, 0.5276218056678772
557, 22, 0.41250839829444885, 0.49755531549453735, -0.09947410970926285, 0.3408280611038208
557, 23, 0.45395904779434204, 0.3890756070613861, -0.003496198682114482, 0.9997479319572449
557, 24, 0.4570131301879883, 0.38568687438964844, 0.0036387783475220203, 0.9998058676719666
557, 25, 0.44649451971054077, 0.43347108364105225, 0.09158840775489807, 0.18668977916240692
557, 26, 0.44043880701065063, 0.42886072397232056, 0.09757232666015625, 0.06427925825119019
557, 27, 0.45421314239501953, 0.44095510244369507, 0.22835871577262878, 0.07368059456348419
557, 28, 0.45569896697998047, 0.4400544762611389, 0.22810456156730652, 0.045554615557193756
557, 29, 0.4545285701751709, 0.4414996802806854, 0.24375323951244354, 0.05446776747703552
557, 30, 0.4568018317222595, 0.4413149952888489, 0.24164262413978577, 0.038880690932273865
557, 31, 0.45551785826683044, 0.4507283568382263, 0.2394701987504959, 0.10421831160783768
557, 32, 0.45964065194129944, 0.4474705457687378, 0.23595258593559265, 0.07295846939086914
558, 0, 0.4463490843772888, 0.432618111371994, -0.18939125537872314, 0.9768075942993164
558, 1, 0.45063790678977966, 0.4299902617931366, -0.19931386411190033, 0.9783416986465454
558, 2, 0.4528432786464691, 0.4307209849357605, -0.19932053983211517, 0.9797652363777161
558, 3, 0.45504599809646606, 0.4314078390598297, -0.1993759721517563, 0.9670393466949463
558, 4, 0.44402584433555603, 0.4268988370895386, -0.19890624284744263, 0.9824928045272827
558, 5, 0.4417911171913147, 0.42565780878067017, -0.19897237420082092, 0.986788809299469
558, 6, 0.4395526945590973, 0.42438578605651855, -0.19904206693172455, 0.9858808517456055
558, 7, 0.4603678584098816, 0.4269315004348755, -0.19617199897766113, 0.9653325080871582
558, 8, 0.4365968704223633, 0.4141421318054199, -0.19396816194057465, 0.9854139089584351
558, 9, 0.4500252306461334, 0.43155887722969055, -0.18256740272045135, 0.9700393080711365
558, 10, 0.44304972887039185, 0.4279249906539917, -0.1820538341999054, 0.9792042970657349
558, 11, 0.4759431481361389, 0.41689950227737427, -0.14624649286270142, 0.9743399620056152
558, 12, 0.41851168870925903, 0.3984812796115875, -0.15334701538085938, 0.9939444661140442
558, 13, 0.4970501959323883, 0.42920631170272827, -0.10564682632684708, 0.7249223589897156
558, 14, 0.3891201615333557, 0.41499388217926025, -0.10634060204029083, 0.6759754419326782
558, 15, 0.5057705044746399, 0.45650985836982727, -0.08881968259811401, 0.6880735158920288
558, 16, 0.37675923109054565, 0.4725951850414276, -0.07620388269424438, 0.8620538711547852
558, 17, 0.5136450529098511, 0.4623519778251648, -0.09798168390989304, 0.6466531157493591
558, 18, 0.3690134286880493, 0.482848584651947, -0.08488927036523819, 0.8882784843444824
558, 19, 0.507667601108551, 0.4617435336112976, -0.10134251415729523, 0.6444805860519409
558, 20, 0.37432000041007996, 0.48600316047668457, -0.08739820867776871, 0.8924607634544373
558, 21, 0.5032320618629456, 0.4585202932357788, -0.08996371924877167, 0.49286866188049316
558, 22, 0.3811911344528198, 0.48032352328300476, -0.07642831653356552, 0.8422232866287231
558, 23, 0.46612733602523804, 0.3829103112220764, -0.002433205721899867, 0.9988773465156555
558, 24, 0.44418567419052124, 0.37213248014450073, 0.002356497570872307, 0.9988935589790344
558, 25, 0.4558199942111969, 0.43558770418167114, 0.09883980453014374, 0.03871111571788788
558, 26, 0.43113240599632263, 0.4307418763637543, 0.09353902190923691, 0.08454833924770355
558, 27, 0.45959964394569397, 0.43666186928749084, 0.23884043097496033, 0.1005968526005745
558, 28, 0.44692525267601013, 0.43492263555526733, 0.2326652556657791, 0.08159304410219193
558, 29, 0.45949095487594604, 0.4338019788265228, 0.2549060881137848, 0.06765278428792953
558, 30, 0.44982680678367615, 0.4321267902851105, 0.24804894626140594, 0.06157348304986954
558, 31, 0.45977410674095154, 0.4500042498111725, 0.25815677642822266, 0.053256016224622726
558, 32, 0.44901543855667114, 0.4485528767108917, 0.24753479659557343, 0.042003605514764786
559, 0, 0.44560712575912476, 0.42560073733329773, -0.21579769253730774, 0.9218882918357849
559, 1, 0.450752317905426, 0.42237675189971924, -0.22242708504199982, 0.9423545002937317
559, 2, 0.45266810059547424, 0.4236944913864136, -0.2224378138780594, 0.9383563995361328
559, 3, 0.4545730650424957, 0.4249732494354248, -0.22250738739967346, 0.9243487119674683
559, 4, 0.44526514410972595, 0.4181869626045227, -0.22272035479545593, 0.9461892247200012
559, 5, 0.44345349073410034, 0.4166410565376282, -0.2227628231048584, 0.9522215127944946
559, 6, 0.44164425134658813, 0.41509851813316345, -0.222788006067276, 0.9542780518531799
559, 7, 0.4595711827278137, 0.42422622442245483, -0.2042212188243866, 0.9469363689422607
559, 8, 0.4401703476905823, 0.4080609977245331, -0.20536383986473083, 0.9643401503562927
559, 9, 0.4484718441963196, 0.42798125743865967, -0.20374026894569397, 0.9304790496826172
559, 10, 0.4425179362297058, 0.423094779253006, -0.2042551040649414, 0.9381017088890076
559, 11, 0.4660160541534424, 0.42954152822494507, -0.14422422647476196, 0.9781810641288757
559, 12, 0.42748475074768066, 0.3988194465637207, -0.15550348162651062, 0.9907101988792419
559, 13, 0.4617261290550232, 0.4404546618461609, -0.08487041294574738, 0.14272411167621613
559, 14, 0.39887478947639465, 0.4290253221988678, -0.10384310781955719, 0.6846336722373962
559, 15, 0.46031704545021057, 0.45336535573005676, -0.06900327652692795, 0.10512390732765198
559, 16, 0.3836117386817932, 0.4768008887767792, -0.07394123822450638, 0.8002112507820129
559, 17, 0.464437872171402, 0.4586920142173767, -0.07606986910104752, 0.12506341934204102
559, 18, 0.3763829469680786, 0.48630663752555847, -0.08343521505594254, 0.8120688796043396
559, 19, 0.46000558137893677, 0.45358213782310486, -0.08143742382526398, 0.13377730548381805
559, 20, 0.38377249240875244, 0.48805755376815796, -0.08539023995399475, 0.8288294076919556
559, 21, 0.45724600553512573, 0.4501407742500305, -0.07073824107646942, 0.10439170151948929
559, 22, 0.387550413608551, 0.485517680644989, -0.07422873377799988, 0.7478967308998108
559, 23, 0.4638754725456238, 0.38459569215774536, -0.0019484234508126974, 0.9988895058631897
559, 24, 0.44963255524635315, 0.36938920617103577, 0.0019702056888490915, 0.9994199275970459
559, 25, 0.4517534375190735, 0.42709028720855713, 0.10512185096740723, 0.03615463897585869
559, 26, 0.43317312002182007, 0.4209784269332886, 0.09769239276647568, 0.06265623867511749
559, 27, 0.45965471863746643, 0.42867225408554077, 0.25504693388938904, 0.03571610525250435
559, 28, 0.4512574076652527, 0.41786688566207886, 0.248955637216568, 0.04721400886774063
559, 29, 0.46074795722961426, 0.42852330207824707, 0.2723377048969269, 0.02999584749341011
559, 30, 0.45509567856788635, 0.41778993606567383, 0.2656453549861908, 0.03704247623682022
559, 31, 0.4567503035068512, 0.43275731801986694, 0.2759360671043396, 0.03224894031882286
559, 32, 0.4509414732456207, 0.42035964131355286, 0.2678365111351013, 0.028565790504217148
560, 0, 0.45170944929122925, 0.3963727355003357, -0.22030791640281677, 0.9936652183532715
560, 1, 0.45202961564064026, 0.3977718651294708, -0.22556886076927185, 0.9978479146957397
560, 2, 0.45176130533218384, 0.3986780047416687, -0.2256004512310028, 0.9975403547286987
560, 3, 0.4514874517917633, 0.3995313346385956, -0.22571007907390594, 0.9981587529182434
560, 4, 0.453058660030365, 0.3964848518371582, -0.22738881409168243, 0.9977163076400757
560, 5, 0.4532575011253357, 0.39599379897117615, -0.22743728756904602, 0.9972358345985413
560, 6, 0.4534436762332916, 0.395452618598938, -0.22743907570838928, 0.9972291588783264
560, 7, 0.4501626491546631, 0.402738094329834, -0.20385071635246277, 0.998013973236084
560, 8, 0.453730046749115, 0.39703768491744995, -0.2117653340101242, 0.9988201260566711
560, 9, 0.4505895674228668, 0.39775988459587097, -0.20656535029411316, 0.9961586594581604
560, 10, 0.4509948790073395, 0.39524197578430176, -0.20922143757343292, 0.9951937794685364
560, 11, 0.43916916847229004, 0.4131247103214264, -0.14773693680763245, 0.9980996251106262
560, 12, 0.4539754390716553, 0.4027306139469147, -0.16455432772636414, 0.995855987071991
560, 13, 0.4047827124595642, 0.44661661982536316, -0.11490996181964874, 0.7612506747245789
560, 14, 0.4324546754360199, 0.4402628540992737, -0.11193113029003143, 0.74647057056427
560, 15, 0.3851182460784912, 0.4665564298629761, -0.13693904876708984, 0.8106412291526794
560, 16, 0.42514246702194214, 0.4680500328540802, -0.0955997109413147, 0.6803737282752991
560, 17, 0.37804821133613586, 0.4780462980270386, -0.15112262964248657, 0.6822677254676819
560, 18, 0.42352765798568726, 0.47924190759658813, -0.10982029139995575, 0.528972327709198
560, 19, 0.37917447090148926, 0.47397610545158386, -0.16039752960205078, 0.7332555055618286
560, 20, 0.42445141077041626, 0.47625404596328735, -0.1098632961511612, 0.5432754158973694
560, 21, 0.38249701261520386, 0.4686692953109741, -0.14201880991458893, 0.6523933410644531
560, 22, 0.4241042733192444, 0.47128546237945557, -0.09586340188980103, 0.4767412841320038
560, 23, 0.4501078724861145, 0.3904324471950531, -0.0014059533132240176, 0.9998754262924194
560, 24, 0.45618754625320435, 0.3908136487007141, 0.0015237195184454322, 0.9999067783355713
560, 25, 0.4461389482021332, 0.42713600397109985, 0.10944793373346329, 0.17208662629127502
560, 26, 0.4428700804710388, 0.4277152717113495, 0.11205806583166122, 0.08302272856235504
560, 27, 0.45382577180862427, 0.4295455813407898, 0.26091161370277405, 0.05620722472667694
560, 28, 0.4563933312892914, 0.4328615963459015, 0.25788554549217224, 0.04706931114196777
560, 29, 0.4542786180973053, 0.43073806166648865, 0.2779255509376526, 0.05274541676044464
560, 30, 0.45667657256126404, 0.4340933859348297, 0.27308616042137146, 0.04574288800358772
560, 31, 0.4558948874473572, 0.43510961532592773, 0.2731423079967499, 0.07743686437606812
560, 32, 0.4595831036567688, 0.4339062571525574, 0.26680201292037964, 0.0685415118932724
561, 0, 0.4539095461368561, 0.38807347416877747, -0.21997156739234924, 0.9834222197532654
561, 1, 0.4511924684047699, 0.3913264274597168, -0.228419229388237, 0.9936205744743347
561, 2, 0.44974175095558167, 0.39134058356285095, -0.2284458875656128, 0.9946900606155396
561, 3, 0.4483085572719574, 0.39133164286613464, -0.22852852940559387, 0.9947701096534729
561, 4, 0.45553502440452576, 0.39363470673561096, -0.22922036051750183, 0.9931917786598206
561, 5, 0.4566372334957123, 0.3944566547870636, -0.22928014397621155, 0.994030237197876
561, 6, 0.45774024724960327, 0.3952285349369049, -0.22929206490516663, 0.9913671612739563
561, 7, 0.44379162788391113, 0.3962574899196625, -0.21475908160209656, 0.9966457486152649
561, 8, 0.4585949778556824, 0.4027266502380371, -0.21866461634635925, 0.9979780316352844
561, 9, 0.45121216773986816, 0.38792261481285095, -0.2083563357591629, 0.987877607345581
561, 10, 0.4547869563102722, 0.3888244330883026, -0.2097911387681961, 0.9832982420921326
561, 11, 0.4258497655391693, 0.40741437673568726, -0.16389600932598114, 0.9992579817771912
561, 12, 0.46342191100120544, 0.4172423779964447, -0.16872362792491913, 0.9960442781448364
561, 13, 0.3885616958141327, 0.4245654344558716, -0.1266762614250183, 0.8099405765533447
561, 14, 0.45965227484703064, 0.44291767477989197, -0.10265195369720459, 0.2789846360683441
561, 15, 0.37643736600875854, 0.45925623178482056, -0.1389186531305313, 0.9085819125175476
561, 16, 0.4604206681251526, 0.45003291964530945, -0.0752556249499321, 0.2685037851333618
561, 17, 0.37344303727149963, 0.460334450006485, -0.15240098536014557, 0.8262159824371338
561, 18, 0.4629477858543396, 0.4579116702079773, -0.08402121067047119, 0.2377738505601883
561, 19, 0.3773152232170105, 0.46167194843292236, -0.15837271511554718, 0.848200261592865
561, 20, 0.4597253203392029, 0.45537811517715454, -0.08822304010391235, 0.24326936900615692
561, 21, 0.38125407695770264, 0.4592168629169464, -0.1423395872116089, 0.7627968788146973
561, 22, 0.4575778841972351, 0.45155805349349976, -0.07654178142547607, 0.17754517495632172
561, 23, 0.44201192259788513, 0.39235788583755493, -0.00037191074807196856, 0.9998199343681335
561, 24, 0.45884960889816284, 0.4073384702205658, 0.0005309376865625381, 0.9997918009757996
561, 25, 0.44267791509628296, 0.4184730648994446, 0.12864257395267487, 0.029021739959716797
561, 26, 0.4458431303501129, 0.43044227361679077, 0.13103598356246948, 0.01429443247616291
561, 27, 0.4475119709968567, 0.4290362596511841, 0.28538715839385986, 0.022906547412276268
561, 28, 0.4530317187309265, 0.44100648164749146, 0.2860080301761627, 0.016608411446213722
561, 29, 0.4469986855983734, 0.43438422679901123, 0.302714079618454, 0.03221791610121727
561, 30, 0.4515534043312073, 0.44416719675064087, 0.30217280983924866, 0.02215469628572464
561, 31, 0.4520103931427002, 0.4273165464401245, 0.2931114435195923, 0.020957542583346367
561, 32, 0.4561100900173187, 0.43402236700057983, 0.2921583950519562, 0.01826494000852108
562, 0, 0.4533683657646179, 0.39647793769836426, -0.17545057833194733, 0.9679149389266968
562, 1, 0.4502667784690857, 0.3976491391658783, -0.18330547213554382, 0.983535885810852
562, 2, 0.44873562455177307, 0.39704883098602295, -0.1833372712135315, 0.9889965057373047
562, 3, 0.44721007347106934, 0.39641281962394714, -0.18342338502407074, 0.9869650602340698
562, 4, 0.45494788885116577, 0.40127962827682495, -0.1830606311559677, 0.9795863032341003
562, 5, 0.45610514283180237, 0.4024270474910736, -0.18309330940246582, 0.9854351282119751
562, 6, 0.45726051926612854, 0.40350183844566345, -0.18308448791503906, 0.9723161458969116
562, 7, 0.4425603747367859, 0.39847898483276367, -0.1791096329689026, 0.9922773838043213
562, 8, 0.45865193009376526, 0.4091470539569855, -0.17813970148563385, 0.9915398955345154
562, 9, 0.45096850395202637, 0.39439430832862854, -0.16890312731266022, 0.9470723271369934
562, 10, 0.4547916352748871, 0.3967454135417938, -0.1689128279685974, 0.9200604557991028
562, 11, 0.42492619156837463, 0.4045219123363495, -0.14407727122306824, 0.9990239143371582
562, 12, 0.46557730436325073, 0.42310404777526855, -0.14867164194583893, 0.9922791719436646
562, 13, 0.38992220163345337, 0.4310661852359772, -0.1271885484457016, 0.7944000363349915
562, 14, 0.46941065788269043, 0.4470265805721283, -0.11109314113855362, 0.08760923892259598
562, 15, 0.37794747948646545, 0.45371440052986145, -0.1393013894557953, 0.891830563545227
562, 16, 0.47234266996383667, 0.4556291699409485, -0.10418599843978882, 0.08987950533628464
562, 17, 0.37037062644958496, 0.4780621826648712, -0.151272714138031, 0.7993232607841492
562, 18, 0.4759978652000427, 0.4663267433643341, -0.1142735704779625, 0.1058712974190712
562, 19, 0.3735749423503876, 0.464961975812912, -0.15665893256664276, 0.8291587829589844
562, 20, 0.47153711318969727, 0.4625086784362793, -0.1152137890458107, 0.10976941138505936
562, 21, 0.37786775827407837, 0.462049275636673, -0.14268061518669128, 0.7558825612068176
562, 22, 0.4686071276664734, 0.45749175548553467, -0.10514213889837265, 0.09247464686632156
562, 23, 0.43995046615600586, 0.39267900586128235, 0.0012918689753860235, 0.999861478805542
562, 24, 0.46093830466270447, 0.41282209753990173, -0.0012465202016755939, 0.999824583530426
562, 25, 0.4388442933559418, 0.4171812832355499, 0.12530168890953064, 0.046622470021247864
562, 26, 0.45186901092529297, 0.4434381127357483, 0.12794700264930725, 0.015921222046017647
562, 27, 0.43935975432395935, 0.4262100160121918, 0.2666654884815216, 0.027610471472144127
562, 28, 0.45961993932724, 0.45636606216430664, 0.26587557792663574, 0.02815515361726284
562, 29, 0.4392169117927551, 0.4326322674751282, 0.2824466824531555, 0.03518332540988922
562, 30, 0.45810073614120483, 0.45899900794029236, 0.2798818051815033, 0.024018537253141403
562, 31, 0.44371551275253296, 0.4210493266582489, 0.27554914355278015, 0.03715817257761955
562, 32, 0.4640212953090668, 0.45249396562576294, 0.27096807956695557, 0.030551614239811897
563, 0, 0.43798819184303284, 0.4255678951740265, -0.1987607330083847, 0.9989840388298035
563, 1, 0.44196128845214844, 0.42214295268058777, -0.20185701549053192, 0.9992276430130005
563, 2, 0.44364866614341736, 0.4232449531555176, -0.20189101994037628, 0.9992223978042603
563, 3, 0.4453182816505432, 0.42427462339401245, -0.20195290446281433, 0.9990697503089905
563, 4, 0.4375763535499573, 0.4174387753009796, -0.20310012996196747, 0.9995263814926147
563, 5, 0.43638181686401367, 0.41535475850105286, -0.20313391089439392, 0.999542236328125
563, 6, 0.4351745545864105, 0.4132210314273834, -0.20315532386302948, 0.9995288848876953
563, 7, 0.45111411809921265, 0.4200391471385956, -0.1825381964445114, 0.9985899329185486
563, 8, 0.43573957681655884, 0.4031966030597687, -0.18764878809452057, 0.9995094537734985
563, 9, 0.44139155745506287, 0.42599448561668396, -0.18772286176681519, 0.9988245368003845
563, 10, 0.43651190400123596, 0.4209725558757782, -0.18930134177207947, 0.9988117218017578
563, 11, 0.46396198868751526, 0.42448803782463074, -0.13581040501594543, 0.9989235997200012
563, 12, 0.43013113737106323, 0.3883015811443329, -0.14785857498645782, 0.9984273910522461
563, 13, 0.465569406747818, 0.45011457800865173, -0.11280200630426407, 0.9485334753990173
563, 14, 0.4056931436061859, 0.40531814098358154, -0.1376604437828064, 0.9991580247879028
563, 15, 0.4509012699127197, 0.45901989936828613, -0.1251077950000763, 0.9512414932250977
563, 16, 0.39166927337646484, 0.4307945966720581, -0.15441779792308807, 0.9992640614509583
563, 17, 0.4498991370201111, 0.4659353792667389, -0.13710127770900726, 0.9235920310020447
563, 18, 0.3858449459075928, 0.4368707537651062, -0.17252258956432343, 0.9970321655273438
563, 19, 0.4467906057834625, 0.4603409767150879, -0.1450655311346054, 0.9064407348632812
563, 20, 0.3893684148788452, 0.4383838176727295, -0.17181354761123657, 0.9959700107574463
563, 21, 0.4461350440979004, 0.4559727907180786, -0.12861710786819458, 0.8094895482063293
563, 22, 0.3922039866447449, 0.43677008152008057, -0.15498363971710205, 0.9922564029693604
563, 23, 0.45972245931625366, 0.38346412777900696, -0.00015795913350302726, 0.9997217059135437
563, 24, 0.4444914758205414, 0.3721984326839447, 0.00018922067829407752, 0.9997227787971497
563, 25, 0.4638912081718445, 0.41797369718551636, 0.07455279678106308, 0.22338737547397614
563, 26, 0.442619264125824, 0.4121827483177185, 0.0764613226056099, 0.15899129211902618
563, 27, 0.4697251319885254, 0.41543978452682495, 0.1938326209783554, 0.1136544793844223
563, 28, 0.45190438628196716, 0.4090019166469574, 0.19118306040763855, 0.07898466289043427
563, 29, 0.4704214930534363, 0.4110325574874878, 0.207129567861557, 0.19055946171283722
563, 30, 0.45344215631484985, 0.4047079384326935, 0.20338043570518494, 0.09580131620168686
563, 31, 0.47130531072616577, 0.4298671782016754, 0.20702548325061798, 0.05150661617517471
563, 32, 0.45362433791160583, 0.42119789123535156, 0.20275823771953583, 0.04749414324760437
564, 0, 0.437106192111969, 0.4198589026927948, -0.23456576466560364, 0.9997872710227966
564, 1, 0.4406886696815491, 0.4162880778312683, -0.23558588325977325, 0.999806821346283
564, 2, 0.44210782647132874, 0.41744500398635864, -0.2356109321117401, 0.9997783303260803
564, 3, 0.44350185990333557, 0.4185582101345062, -0.23566846549510956, 0.9997206330299377
564, 4, 0.4372381567955017, 0.4121626615524292, -0.2376950979232788, 0.9998757839202881
564, 5, 0.4361894130706787, 0.4104740619659424, -0.23771969974040985, 0.9998562335968018
564, 6, 0.43514499068260193, 0.4087435305118561, -0.23773816227912903, 0.9998157620429993
564, 7, 0.4481745660305023, 0.4176581799983978, -0.20210936665534973, 0.9996758699417114
564, 8, 0.43580716848373413, 0.4026700258255005, -0.21142558753490448, 0.9998492002487183
564, 9, 0.43992289900779724, 0.42172786593437195, -0.2182043343782425, 0.9995852112770081
564, 10, 0.4356302320957184, 0.4172428548336029, -0.2209884226322174, 0.9995424747467041
564, 11, 0.45470190048217773, 0.4282356798648834, -0.14322185516357422, 0.9997761845588684
564, 12, 0.43380656838417053, 0.3920477032661438, -0.15961205959320068, 0.9978958368301392
564, 13, 0.44593101739883423, 0.45109671354293823, -0.11379072815179825, 0.9087689518928528
564, 14, 0.41582196950912476, 0.3974371552467346, -0.1349737048149109, 0.9784339070320129
564, 15, 0.42715007066726685, 0.4615529775619507, -0.1311035305261612, 0.9510307908058167
564, 16, 0.4028450846672058, 0.4189126193523407, -0.13339349627494812, 0.9873764514923096
564, 17, 0.42399850487709045, 0.4692254662513733, -0.14490696787834167, 0.9374200105667114
564, 18, 0.39741766452789307, 0.4232505261898041, -0.14873230457305908, 0.9624028205871582
564, 19, 0.4222327768802643, 0.46220606565475464, -0.153721421957016, 0.9293909072875977
564, 20, 0.4004926085472107, 0.42528772354125977, -0.1501159369945526, 0.9502689242362976
564, 21, 0.4224649965763092, 0.45762374997138977, -0.13533973693847656, 0.8659119009971619
564, 22, 0.4032040536403656, 0.4245764911174774, -0.1343284696340561, 0.9236214756965637
564, 23, 0.45519718527793884, 0.3905658423900604, 0.0025399059522897005, 0.999907374382019
564, 24, 0.4472173750400543, 0.3794037401676178, -0.002478256355971098, 0.9998679161071777
564, 25, 0.453925222158432, 0.41244107484817505, 0.0962524339556694, 0.32033443450927734
564, 26, 0.4467850625514984, 0.4128476083278656, 0.08986906707286835, 0.2176700234413147
564, 27, 0.45914754271507263, 0.4047965109348297, 0.22652891278266907, 0.30961674451828003
564, 28, 0.4620169699192047, 0.4051147997379303, 0.2180529087781906, 0.26754191517829895
564, 29, 0.46107715368270874, 0.40088245272636414, 0.2407783567905426, 0.3505506217479706
564, 30, 0.4646275043487549, 0.4008786082267761, 0.2316187620162964, 0.1901557594537735
564, 31, 0.4570631980895996, 0.4147496223449707, 0.23611588776111603, 0.1271754801273346
564, 32, 0.464042603969574, 0.4142802059650421, 0.22482068836688995, 0.08997737616300583
565, 0, 0.43654733896255493, 0.4356752634048462, -0.2122059315443039, 0.9998898506164551
565, 1, 0.43988877534866333, 0.43121421337127686, -0.21388232707977295, 0.9999033212661743
565, 2, 0.44134145975112915, 0.43193376064300537, -0.21392318606376648, 0.9999160766601562
565, 3, 0.4427849352359772, 0.4325930178165436, -0.2139841765165329, 0.9998931884765625
565, 4, 0.43609246611595154, 0.4273254871368408, -0.21548061072826385, 0.999921441078186
565, 5, 0.43509751558303833, 0.4255455434322357, -0.21550825238227844, 0.9999237060546875
565, 6, 0.4340938627719879, 0.4237213134765625, -0.2155134379863739, 0.9998961687088013
565, 7, 0.44749540090560913, 0.42827296257019043, -0.1890706866979599, 0.9998112320899963
565, 8, 0.43493881821632385, 0.41511186957359314, -0.1960468590259552, 0.9999281167984009
565, 9, 0.43975013494491577, 0.4358181953430176, -0.19888025522232056, 0.9998747110366821
565, 10, 0.435366690158844, 0.4318057894706726, -0.2008587121963501, 0.9998220801353455
565, 11, 0.4587007462978363, 0.4309825599193573, -0.13556011021137238, 0.9998617172241211
565, 12, 0.43026742339134216, 0.4018882215023041, -0.15213844180107117, 0.9995421171188354
565, 13, 0.4529190957546234, 0.4569012522697449, -0.12963157892227173, 0.9921557307243347
565, 14, 0.40789446234703064, 0.41689714789390564, -0.1516590267419815, 0.9995540976524353
565, 15, 0.4294350743293762, 0.44733983278274536, -0.16016347706317902, 0.9862822890281677
565, 16, 0.40004944801330566, 0.4288315773010254, -0.17684952914714813, 0.9982274174690247
565, 17, 0.42414912581443787, 0.45143234729766846, -0.1742321103811264, 0.943652331829071
565, 18, 0.3966541290283203, 0.43466585874557495, -0.19554120302200317, 0.985866367816925
565, 19, 0.4221901297569275, 0.4449065625667572, -0.18321746587753296, 0.9162953495979309
565, 20, 0.39904192090034485, 0.4339389503002167, -0.19371114671230316, 0.9759749174118042
565, 21, 0.4231010377407074, 0.44284185767173767, -0.1643746793270111, 0.859144926071167
565, 22, 0.40046054124832153, 0.4328850507736206, -0.1767016500234604, 0.9673255085945129
565, 23, 0.4631574749946594, 0.38557133078575134, 0.002718997886404395, 0.9999927282333374
565, 24, 0.4454692304134369, 0.3757425844669342, -0.0026352093555033207, 0.9999830722808838
565, 25, 0.4799986481666565, 0.40640175342559814, 0.08162134885787964, 0.7913416624069214
565, 26, 0.43891534209251404, 0.39892077445983887, 0.08336956799030304, 0.34533390402793884
565, 27, 0.4837840497493744, 0.40646395087242126, 0.21114173531532288, 0.30105501413345337
565, 28, 0.4334031045436859, 0.3915272057056427, 0.21508798003196716, 0.05599302053451538
565, 29, 0.48479247093200684, 0.4020518958568573, 0.22561359405517578, 0.49729683995246887
565, 30, 0.43263307213783264, 0.38531631231307983, 0.22898344695568085, 0.06189291179180145
565, 31, 0.4857715666294098, 0.4208608865737915, 0.2329597771167755, 0.2205037921667099
565, 32, 0.43332308530807495, 0.40419143438339233, 0.23802116513252258, 0.06072196364402771
566, 0, 0.436159610748291, 0.4327850043773651, -0.2173728197813034, 0.999897837638855
566, 1, 0.43922463059425354, 0.4295220375061035, -0.2182820737361908, 0.9999064207077026
566, 2, 0.4403513967990875, 0.42989757657051086, -0.218316912651062, 0.9998918771743774
566, 3, 0.4414703845977783, 0.43024906516075134, -0.2183755338191986, 0.9998955726623535
566, 4, 0.4365597665309906, 0.4268537163734436, -0.22120630741119385, 0.9999024868011475
566, 5, 0.43590617179870605, 0.4254533052444458, -0.22121410071849823, 0.999864935874939
566, 6, 0.43525299429893494, 0.42404013872146606, -0.22120654582977295, 0.999843955039978
566, 7, 0.4452885091304779, 0.42604193091392517, -0.18964777886867523, 0.9998648166656494
566, 8, 0.4363463521003723, 0.4167713224887848, -0.20274975895881653, 0.9998868703842163
566, 9, 0.43830591440200806, 0.43174535036087036, -0.20279350876808167, 0.9999018907546997
566, 10, 0.43496495485305786, 0.4287071228027344, -0.2065955400466919, 0.9998706579208374
566, 11, 0.44992589950561523, 0.42744016647338867, -0.13601309061050415, 0.9999178647994995
566, 12, 0.4336356222629547, 0.40640226006507874, -0.16132991015911102, 0.9993182420730591
566, 13, 0.4331967234611511, 0.44925612211227417, -0.13277952373027802, 0.9812931418418884
566, 14, 0.4126799702644348, 0.42633897066116333, -0.15960010886192322, 0.9959371089935303
566, 15, 0.4079805016517639, 0.4538062512874603, -0.16398665308952332, 0.9901255369186401
566, 16, 0.40050530433654785, 0.44205886125564575, -0.17695845663547516, 0.9948223829269409
566, 17, 0.4034837782382965, 0.4628632366657257, -0.17803166806697845, 0.9721949100494385
566, 18, 0.3963540196418762, 0.4500686526298523, -0.19638384878635406, 0.9732950329780579
566, 19, 0.40124115347862244, 0.45792582631111145, -0.18940229713916779, 0.9642673134803772
566, 20, 0.3988727331161499, 0.44946277141571045, -0.19421662390232086, 0.9629349708557129
566, 21, 0.40200620889663696, 0.45334386825561523, -0.16967296600341797, 0.9380713105201721
566, 22, 0.4000254273414612, 0.446914404630661, -0.17731377482414246, 0.9473778009414673
566, 23, 0.4554777145385742, 0.38665643334388733, 0.00622152304276824, 0.9999598264694214
566, 24, 0.4472894072532654, 0.3778250515460968, -0.006129762623459101, 0.9999315738677979
566, 25, 0.4514741897583008, 0.4150713086128235, 0.07010788470506668, 0.262691855430603
566, 26, 0.4401349127292633, 0.41650623083114624, 0.06644699722528458, 0.39070165157318115
566, 27, 0.44253769516944885, 0.41289347410202026, 0.19255058467388153, 0.07152918726205826
566, 28, 0.4415598511695862, 0.41496676206588745, 0.18411806225776672, 0.07760429382324219
566, 29, 0.44222718477249146, 0.40726369619369507, 0.20556826889514923, 0.12533104419708252
566, 30, 0.44218364357948303, 0.40865495800971985, 0.19610711932182312, 0.06558244675397873
566, 31, 0.43793830275535583, 0.42925453186035156, 0.20477625727653503, 0.1743035614490509
566, 32, 0.44189128279685974, 0.43264609575271606, 0.19570766389369965, 0.14410144090652466
567, 0, 0.4505130350589752, 0.4267599284648895, -0.32727158069610596, 0.9999945163726807
567, 1, 0.45145267248153687, 0.42388802766799927, -0.3398854732513428, 0.9999946355819702
567, 2, 0.4524986743927002, 0.4232345223426819, -0.339891254901886, 0.9999923706054688
567, 3, 0.45349007844924927, 0.42256858944892883, -0.339866042137146, 0.9999915361404419
567, 4, 0.4481605887413025, 0.4251728355884552, -0.3419150710105896, 0.9999985694885254
567, 5, 0.4472111165523529, 0.42496591806411743, -0.3419387936592102, 0.9999980926513672
567, 6, 0.4462108016014099, 0.4247322082519531, -0.3419237732887268, 0.9999980926513672
567, 7, 0.4566434919834137, 0.41513633728027344, -0.32620179653167725, 0.9999884366989136
567, 8, 0.4451223313808441, 0.4185692369937897, -0.3339574337005615, 0.9999977350234985
567, 9, 0.452440083026886, 0.42216384410858154, -0.3125889301300049, 0.9999769926071167
567, 10, 0.4492925703525543, 0.42401203513145447, -0.3151417076587677, 0.9999879598617554
567, 11, 0.47204846143722534, 0.3981774151325226, -0.25550878047943115, 0.9999433755874634
567, 12, 0.43700355291366577, 0.40810471773147583, -0.2669455409049988, 0.999929666519165
567, 13, 0.48491421341896057, 0.4191147983074188, -0.1825040727853775, 0.9999550580978394
567, 14, 0.4143948554992676, 0.41541019082069397, -0.21306128799915314, 0.999799907207489
567, 15, 0.4845408499240875, 0.4283573627471924, -0.15903057157993317, 0.9969511032104492
567, 16, 0.3902605175971985, 0.42676815390586853, -0.21312633156776428, 0.999921441078186
567, 17, 0.4903886318206787, 0.4284411668777466, -0.17454101145267487, 0.9951890707015991
567, 18, 0.3838692903518677, 0.43133988976478577, -0.23756547272205353, 0.9995088577270508
567, 19, 0.4889393746852875, 0.4256490170955658, -0.1824677437543869, 0.9929278492927551
567, 20, 0.38581371307373047, 0.4337174594402313, -0.24083444476127625, 0.9990649819374084
567, 21, 0.48505836725234985, 0.42675045132637024, -0.16148778796195984, 0.9786549210548401
567, 22, 0.38948965072631836, 0.431615948677063, -0.21498648822307587, 0.9982201457023621
567, 23, 0.44989141821861267, 0.3816075325012207, 0.0037500844337046146, 0.9998810291290283
567, 24, 0.4386774003505707, 0.38145554065704346, -0.0036242962814867496, 0.9997909665107727
567, 25, 0.4454973340034485, 0.41311386227607727, 0.18908897042274475, 0.0430414043366909
567, 26, 0.441581666469574, 0.4100985527038574, 0.19149304926395416, 0.03648767247796059
567, 27, 0.44301551580429077, 0.40612876415252686, 0.4167925715446472, 0.6289464235305786
567, 28, 0.4351145327091217, 0.40424519777297974, 0.40963879227638245, 0.5647554397583008
567, 29, 0.4434310793876648, 0.4042758643627167, 0.44273823499679565, 0.8858468532562256
567, 30, 0.4335485100746155, 0.40315166115760803, 0.4340037405490875, 0.8847779631614685
567, 31, 0.43853074312210083, 0.408793568611145, 0.45268502831459045, 0.020120777189731598
567, 32, 0.43310481309890747, 0.4019824266433716, 0.44218310713768005, 0.025794412940740585
568, 0, 0.4709557592868805, 0.422293484210968, -0.1436994969844818, 0.9991641044616699
568, 1, 0.47159308195114136, 0.4234524071216583, -0.15621702373027802, 0.9994402527809143
568, 2, 0.47163376212120056, 0.4228469133377075, -0.15619422495365143, 0.9994950294494629
568, 3, 0.47165876626968384, 0.42221391201019287, -0.15622352063655853, 0.9992372989654541
568, 4, 0.471329927444458, 0.4254901111125946, -0.15642178058624268, 0.9995570778846741
568, 5, 0.4711431860923767, 0.4262159466743469, -0.15645532310009003, 0.999630331993103
568, 6, 0.47094064950942993, 0.42693787813186646, -0.15646307170391083, 0.9995601773262024
568, 7, 0.4714798033237457, 0.42025071382522583, -0.17076218128204346, 0.9997690320014954
568, 8, 0.4701419472694397, 0.426271915435791, -0.17170651257038116, 0.9998143315315247
568, 9, 0.47045889496803284, 0.4187561571598053, -0.14328666031360626, 0.9997726082801819
568, 10, 0.4701659083366394, 0.4206332266330719, -0.14380450546741486, 0.9998542070388794
568, 11, 0.4692160487174988, 0.4081699848175049, -0.14149977266788483, 0.9998631477355957
568, 12, 0.4691668152809143, 0.41726982593536377, -0.14833363890647888, 0.9999841451644897
568, 13, 0.44734010100364685, 0.40034812688827515, -0.09664813429117203, 0.9891358613967896
568, 14, 0.4604438841342926, 0.392713725566864, -0.10036428272724152, 0.992256760597229
568, 15, 0.45266255736351013, 0.40376242995262146, -0.07806631922721863, 0.8920121192932129
568, 16, 0.45305293798446655, 0.3957025706768036, -0.07096520066261292, 0.929016649723053
568, 17, 0.4560241103172302, 0.4047990143299103, -0.08717759698629379, 0.7372448444366455
568, 18, 0.4522384703159332, 0.3985304832458496, -0.07729950547218323, 0.8050316572189331
568, 19, 0.45660123229026794, 0.40783774852752686, -0.08628105372190475, 0.6840292811393738
568, 20, 0.451561838388443, 0.3990847170352936, -0.08108294010162354, 0.8022520542144775
568, 21, 0.45499879121780396, 0.4066772162914276, -0.07755479961633682, 0.622025191783905
568, 22, 0.4518105387687683, 0.3978285789489746, -0.0717984139919281, 0.8008962273597717
568, 23, 0.45400604605674744, 0.38784918189048767, 0.0030801407992839813, 0.9997296929359436
568, 24, 0.45519837737083435, 0.38876745104789734, -0.0030540733132511377, 0.9998425245285034
568, 25, 0.44685226678848267, 0.40369799733161926, 0.13104161620140076, 0.2239249348640442
568, 26, 0.4466252326965332, 0.39328452944755554, 0.122517429292202, 0.2236880511045456
568, 27, 0.4481852054595947, 0.3923659026622772, 0.27252334356307983, 0.20830495655536652
568, 28, 0.44627708196640015, 0.39461761713027954, 0.2658994197845459, 0.07211003452539444
568, 29, 0.44912582635879517, 0.3896304965019226, 0.2886998653411865, 0.2106238752603531
568, 30, 0.4452633261680603, 0.3955754041671753, 0.2821112871170044, 0.06715703755617142
568, 31, 0.4470454752445221, 0.3944627642631531, 0.291533887386322, 0.05844273418188095
568, 32, 0.44593197107315063, 0.397394061088562, 0.28579291701316833, 0.019156470894813538
569, 0, 0.4629698395729065, 0.4275474548339844, -0.3091985881328583, 0.9999997615814209
569, 1, 0.4638170301914215, 0.42418140172958374, -0.3251737058162689, 0.9999998807907104
569, 2, 0.46486034989356995, 0.4232501685619354, -0.3251454830169678, 0.9999998807907104
569, 3, 0.46584731340408325, 0.42232024669647217, -0.32510292530059814, 0.9999997615814209
569, 4, 0.45986661314964294, 0.4269927442073822, -0.3251084089279175, 1.0
569, 5, 0.45858055353164673, 0.4275188744068146, -0.32512593269348145, 0.9999998807907104
569, 6, 0.45725688338279724, 0.42800742387771606, -0.3250654935836792, 0.9999998807907104
569, 7, 0.4669555723667145, 0.41544121503829956, -0.3213120996952057, 0.9999997615814209
569, 8, 0.4533768594264984, 0.4242733418941498, -0.3202393352985382, 0.9999998807907104
569, 9, 0.46355780959129333, 0.42268624901771545, -0.2974044978618622, 0.9999986886978149
569, 10, 0.4597183167934418, 0.42579180002212524, -0.29740428924560547, 0.9999991655349731
569, 11, 0.4789961874485016, 0.3966338336467743, -0.2547556161880493, 0.9999785423278809
569, 12, 0.43876734375953674, 0.42287418246269226, -0.25630661845207214, 0.9999885559082031
569, 13, 0.4876285493373871, 0.3920287787914276, -0.17431865632534027, 0.9999992847442627
569, 14, 0.4202788472175598, 0.43076592683792114, -0.2010100781917572, 0.9999963045120239
569, 15, 0.48165029287338257, 0.39900100231170654, -0.146293506026268, 0.9999313354492188
569, 16, 0.40224552154541016, 0.4235330820083618, -0.20272526144981384, 0.9999927282333374
569, 17, 0.4849490225315094, 0.4014253318309784, -0.16250790655612946, 0.9997304081916809
569, 18, 0.39743542671203613, 0.4240993857383728, -0.2270067036151886, 0.9999167919158936
569, 19, 0.48349952697753906, 0.40025579929351807, -0.1678987294435501, 0.9995230436325073
569, 20, 0.3983322083950043, 0.42462998628616333, -0.22936081886291504, 0.9998388290405273
569, 21, 0.4804493486881256, 0.4003407061100006, -0.14757105708122253, 0.9987735152244568
569, 22, 0.40150803327560425, 0.42238426208496094, -0.20444388687610626, 0.9997406601905823
569, 23, 0.4552582800388336, 0.38072362542152405, 0.0035545616410672665, 0.9999492168426514
569, 24, 0.44141873717308044, 0.3850487470626831, -0.003451425116509199, 0.9999489784240723
569, 25, 0.4480666518211365, 0.39779072999954224, 0.21871404349803925, 0.2640148401260376
569, 26, 0.43618908524513245, 0.39587947726249695, 0.21755513548851013, 0.19359302520751953
569, 27, 0.44255417585372925, 0.39351144433021545, 0.4597967267036438, 0.7670465111732483
569, 28, 0.43202242255210876, 0.3939099907875061, 0.4445766806602478, 0.774587094783783
569, 29, 0.4416140019893646, 0.39052894711494446, 0.4874699115753174, 0.9256382584571838
569, 30, 0.4306209087371826, 0.3919932544231415, 0.4704468846321106, 0.9120711088180542
569, 31, 0.4393804967403412, 0.3982046842575073, 0.5111314654350281, 0.110475555062294
569, 32, 0.4298998713493347, 0.39876788854599, 0.4885480999946594, 0.11186563223600388
570, 0, 0.4548047184944153, 0.43493524193763733, -0.153081476688385, 0.9979627132415771
570, 1, 0.45664089918136597, 0.42962926626205444, -0.16354738175868988, 0.9984103441238403
570, 2, 0.4584689736366272, 0.42809224128723145, -0.16356036067008972, 0.9983633160591125
570, 3, 0.46025651693344116, 0.42651304602622986, -0.16359682381153107, 0.9972944855690002
570, 4, 0.4510576128959656, 0.43287238478660583, -0.1646617352962494, 0.9991807341575623
570, 5, 0.44917064905166626, 0.433443546295166, -0.16468378901481628, 0.9991698265075684
570, 6, 0.4472406804561615, 0.4339847266674042, -0.16473135352134705, 0.9990795850753784
570, 7, 0.4638485312461853, 0.4179747998714447, -0.1703561544418335, 0.99661785364151
570, 8, 0.44380754232406616, 0.4286041557788849, -0.17527493834495544, 0.9992920160293579
570, 9, 0.45812901854515076, 0.4301221966743469, -0.1498447060585022, 0.9981400966644287
570, 10, 0.45194894075393677, 0.43387550115585327, -0.15145590901374817, 0.9989426732063293
570, 11, 0.4770405888557434, 0.39728081226348877, -0.13697651028633118, 0.9986845850944519
570, 12, 0.4343687891960144, 0.42288029193878174, -0.14690358936786652, 0.999396562576294
570, 13, 0.48646050691604614, 0.3774074614048004, -0.08729096502065659, 0.9967472553253174
570, 14, 0.4170759320259094, 0.4142896831035614, -0.10506270080804825, 0.9917860627174377
570, 15, 0.4829264283180237, 0.39214223623275757, -0.05533476918935776, 0.9538034796714783
570, 16, 0.4117305278778076, 0.4143352210521698, -0.07433445751667023, 0.9910112619400024
570, 17, 0.48533353209495544, 0.3919871747493744, -0.059955351054668427, 0.9569181799888611
570, 18, 0.4079586863517761, 0.4139021039009094, -0.08034083247184753, 0.9800466299057007
570, 19, 0.48321062326431274, 0.3923461437225342, -0.065433569252491, 0.9441131949424744
570, 20, 0.4091821312904358, 0.41348525881767273, -0.08255229145288467, 0.9702881574630737
570, 21, 0.48035040497779846, 0.39275994896888733, -0.05644195154309273, 0.8494352698326111
570, 22, 0.41210442781448364, 0.4124346375465393, -0.07406731694936752, 0.9629327654838562
570, 23, 0.4585224688053131, 0.38328129053115845, 0.0024841518606990576, 0.9986627101898193
570, 24, 0.44127947092056274, 0.3923194110393524, -0.002442401833832264, 0.9973452687263489
570, 25, 0.4617452025413513, 0.4063658118247986, 0.0935894101858139, 0.26797136664390564
570, 26, 0.44651907682418823, 0.4043813943862915, 0.09289847314357758, 0.1693446934223175
570, 27, 0.45395445823669434, 0.38823556900024414, 0.21506533026695251, 0.680320143699646
570, 28, 0.4390772879123688, 0.3939741849899292, 0.21329441666603088, 0.4693498909473419
570, 29, 0.4521706700325012, 0.3808495104312897, 0.2300836741924286, 0.805787980556488
570, 30, 0.4360474944114685, 0.3884517550468445, 0.2275882214307785, 0.5500454306602478
570, 31, 0.45526209473609924, 0.3973535895347595, 0.24328944087028503, 0.013398388400673866
570, 32, 0.4424332082271576, 0.40520137548446655, 0.23792478442192078, 0.009919321164488792
571, 0, 0.46078458428382874, 0.4311608672142029, -0.1301286667585373, 0.9990888833999634
571, 1, 0.46231356263160706, 0.42635634541511536, -0.1397629827260971, 0.9993230104446411
571, 2, 0.46399298310279846, 0.42527979612350464, -0.13980571925640106, 0.9990689158439636
571, 3, 0.4656192362308502, 0.424120157957077, -0.13984955847263336, 0.9990803003311157
571, 4, 0.4570475220680237, 0.428634375333786, -0.13846923410892487, 0.9997288584709167
571, 5, 0.4551718831062317, 0.4289752244949341, -0.1384742707014084, 0.9996629953384399
571, 6, 0.453244686126709, 0.42927882075309753, -0.1385292410850525, 0.9997784495353699
571, 7, 0.4679862856864929, 0.4165913164615631, -0.1466626524925232, 0.9984799027442932
571, 8, 0.44908881187438965, 0.42380088567733765, -0.14062835276126862, 0.9997525811195374
571, 9, 0.4631388783454895, 0.4274638295173645, -0.12794038653373718, 0.9993739724159241
571, 10, 0.45737847685813904, 0.4302552044391632, -0.12627153098583221, 0.9995324611663818
571, 11, 0.4799371361732483, 0.39738893508911133, -0.12190749496221542, 0.9971868395805359
571, 12, 0.4377726912498474, 0.4146442413330078, -0.1168913021683693, 0.9990299940109253
571, 13, 0.498910129070282, 0.4012666344642639, -0.1042868047952652, 0.9998599290847778
571, 14, 0.4176122546195984, 0.4200344383716583, -0.10086484253406525, 0.9834188222885132
571, 15, 0.5132447481155396, 0.41784995794296265, -0.10377087444067001, 0.9982497096061707
571, 16, 0.40858250856399536, 0.42647498846054077, -0.10421232879161835, 0.9803681373596191
571, 17, 0.5214342474937439, 0.4208489656448364, -0.11312751471996307, 0.9981092214584351
571, 18, 0.4030534625053406, 0.4299033582210541, -0.11512056738138199, 0.9488453269004822
571, 19, 0.5187258124351501, 0.4226221442222595, -0.1132841482758522, 0.9975912570953369
571, 20, 0.4062926769256592, 0.4305438697338104, -0.1162208691239357, 0.931281566619873
571, 21, 0.5138514041900635, 0.421734482049942, -0.1035080999135971, 0.9868997931480408
571, 22, 0.4098254144191742, 0.4286292493343353, -0.10489775240421295, 0.9197570085525513
571, 23, 0.45937061309814453, 0.3779500424861908, 0.002657588804140687, 0.9994361996650696
571, 24, 0.4414033889770508, 0.38634172081947327, -0.002703435719013214, 0.999010443687439
571, 25, 0.46055060625076294, 0.40982192754745483, 0.0711888000369072, 0.17881271243095398
571, 26, 0.44318026304244995, 0.4077485501766205, 0.06531992554664612, 0.2173614501953125
571, 27, 0.44776663184165955, 0.3897116482257843, 0.16179050505161285, 0.4848170578479767
571, 28, 0.4356606602668762, 0.39007821679115295, 0.15905612707138062, 0.31217122077941895
571, 29, 0.44502097368240356, 0.38362184166908264, 0.17296485602855682, 0.6828259825706482
571, 30, 0.4329904615879059, 0.383815735578537, 0.17025898396968842, 0.5294970870018005
571, 31, 0.4483146071434021, 0.39807501435279846, 0.18479837477207184, 0.009292025119066238
571, 32, 0.4383515417575836, 0.3988375663757324, 0.1814885437488556, 0.01086873933672905
572, 0, 0.4575696885585785, 0.43761324882507324, -0.15283578634262085, 0.9997145533561707
572, 1, 0.4598461091518402, 0.43291622400283813, -0.1665050983428955, 0.9997814297676086
572, 2, 0.4616219997406006, 0.4313424527645111, -0.16648554801940918, 0.9997517466545105
572, 3, 0.46334347128868103, 0.4297020733356476, -0.1664823442697525, 0.9996436834335327
572, 4, 0.45436444878578186, 0.4364860951900482, -0.16890586912631989, 0.9998937845230103
572, 5, 0.45263224840164185, 0.4371727705001831, -0.16889874637126923, 0.9998812675476074
572, 6, 0.450840562582016, 0.4378010928630829, -0.16889996826648712, 0.9998823404312134
572, 7, 0.466982364654541, 0.42059364914894104, -0.17712412774562836, 0.9995241165161133
572, 8, 0.4473418593406677, 0.43207237124443054, -0.18767330050468445, 0.999890923500061
572, 9, 0.4602770209312439, 0.4322982728481293, -0.14926128089427948, 0.9993795156478882
572, 10, 0.4546538293361664, 0.43612152338027954, -0.15256431698799133, 0.9997351765632629
572, 11, 0.4804367125034332, 0.39960768818855286, -0.14743229746818542, 0.9997735619544983
572, 12, 0.4345847964286804, 0.427298367023468, -0.15951980650424957, 0.9999222755432129
572, 13, 0.4890401363372803, 0.3878365755081177, -0.09205053001642227, 0.9998067021369934
572, 14, 0.4189680218696594, 0.42527225613594055, -0.10868556797504425, 0.9976215958595276
572, 15, 0.4812108874320984, 0.406567245721817, -0.06729382276535034, 0.9859254956245422
572, 16, 0.4149554371833801, 0.4220324754714966, -0.0807453915476799, 0.9979592561721802
572, 17, 0.48334598541259766, 0.40918442606925964, -0.07573315501213074, 0.9870226979255676
572, 18, 0.4117810130119324, 0.42174941301345825, -0.09194914996623993, 0.9945255517959595
572, 19, 0.48010358214378357, 0.4089807868003845, -0.0808706134557724, 0.9797373414039612
572, 20, 0.4137384295463562, 0.42015397548675537, -0.0937131866812706, 0.9906993508338928
572, 21, 0.4771159291267395, 0.4081976115703583, -0.06875398010015488, 0.9568088054656982
572, 22, 0.4164864420890808, 0.4185970425605774, -0.08065983653068542, 0.9906310439109802
572, 23, 0.46039366722106934, 0.38116738200187683, 0.002285348018631339, 0.9998798370361328
572, 24, 0.4401012063026428, 0.39113694429397583, -0.0023670608643442392, 0.9998553991317749
572, 25, 0.4613402485847473, 0.3983437716960907, 0.14055034518241882, 0.5503600239753723
572, 26, 0.4413449168205261, 0.40108346939086914, 0.13337025046348572, 0.2609483599662781
572, 27, 0.44594115018844604, 0.3828476369380951, 0.2854979932308197, 0.8589001297950745
572, 28, 0.4325084090232849, 0.3817892372608185, 0.2810477912425995, 0.6933662295341492
572, 29, 0.4430934488773346, 0.3777237832546234, 0.30419427156448364, 0.9320446848869324
572, 30, 0.42957645654678345, 0.3759717643260956, 0.29913651943206787, 0.8072769641876221
572, 31, 0.4430655837059021, 0.3902320861816406, 0.3321300148963928, 0.025440102443099022
572, 32, 0.43308576941490173, 0.39009809494018555, 0.32137608528137207, 0.013570770621299744
573, 0, 0.45693913102149963, 0.4305417239665985, -0.35414639115333557, 1.0
573, 1, 0.4571767747402191, 0.42282137274742126, -0.3666979670524597, 1.0
573, 2, 0.4585144519805908, 0.4215165376663208, -0.36669620871543884, 1.0
573, 3, 0.4597989022731781, 0.42019984126091003, -0.36663389205932617, 0.9999998807907104
573, 4, 0.4515044093132019, 0.42599737644195557, -0.36795544624328613, 1.0
573, 5, 0.44979771971702576, 0.42591142654418945, -0.36799463629722595, 1.0
573, 6, 0.44809430837631226, 0.4257968068122864, -0.3679591119289398, 1.0
573, 7, 0.4625348150730133, 0.4104265570640564, -0.34671008586883545, 0.9999998807907104
573, 8, 0.44447454810142517, 0.41902580857276917, -0.3519236147403717, 1.0
573, 9, 0.45965567231178284, 0.4261261522769928, -0.336445152759552, 0.9999998807907104
573, 10, 0.4547286927700043, 0.42878803610801697, -0.33829575777053833, 0.9999998807907104
573, 11, 0.47897833585739136, 0.3936031758785248, -0.26823723316192627, 0.9999949932098389
573, 12, 0.4303516745567322, 0.4142564535140991, -0.2875397801399231, 0.999998927116394
573, 13, 0.4992462992668152, 0.39687761664390564, -0.2074563056230545, 1.0
573, 14, 0.4042235016822815, 0.4303009510040283, -0.2533840537071228, 1.0
573, 15, 0.4874339997768402, 0.39464640617370605, -0.17279623448848724, 0.9999778270721436
573, 16, 0.39019086956977844, 0.41325387358665466, -0.2502780854701996, 0.9999978542327881
573, 17, 0.49010521173477173, 0.3980678617954254, -0.17932575941085815, 0.9997163414955139
573, 18, 0.38767242431640625, 0.4132140576839447, -0.26950880885124207, 0.9999284744262695
573, 19, 0.4864305555820465, 0.392294704914093, -0.17525440454483032, 0.9991689920425415
573, 20, 0.38790255784988403, 0.41103264689445496, -0.26231205463409424, 0.9997957348823547
573, 21, 0.48490601778030396, 0.3934214413166046, -0.16856195032596588, 0.9978241920471191
573, 22, 0.3906923532485962, 0.41137728095054626, -0.2467212975025177, 0.9996248483657837
573, 23, 0.45464858412742615, 0.3736550509929657, 0.008761740289628506, 0.9999585151672363
573, 24, 0.43605607748031616, 0.37718909978866577, -0.008636699058115482, 0.9999420642852783
573, 25, 0.4383717477321625, 0.39590296149253845, 0.23809507489204407, 0.029204271733760834
573, 26, 0.42814284563064575, 0.3798740804195404, 0.2141132652759552, 0.04193466901779175
573, 27, 0.4318638741970062, 0.38246238231658936, 0.48571452498435974, 0.26133817434310913
573, 28, 0.42227616906166077, 0.3670458495616913, 0.4525976777076721, 0.2610380947589874
573, 29, 0.4308033883571625, 0.3783286511898041, 0.5150560736656189, 0.8607925176620483
573, 30, 0.4218064248561859, 0.36275714635849, 0.4812868535518646, 0.7726616263389587
573, 31, 0.42246586084365845, 0.38563865423202515, 0.5674381256103516, 0.027227135375142097
573, 32, 0.41705578565597534, 0.36340123414993286, 0.5285077691078186, 0.024057989940047264
574, 0, 0.4577732980251312, 0.441710501909256, -0.15987004339694977, 0.9996463060379028
574, 1, 0.4588596224784851, 0.4393182396888733, -0.16888438165187836, 0.9998683929443359
574, 2, 0.4598531126976013, 0.4382574260234833, -0.16887444257736206, 0.9998279809951782
574, 3, 0.4608058035373688, 0.43716832995414734, -0.16889908909797668, 0.9998175501823425
574, 4, 0.4553692936897278, 0.4416828155517578, -0.17033760249614716, 0.9998944997787476
574, 5, 0.45426931977272034, 0.4420151710510254, -0.17035944759845734, 0.9998652935028076
574, 6, 0.4531412720680237, 0.4422968924045563, -0.1703699678182602, 0.9998915195465088
574, 7, 0.46295347809791565, 0.42925262451171875, -0.16668011248111725, 0.9998047947883606
574, 8, 0.4505864977836609, 0.43637967109680176, -0.1740228533744812, 0.9999372959136963
574, 9, 0.4594293236732483, 0.43586698174476624, -0.15342740714550018, 0.99967360496521
574, 10, 0.4559866786003113, 0.43836715817451477, -0.15573805570602417, 0.9998235106468201
574, 11, 0.47089800238609314, 0.41135483980178833, -0.12921252846717834, 0.9996217489242554
574, 12, 0.44502004981040955, 0.4224613606929779, -0.13778096437454224, 0.9998656511306763
574, 13, 0.47046104073524475, 0.39466768503189087, -0.08151360601186752, 0.9806696772575378
574, 14, 0.43831878900527954, 0.41124555468559265, -0.08187828212976456, 0.9879405498504639
574, 15, 0.46639353036880493, 0.41478851437568665, -0.059316955506801605, 0.9274514317512512
574, 16, 0.43737584352493286, 0.4046323895454407, -0.04786471650004387, 0.9854323267936707
574, 17, 0.4689663052558899, 0.41898372769355774, -0.06538552790880203, 0.9249165058135986
574, 18, 0.43581634759902954, 0.4032052457332611, -0.053743571043014526, 0.9640868306159973
574, 19, 0.46592578291893005, 0.42139777541160583, -0.06953280419111252, 0.9073691964149475
574, 20, 0.43733519315719604, 0.4036010801792145, -0.05728701874613762, 0.9552826285362244
574, 21, 0.46351924538612366, 0.41906359791755676, -0.060249559581279755, 0.8378037214279175
574, 22, 0.4387208819389343, 0.402934193611145, -0.04850759729743004, 0.9563756585121155
574, 23, 0.45504921674728394, 0.3882649838924408, 0.0026483393739908934, 0.9993698000907898
574, 24, 0.44622427225112915, 0.38764825463294983, -0.0026605739258229733, 0.9994876384735107
574, 25, 0.4521278738975525, 0.4081191122531891, 0.10790171474218369, 0.347605437040329
574, 26, 0.4509463906288147, 0.40013039112091064, 0.10046396404504776, 0.13955600559711456
574, 27, 0.44103914499282837, 0.3935236632823944, 0.22529780864715576, 0.7352057695388794
574, 28, 0.44639453291893005, 0.3826504945755005, 0.2203037440776825, 0.43484261631965637
574, 29, 0.43973177671432495, 0.3900204598903656, 0.23966911435127258, 0.8520893454551697
574, 30, 0.44431430101394653, 0.37975019216537476, 0.2341848909854889, 0.4155624210834503
574, 31, 0.4353479743003845, 0.3948870897293091, 0.2521127462387085, 0.08153285831212997
574, 32, 0.44545039534568787, 0.3821027874946594, 0.24292084574699402, 0.02993224561214447
575, 0, 0.4659561216831207, 0.46373966336250305, -0.23238225281238556, 0.9999632835388184
575, 1, 0.46577566862106323, 0.4708600342273712, -0.23025420308113098, 0.9999632835388184
575, 2, 0.46476951241493225, 0.4719652533531189, -0.2302718460559845, 0.9999579191207886
575, 3, 0.46387678384780884, 0.47475212812423706, -0.23033836483955383, 0.9999411106109619
575, 4, 0.46857237815856934, 0.4678936004638672, -0.22799313068389893, 0.9999507665634155
575, 5, 0.46941274404525757, 0.4670388996601105, -0.22802157700061798, 0.9999370574951172
575, 6, 0.47024020552635193, 0.4661754071712494, -0.22804777324199677, 0.9999234676361084
575, 7, 0.4607318043708801, 0.4741586148738861, -0.1974085122346878, 0.9999452829360962
575, 8, 0.47013363242149353, 0.4642612040042877, -0.1874927580356598, 0.9999675750732422
575, 9, 0.4621942937374115, 0.46072250604629517, -0.2189459502696991, 0.9999887943267822
575, 10, 0.46533602476119995, 0.4572412669658661, -0.21601524949073792, 0.9999884366989136
575, 11, 0.44184017181396484, 0.45926904678344727, -0.1642293483018875, 0.9998741149902344
575, 12, 0.4716552197933197, 0.43377411365509033, -0.14007577300071716, 0.9995444416999817
575, 13, 0.4227789342403412, 0.4373473823070526, -0.1830875426530838, 0.9913405776023865
575, 14, 0.4755503535270691, 0.40043318271636963, -0.13145270943641663, 0.911896288394928
575, 15, 0.4074391722679138, 0.41737017035484314, -0.21333375573158264, 0.9117481112480164
575, 16, 0.46921268105506897, 0.37891408801078796, -0.14883556962013245, 0.6749206185340881
575, 17, 0.4026690423488617, 0.4147433936595917, -0.22397036850452423, 0.8430655598640442
575, 18, 0.46868959069252014, 0.37200191617012024, -0.15467442572116852, 0.6205743551254272
575, 19, 0.4045337736606598, 0.4131372272968292, -0.2333104908466339, 0.8566640019416809
575, 20, 0.4663725793361664, 0.37628793716430664, -0.1600193977355957, 0.6230797171592712
575, 21, 0.4069910943508148, 0.4130480885505676, -0.21741339564323425, 0.7960858345031738
575, 22, 0.46601343154907227, 0.37893155217170715, -0.1510459929704666, 0.5990027785301208
575, 23, 0.4352358877658844, 0.4102011024951935, -0.004862454254180193, 0.9997350573539734
575, 24, 0.45234745740890503, 0.3958011269569397, 0.004829226993024349, 0.9999350309371948
575, 25, 0.41612347960472107, 0.3732413053512573, -0.02555987238883972, 0.9152655005455017
575, 26, 0.45551323890686035, 0.3548162579536438, -0.05134613439440727, 0.9642212390899658
575, 27, 0.4199553430080414, 0.3800472319126129, 0.10457517206668854, 0.20892617106437683
575, 28, 0.44512662291526794, 0.36748558282852173, 0.07137332111597061, 0.2296459972858429
575, 29, 0.4221615195274353, 0.38232776522636414, 0.11705778539180756, 0.19743983447551727
575, 30, 0.4428257942199707, 0.3713487982749939, 0.08377815783023834, 0.21052923798561096
575, 31, 0.41579189896583557, 0.37434470653533936, 0.10196246206760406, 0.1792009025812149
575, 32, 0.4450892508029938, 0.35963618755340576, 0.06987942010164261, 0.2418731302022934
576, 0, 0.44750547409057617, 0.4222767651081085, -0.31884345412254333, 0.9990803003311157
576, 1, 0.44711655378341675, 0.4267512559890747, -0.3344428539276123, 0.9998865127563477
576, 2, 0.4464195668697357, 0.4275687038898468, -0.33442267775535583, 0.9997716546058655
576, 3, 0.44567781686782837, 0.4283265769481659, -0.33444640040397644, 0.9998220801353455
576, 4, 0.44882792234420776, 0.4252273440361023, -0.33514344692230225, 0.999862790107727
576, 5, 0.4494588375091553, 0.4247163236141205, -0.33518660068511963, 0.9997205138206482
576, 6, 0.4500505328178406, 0.4241444170475006, -0.3351266086101532, 0.999848484992981
576, 7, 0.4451689124107361, 0.429926335811615, -0.32537952065467834, 0.9999017715454102
576, 8, 0.4508775770664215, 0.4233797788619995, -0.32752516865730286, 0.999931812286377
576, 9, 0.44602078199386597, 0.4203905761241913, -0.30521970987319946, 0.9997068047523499
576, 10, 0.4479643404483795, 0.4184577465057373, -0.30611324310302734, 0.9997875094413757
576, 11, 0.4445062577724457, 0.4315541684627533, -0.256760835647583, 0.9998542070388794
576, 12, 0.4574550688266754, 0.4126763343811035, -0.25922122597694397, 0.999804675579071
576, 13, 0.4268001914024353, 0.43297529220581055, -0.20697113871574402, 0.9937531352043152
576, 14, 0.46392306685447693, 0.38584354519844055, -0.19110500812530518, 0.9848676323890686
576, 15, 0.4242764413356781, 0.42807361483573914, -0.2163732945919037, 0.9619095325469971
576, 16, 0.45833820104599, 0.3943675458431244, -0.17556796967983246, 0.9329882860183716
576, 17, 0.42488956451416016, 0.4310976266860962, -0.24164101481437683, 0.9421671628952026
576, 18, 0.4593479037284851, 0.39900410175323486, -0.19684383273124695, 0.8288850784301758
576, 19, 0.4266662001609802, 0.4316604733467102, -0.246613547205925, 0.9305848479270935
576, 20, 0.45812901854515076, 0.40242254734039307, -0.20229320228099823, 0.8287922143936157
576, 21, 0.4261978268623352, 0.42885369062423706, -0.21965868771076202, 0.904721736907959
576, 22, 0.45684343576431274, 0.40114539861679077, -0.17798088490962982, 0.8709518909454346
576, 23, 0.4387792646884918, 0.40312057733535767, 1.027407961373683e-05, 0.9996597766876221
576, 24, 0.44757217168807983, 0.39098671078681946, 9.234177559847012e-05, 0.9997974038124084
576, 25, 0.431643545627594, 0.415878027677536, 0.2001369297504425, 0.3172129988670349
576, 26, 0.442126601934433, 0.39555126428604126, 0.19561895728111267, 0.1575397253036499
576, 27, 0.4283100664615631, 0.41058242321014404, 0.41539183259010315, 0.3843058943748474
576, 28, 0.4429895877838135, 0.3918125629425049, 0.42204347252845764, 0.031839653849601746
576, 29, 0.43021225929260254, 0.41113582253456116, 0.4391961991786957, 0.4103114604949951
576, 30, 0.44321876764297485, 0.3950200378894806, 0.44736236333847046, 0.024101272225379944
576, 31, 0.4202902317047119, 0.4078730344772339, 0.440876305103302, 0.4511584937572479
576, 32, 0.4393647313117981, 0.3829173743724823, 0.45373624563217163, 0.04384705424308777
577, 0, 0.43948236107826233, 0.42822593450546265, -0.1934337466955185, 0.9626844525337219
577, 1, 0.44242173433303833, 0.42374637722969055, -0.19875213503837585, 0.9697320461273193
577, 2, 0.44427528977394104, 0.42410531640052795, -0.19880075752735138, 0.9603299498558044
577, 3, 0.4461115002632141, 0.4243815243244171, -0.198872908949852, 0.9651563167572021
577, 4, 0.43714040517807007, 0.42136380076408386, -0.199644073843956, 0.9778071045875549
577, 5, 0.4355200231075287, 0.4200954735279083, -0.19965679943561554, 0.9709060788154602
577, 6, 0.4338796138763428, 0.4187745749950409, -0.19969063997268677, 0.9719235301017761
577, 7, 0.4507264196872711, 0.41871440410614014, -0.18509583175182343, 0.9038390517234802
577, 8, 0.43237462639808655, 0.41015034914016724, -0.18831074237823486, 0.9645248055458069
577, 9, 0.44298964738845825, 0.42752212285995483, -0.1833140254020691, 0.9734139442443848
577, 10, 0.4370691776275635, 0.42517006397247314, -0.18429803848266602, 0.9665161371231079
577, 11, 0.4655516743659973, 0.4168652296066284, -0.1381215751171112, 0.9958797693252563
577, 12, 0.4235079884529114, 0.39915624260902405, -0.1383158266544342, 0.9910026788711548
577, 13, 0.47225815057754517, 0.42981913685798645, -0.10763634741306305, 0.9114444851875305
577, 14, 0.40436917543411255, 0.40858331322669983, -0.11584575474262238, 0.9801079630851746
577, 15, 0.458639532327652, 0.4424293637275696, -0.11515951156616211, 0.8353942632675171
577, 16, 0.40472498536109924, 0.42606696486473083, -0.1346285492181778, 0.9848563075065613
577, 17, 0.45831364393234253, 0.4486166536808014, -0.12895962595939636, 0.7626206278800964
577, 18, 0.40233492851257324, 0.43127012252807617, -0.15093562006950378, 0.9491937756538391
577, 19, 0.45379796624183655, 0.44649749994277954, -0.13669942319393158, 0.7209811806678772
577, 20, 0.40702176094055176, 0.4320187568664551, -0.1550101786851883, 0.9316875338554382
577, 21, 0.4524545669555664, 0.4440746307373047, -0.1186458095908165, 0.5856266617774963
577, 22, 0.40891385078430176, 0.43114209175109863, -0.13671953976154327, 0.9217642545700073
577, 23, 0.45826226472854614, 0.3782743811607361, -0.003718499792739749, 0.9996510744094849
577, 24, 0.435744047164917, 0.37343716621398926, 0.0037829861976206303, 0.9992708563804626
577, 25, 0.47365856170654297, 0.41979727149009705, 0.0748162493109703, 0.1900998204946518
577, 26, 0.4346954822540283, 0.4140688180923462, 0.09625349193811417, 0.03942646086215973
577, 27, 0.47892436385154724, 0.4154965579509735, 0.21650762856006622, 0.18618440628051758
577, 28, 0.4314180314540863, 0.4152962267398834, 0.23359708487987518, 0.05361116677522659
577, 29, 0.47884663939476013, 0.412273108959198, 0.23217792809009552, 0.2979181706905365
577, 30, 0.42996591329574585, 0.41143548488616943, 0.24796898663043976, 0.0691433995962143
577, 31, 0.48318415880203247, 0.4266745150089264, 0.23428308963775635, 0.03573448583483696
577, 32, 0.4342162609100342, 0.429301917552948, 0.2471366822719574, 0.019568171352148056
578, 0, 0.4412206709384918, 0.4398440420627594, -0.18025486171245575, 0.9981712102890015
578, 1, 0.4432741105556488, 0.4385901689529419, -0.18765603005886078, 0.9994106292724609
578, 2, 0.4447949528694153, 0.43873727321624756, -0.18765485286712646, 0.9992735981941223
578, 3, 0.4462999403476715, 0.43886587023735046, -0.1876814365386963, 0.9985223412513733
578, 4, 0.43870967626571655, 0.43760979175567627, -0.1889554262161255, 0.9997221827507019
578, 5, 0.43716222047805786, 0.4371057152748108, -0.1890096664428711, 0.9997214674949646
578, 6, 0.4356048107147217, 0.43658387660980225, -0.18905924260616302, 0.9996362924575806
578, 7, 0.44972044229507446, 0.4364766478538513, -0.1805301010608673, 0.9986901879310608
578, 8, 0.4334750771522522, 0.43280091881752014, -0.1864335834980011, 0.9999194145202637
578, 9, 0.44438886642456055, 0.43860867619514465, -0.17219500243663788, 0.9989515542984009
578, 10, 0.43926993012428284, 0.4376290738582611, -0.17404292523860931, 0.9993754029273987
578, 11, 0.461259126663208, 0.42945408821105957, -0.13042983412742615, 0.9984567165374756
578, 12, 0.42656832933425903, 0.4194265902042389, -0.14066043496131897, 0.9986397624015808
578, 13, 0.46753090620040894, 0.4114961326122284, -0.07420763373374939, 0.6955793499946594
578, 14, 0.42700594663619995, 0.39498573541641235, -0.07966101914644241, 0.7388690710067749
578, 15, 0.46242743730545044, 0.42190057039260864, -0.045966848731040955, 0.5792897343635559
578, 16, 0.4334952235221863, 0.39780092239379883, -0.04241634160280228, 0.5976014733314514
578, 17, 0.4640866219997406, 0.42471423745155334, -0.05201166868209839, 0.6376526951789856
578, 18, 0.43268123269081116, 0.39748865365982056, -0.046764034777879715, 0.5691888332366943
578, 19, 0.4605010449886322, 0.42527472972869873, -0.05893399566411972, 0.6013438105583191
578, 20, 0.4346659779548645, 0.39835992455482483, -0.05253876373171806, 0.5058220624923706
578, 21, 0.45855778455734253, 0.4237518012523651, -0.04817673936486244, 0.5056953430175781
578, 22, 0.43611940741539, 0.3988511264324188, -0.043353524059057236, 0.4748760163784027
578, 23, 0.45503348112106323, 0.3939426839351654, -0.0013812171528115869, 0.9988604784011841
578, 24, 0.4399953782558441, 0.39049774408340454, 0.0014878078363835812, 0.9979885816574097
578, 25, 0.46647411584854126, 0.4131799340248108, 0.08729933202266693, 0.6249311566352844
578, 26, 0.4507475793361664, 0.40435823798179626, 0.08866039663553238, 0.20870919525623322
578, 27, 0.47096529603004456, 0.401032030582428, 0.21382692456245422, 0.7400532364845276
578, 28, 0.45736369490623474, 0.39692628383636475, 0.2181684523820877, 0.15611860156059265
578, 29, 0.4710640013217926, 0.39460229873657227, 0.22746768593788147, 0.6587234735488892
578, 30, 0.45673447847366333, 0.39368677139282227, 0.23170451819896698, 0.10921086370944977
578, 31, 0.47304922342300415, 0.4156794548034668, 0.22491046786308289, 0.14952687919139862
578, 32, 0.4618036150932312, 0.4047788381576538, 0.22881153225898743, 0.01639268733561039
579, 0, 0.4412432610988617, 0.43158403038978577, -0.13206449151039124, 0.9983920454978943
579, 1, 0.4415019154548645, 0.43332499265670776, -0.1419338583946228, 0.9991905093193054
579, 2, 0.44204482436180115, 0.433538019657135, -0.1419202834367752, 0.9989199638366699
579, 3, 0.44260111451148987, 0.43374353647232056, -0.14192597568035126, 0.9983457326889038
579, 4, 0.43960198760032654, 0.43310287594795227, -0.14249928295612335, 0.9993736147880554
579, 5, 0.43879619240760803, 0.4330836534500122, -0.14256472885608673, 0.9994282126426697
579, 6, 0.4379941523075104, 0.4330567717552185, -0.14262965321540833, 0.9994348883628845
579, 7, 0.44368863105773926, 0.43466928601264954, -0.1502513289451599, 0.9990315437316895
579, 8, 0.43675488233566284, 0.4333515167236328, -0.15302808582782745, 0.9998453855514526
579, 9, 0.44265565276145935, 0.43076783418655396, -0.13019514083862305, 0.9993495345115662
579, 10, 0.44039386510849, 0.43052881956100464, -0.13115520775318146, 0.9995235204696655
579, 11, 0.44994455575942993, 0.43230167031288147, -0.11137385666370392, 0.999011754989624
579, 12, 0.43688875436782837, 0.4218774437904358, -0.12296843528747559, 0.9997060894966125
579, 13, 0.450543075799942, 0.4093898832798004, -0.06038709357380867, 0.26258984208106995
579, 14, 0.44774165749549866, 0.39560791850090027, -0.07093518227338791, 0.32236576080322266
579, 15, 0.4490068852901459, 0.415301650762558, -0.02964881621301174, 0.17294584214687347
579, 16, 0.45515280961990356, 0.4000245928764343, -0.03487448766827583, 0.23194119334220886
579, 17, 0.4507652223110199, 0.41712409257888794, -0.03132854402065277, 0.1659967601299286
579, 18, 0.45570486783981323, 0.40099477767944336, -0.03625144064426422, 0.18838101625442505
579, 19, 0.4483404755592346, 0.4175558388233185, -0.03359679877758026, 0.16013272106647491
579, 20, 0.456580251455307, 0.40199071168899536, -0.04205840080976486, 0.18598802387714386
579, 21, 0.4474859833717346, 0.41692373156547546, -0.02977350354194641, 0.12414487451314926
579, 22, 0.456697553396225, 0.4022296965122223, -0.03622635453939438, 0.18209610879421234
579, 23, 0.4517502784729004, 0.3891732394695282, 0.0008100458653643727, 0.9991286396980286
579, 24, 0.4458903670310974, 0.3838593661785126, -0.0007291598594747484, 0.9991666078567505
579, 25, 0.45591992139816284, 0.4056543707847595, 0.08459671586751938, 0.2292405515909195
579, 26, 0.44723135232925415, 0.3996305763721466, 0.08361224830150604, 0.10501910001039505
579, 27, 0.4620586037635803, 0.4006025195121765, 0.1946343332529068, 0.4276813864707947
579, 28, 0.4560813307762146, 0.39845767617225647, 0.19408251345157623, 0.10664299875497818
579, 29, 0.4624839425086975, 0.3970701992511749, 0.20587369799613953, 0.32810500264167786
579, 30, 0.4567421078681946, 0.39658787846565247, 0.20517146587371826, 0.10149607062339783
579, 31, 0.4630952775478363, 0.4087086021900177, 0.19834421575069427, 0.11643151938915253
579, 32, 0.4587532579898834, 0.40277451276779175, 0.1983635127544403, 0.030821412801742554
580, 0, 0.43928152322769165, 0.4296836853027344, -0.1951059103012085, 0.9976934790611267
580, 1, 0.4422008991241455, 0.42832785844802856, -0.1993127018213272, 0.9985857009887695
580, 2, 0.4438095986843109, 0.42913609743118286, -0.199340358376503, 0.9982728958129883
580, 3, 0.4454008638858795, 0.42990556359291077, -0.1993873417377472, 0.997139573097229
580, 4, 0.43787145614624023, 0.42528244853019714, -0.2015388458967209, 0.9993625283241272
580, 5, 0.43653497099876404, 0.42403194308280945, -0.2015649974346161, 0.999342143535614
580, 6, 0.4351799488067627, 0.4227474331855774, -0.2015986144542694, 0.9990847110748291
580, 7, 0.4499208927154541, 0.4268606901168823, -0.1785641312599182, 0.9933413863182068
580, 8, 0.43434977531433105, 0.4162352979183197, -0.18803557753562927, 0.999408483505249
580, 9, 0.442272812128067, 0.42930033802986145, -0.18209592998027802, 0.9975814819335938
580, 10, 0.437360942363739, 0.4260571002960205, -0.18494939804077148, 0.9981222748756409
580, 11, 0.46432042121887207, 0.42518606781959534, -0.12320027500391006, 0.9984769225120544
580, 12, 0.4246796667575836, 0.3996947109699249, -0.13493898510932922, 0.9968673586845398
580, 13, 0.47159260511398315, 0.42867311835289, -0.08035194873809814, 0.815531313419342
580, 14, 0.41502755880355835, 0.3995855152606964, -0.08498319983482361, 0.9655271768569946
580, 15, 0.4604831337928772, 0.4403437674045563, -0.08275452256202698, 0.8402122259140015
580, 16, 0.42365187406539917, 0.41779133677482605, -0.07240069657564163, 0.9779821634292603
580, 17, 0.4597499966621399, 0.44679534435272217, -0.0947401151061058, 0.7763795852661133
580, 18, 0.42245039343833923, 0.4228827953338623, -0.08293045312166214, 0.9370185732841492
580, 19, 0.45568495988845825, 0.4444144070148468, -0.10387803614139557, 0.7516643404960632
580, 20, 0.427049458026886, 0.4227364957332611, -0.08944711089134216, 0.9210789799690247
580, 21, 0.4548133909702301, 0.44167014956474304, -0.08691156655550003, 0.6714495420455933
580, 22, 0.4286789298057556, 0.4214155077934265, -0.074413001537323, 0.9101290106773376
580, 23, 0.4581550657749176, 0.38422220945358276, -0.0004979580990038812, 0.999474823474884
580, 24, 0.4399845004081726, 0.37394827604293823, 0.0005560640711337328, 0.9984538555145264
580, 25, 0.4642028212547302, 0.4230148196220398, 0.08440403640270233, 0.1844763606786728
580, 26, 0.4387265145778656, 0.41098421812057495, 0.09028500318527222, 0.0911928117275238
580, 27, 0.46586281061172485, 0.41462162137031555, 0.22964707016944885, 0.2142857015132904
580, 28, 0.437718003988266, 0.41314053535461426, 0.23708871006965637, 0.07191325724124908
580, 29, 0.46566182374954224, 0.4092555046081543, 0.2453926056623459, 0.22187651693820953
580, 30, 0.4363013803958893, 0.40979331731796265, 0.25238236784935, 0.08170642703771591
580, 31, 0.4675399661064148, 0.42857420444488525, 0.24331271648406982, 0.059379152953624725
580, 32, 0.43982523679733276, 0.42560598254203796, 0.24888911843299866, 0.02617231197655201
581, 0, 0.4406546950340271, 0.42899054288864136, -0.16162517666816711, 0.9959878325462341
581, 1, 0.44277510046958923, 0.42866232991218567, -0.1685277372598648, 0.9979360103607178
581, 2, 0.4441254138946533, 0.4291088581085205, -0.16854017972946167, 0.9972590208053589
581, 3, 0.44547039270401, 0.42954936623573303, -0.16857095062732697, 0.9956457018852234
581, 4, 0.4389936327934265, 0.4273505210876465, -0.1708287000656128, 0.9988842606544495
581, 5, 0.4376949369907379, 0.42687684297561646, -0.17087379097938538, 0.9988052845001221
581, 6, 0.4363839626312256, 0.42640066146850586, -0.17092156410217285, 0.9985668063163757
581, 7, 0.448566734790802, 0.42882347106933594, -0.16147330403327942, 0.9928603768348694
581, 8, 0.43504470586776733, 0.4240684509277344, -0.17179429531097412, 0.9994495511054993
581, 9, 0.44317692518234253, 0.4289249777793884, -0.15364454686641693, 0.9974787831306458
581, 10, 0.43872708082199097, 0.4274155795574188, -0.15675774216651917, 0.9983345866203308
581, 11, 0.4599266052246094, 0.4285597801208496, -0.1148093193769455, 0.9976796507835388
581, 12, 0.4266727566719055, 0.41519856452941895, -0.13168883323669434, 0.9976778626441956
581, 13, 0.4634489417076111, 0.41959649324417114, -0.07531304657459259, 0.6239890456199646
581, 14, 0.4248863160610199, 0.40575912594795227, -0.08469141274690628, 0.8137021064758301
581, 15, 0.45758968591690063, 0.4312351644039154, -0.07384467869997025, 0.4636065363883972
581, 16, 0.435861200094223, 0.4194801449775696, -0.06238288804888725, 0.6561824083328247
581, 17, 0.4589685797691345, 0.43464893102645874, -0.08357399702072144, 0.34915781021118164
581, 18, 0.43616238236427307, 0.42316314578056335, -0.07058638334274292, 0.5011759400367737
581, 19, 0.4553755223751068, 0.4354963004589081, -0.09220153838396072, 0.3339698612689972
581, 20, 0.4395107626914978, 0.42234712839126587, -0.07611343264579773, 0.47699329257011414
581, 21, 0.45363640785217285, 0.4337823987007141, -0.07779860496520996, 0.26857858896255493
581, 22, 0.44025731086730957, 0.42117828130722046, -0.06392037868499756, 0.4403422474861145
581, 23, 0.4554867148399353, 0.38942795991897583, 0.0018259615171700716, 0.9993347525596619
581, 24, 0.43996715545654297, 0.3824545443058014, -0.0017306755762547255, 0.9987152814865112
581, 25, 0.4588870108127594, 0.42247122526168823, 0.08355039358139038, 0.22165954113006592
581, 26, 0.44045597314834595, 0.4080917239189148, 0.08045752346515656, 0.1328752487897873
581, 27, 0.4578092694282532, 0.4090695381164551, 0.21795371174812317, 0.18597657978534698
581, 28, 0.44099563360214233, 0.4083349108695984, 0.21893393993377686, 0.037818700075149536
581, 29, 0.4570384919643402, 0.4035126864910126, 0.23237693309783936, 0.12857306003570557
581, 30, 0.43960922956466675, 0.40550822019577026, 0.23296885192394257, 0.0348505824804306
581, 31, 0.4592248499393463, 0.42059195041656494, 0.2283649891614914, 0.07941802591085434
581, 32, 0.4432113766670227, 0.4187668561935425, 0.22752365469932556, 0.015661397948861122
582, 0, 0.4470289349555969, 0.43103960156440735, -0.14178290963172913, 0.9989938139915466
582, 1, 0.4480978548526764, 0.4312891364097595, -0.1519451141357422, 0.9996628761291504
582, 2, 0.4490346312522888, 0.43142953515052795, -0.1519349217414856, 0.9995201826095581
582, 3, 0.4499726891517639, 0.43155208230018616, -0.1519477665424347, 0.9992202520370483
582, 4, 0.44499483704566956, 0.4310368299484253, -0.15169331431388855, 0.9996939897537231
582, 5, 0.44384533166885376, 0.4309678077697754, -0.1517331302165985, 0.9996764659881592
582, 6, 0.4426904618740082, 0.43088221549987793, -0.15176446735858917, 0.9996588230133057
582, 7, 0.45154649019241333, 0.43125343322753906, -0.1596231907606125, 0.9992905855178833
582, 8, 0.44061797857284546, 0.4297422170639038, -0.15879999101161957, 0.9998798370361328
582, 9, 0.4488012194633484, 0.43051987886428833, -0.13932260870933533, 0.9995570778846741
582, 10, 0.44533056020736694, 0.4300384223461151, -0.13921327888965607, 0.9997394680976868
582, 11, 0.4606279730796814, 0.4295905530452728, -0.12074776738882065, 0.9987732768058777
582, 12, 0.4337736666202545, 0.4212334454059601, -0.12364478409290314, 0.9996299743652344
582, 13, 0.4663342535495758, 0.4123800992965698, -0.06593384593725204, 0.7240474224090576
582, 14, 0.4427393078804016, 0.40683767199516296, -0.06753390282392502, 0.5029511451721191
582, 15, 0.46351975202560425, 0.4208899736404419, -0.027115872129797935, 0.44220325350761414
582, 16, 0.4570663571357727, 0.41629573702812195, -0.03680633381009102, 0.4176701605319977
582, 17, 0.4652353823184967, 0.4231904447078705, -0.030680973082780838, 0.3289317786693573
582, 18, 0.4587601125240326, 0.4186733365058899, -0.040760308504104614, 0.326364129781723
582, 19, 0.46197372674942017, 0.4236085116863251, -0.03571483865380287, 0.29594406485557556
582, 20, 0.4612441658973694, 0.4191387891769409, -0.04807846248149872, 0.3164587914943695
582, 21, 0.460667222738266, 0.4226890504360199, -0.02835499681532383, 0.284309059381485
582, 22, 0.46139949560165405, 0.4183156192302704, -0.0387648306787014, 0.36065980792045593
582, 23, 0.4604191780090332, 0.3924429714679718, -0.0019632645417004824, 0.9999016523361206
582, 24, 0.4458651542663574, 0.38614386320114136, 0.002044972497969866, 0.9998481273651123
582, 25, 0.4713205397129059, 0.4102768003940582, 0.08514397591352463, 0.7621131539344788
582, 26, 0.4398806691169739, 0.3973153531551361, 0.09083878993988037, 0.2384350299835205
582, 27, 0.47239890694618225, 0.40447407960891724, 0.21071621775627136, 0.5644804239273071
582, 28, 0.4354160726070404, 0.39547649025917053, 0.21800489723682404, 0.11825301498174667
582, 29, 0.47196444869041443, 0.4020407795906067, 0.22469599545001984, 0.47762978076934814
582, 30, 0.4337975084781647, 0.39324697852134705, 0.23166577517986298, 0.0900743305683136
582, 31, 0.4736747741699219, 0.41025134921073914, 0.2275230586528778, 0.2375534176826477
582, 32, 0.43550753593444824, 0.40253084897994995, 0.2330421507358551, 0.037186358124017715
583, 0, 0.4403076767921448, 0.42879796028137207, -0.1873069852590561, 0.998766303062439
583, 1, 0.4423080384731293, 0.4275028705596924, -0.1916624903678894, 0.9993934631347656
583, 2, 0.4436512887477875, 0.4281299114227295, -0.1916763186454773, 0.9991004467010498
583, 3, 0.4449830651283264, 0.42873525619506836, -0.1917138397693634, 0.9986710548400879
583, 4, 0.4386252462863922, 0.4253796339035034, -0.19394496083259583, 0.9997126460075378
583, 5, 0.4373916685581207, 0.42457085847854614, -0.19398266077041626, 0.9996745586395264
583, 6, 0.43614083528518677, 0.42375606298446655, -0.1940191686153412, 0.9996206760406494
583, 7, 0.44839054346084595, 0.42747223377227783, -0.17377182841300964, 0.9972330927848816
583, 8, 0.4350988268852234, 0.42016473412513733, -0.1838650107383728, 0.9998173117637634
583, 9, 0.44303423166275024, 0.4291529655456543, -0.1755494326353073, 0.9987525939941406
583, 10, 0.43863582611083984, 0.4269057512283325, -0.17858445644378662, 0.9990717172622681
583, 11, 0.461309015750885, 0.4281289279460907, -0.1202143207192421, 0.998396098613739
583, 12, 0.42705482244491577, 0.4100119173526764, -0.13527904450893402, 0.9979221224784851
583, 13, 0.46254223585128784, 0.42376619577407837, -0.08628352731466293, 0.6613045930862427
583, 14, 0.42144814133644104, 0.4051753282546997, -0.09271429479122162, 0.9392611384391785
583, 15, 0.4541095793247223, 0.429850310087204, -0.09562194347381592, 0.6506722569465637
583, 16, 0.43029046058654785, 0.417540580034256, -0.07874680310487747, 0.9192773699760437
583, 17, 0.4540674090385437, 0.43382948637008667, -0.10813005268573761, 0.5341629385948181
583, 18, 0.429811954498291, 0.42181265354156494, -0.08885084837675095, 0.8225062489509583
583, 19, 0.4505555033683777, 0.43337157368659973, -0.11651001125574112, 0.5201826095581055
583, 20, 0.4332311749458313, 0.4211472272872925, -0.09435338526964188, 0.797069787979126
583, 21, 0.44939756393432617, 0.4316205382347107, -0.09989809989929199, 0.42813777923583984
583, 22, 0.43453797698020935, 0.4199520945549011, -0.08045996725559235, 0.7787250876426697
583, 23, 0.45760345458984375, 0.38829654455184937, 0.0003309373860247433, 0.9996458292007446
583, 24, 0.44056224822998047, 0.3803156018257141, -0.0002826288400683552, 0.999382495880127
583, 25, 0.46477794647216797, 0.4238112270832062, 0.08230340480804443, 0.3269098997116089
583, 26, 0.43970274925231934, 0.41088104248046875, 0.08470350503921509, 0.15857233107089996
583, 27, 0.4614036977291107, 0.4152074456214905, 0.22030594944953918, 0.2502555549144745
583, 28, 0.43897801637649536, 0.41490691900253296, 0.22659079730510712, 0.06109817326068878
583, 29, 0.4601522982120514, 0.4112354815006256, 0.23494461178779602, 0.17419205605983734
583, 30, 0.43741360306739807, 0.41282323002815247, 0.24099203944206238, 0.05047529563307762
583, 31, 0.4627271592617035, 0.4263625144958496, 0.23036177456378937, 0.12069511413574219
583, 32, 0.4416828155517578, 0.425888329744339, 0.2359226644039154, 0.037481509149074554
584, 0, 0.4418799877166748, 0.44184958934783936, -0.13402476906776428, 0.9991670846939087
584, 1, 0.4430999159812927, 0.4425743520259857, -0.14236851036548615, 0.9995282888412476
584, 2, 0.4441390931606293, 0.44283387064933777, -0.1423572599887848, 0.9994077682495117
584, 3, 0.44517189264297485, 0.443093478679657, -0.14235933125019073, 0.9987700581550598
584, 4, 0.43990954756736755, 0.44181028008461, -0.14334076642990112, 0.9996789693832397
584, 5, 0.43873682618141174, 0.4415357708930969, -0.14339806139469147, 0.9996856451034546
584, 6, 0.4375612139701843, 0.4412688910961151, -0.14346635341644287, 0.9996212720870972
584, 7, 0.4472195506095886, 0.4430030286312103, -0.14655642211437225, 0.9992352724075317
584, 8, 0.436015784740448, 0.44019240140914917, -0.15133538842201233, 0.9998987913131714
584, 9, 0.4441896080970764, 0.4413888156414032, -0.13108058273792267, 0.9996991157531738
584, 10, 0.44053515791893005, 0.4405001699924469, -0.13253502547740936, 0.9997922778129578
584, 11, 0.45634350180625916, 0.4368070363998413, -0.11025650799274445, 0.9993163347244263
584, 12, 0.43275079131126404, 0.42947548627853394, -0.12310495227575302, 0.9997076392173767
584, 13, 0.46260517835617065, 0.40507614612579346, -0.064006507396698, 0.5134232640266418
584, 14, 0.44035372138023376, 0.4036223888397217, -0.0727541446685791, 0.6692280173301697
584, 15, 0.4610230028629303, 0.40814733505249023, -0.03642534092068672, 0.18620766699314117
584, 16, 0.4523769021034241, 0.41433557868003845, -0.033299520611763, 0.2556982636451721
584, 17, 0.4634278416633606, 0.4082247316837311, -0.03901761770248413, 0.14638908207416534
584, 18, 0.45347079634666443, 0.41624879837036133, -0.034061457961797714, 0.17750012874603271
584, 19, 0.4603484272956848, 0.40843474864959717, -0.0425645112991333, 0.12735699117183685
584, 20, 0.4558787941932678, 0.4165746569633484, -0.04040523245930672, 0.15921053290367126
584, 21, 0.4589177072048187, 0.40865328907966614, -0.0373029001057148, 0.10353756695985794
584, 22, 0.45612937211990356, 0.41621166467666626, -0.034625180065631866, 0.16095693409442902
584, 23, 0.4548918604850769, 0.40125638246536255, 0.001340394257567823, 0.999494194984436
584, 24, 0.44501346349716187, 0.39507827162742615, -0.0012562006013467908, 0.9993830919265747
584, 25, 0.46105557680130005, 0.40815144777297974, 0.08636768907308578, 0.459423303604126
584, 26, 0.4465298056602478, 0.390932559967041, 0.07092070579528809, 0.2264646589756012
584, 27, 0.47004079818725586, 0.39786210656166077, 0.19861377775669098, 0.6135367155075073
584, 28, 0.4514037072658539, 0.3894381523132324, 0.18980683386325836, 0.09628566354513168
584, 29, 0.4719913601875305, 0.3929876685142517, 0.21056202054023743, 0.5294708013534546
584, 30, 0.45146673917770386, 0.3869284391403198, 0.20240958034992218, 0.0969705581665039
584, 31, 0.47143658995628357, 0.40599218010902405, 0.2045949399471283, 0.12738460302352905
584, 32, 0.45339614152908325, 0.3963988423347473, 0.1973063200712204, 0.012187822721898556
585, 0, 0.4402305483818054, 0.43560099601745605, -0.12648828327655792, 0.9992049336433411
585, 1, 0.44235891103744507, 0.4349444806575775, -0.1345977485179901, 0.9994624257087708
585, 2, 0.4437350332736969, 0.43545058369636536, -0.1345861554145813, 0.9992853999137878
585, 3, 0.4451013207435608, 0.4359487295150757, -0.13459442555904388, 0.9984922409057617
585, 4, 0.4381752014160156, 0.433307021856308, -0.13555796444416046, 0.9997418522834778
585, 5, 0.4367403984069824, 0.43270495533943176, -0.13560980558395386, 0.9997758269309998
585, 6, 0.4353014826774597, 0.4321058392524719, -0.13566520810127258, 0.9997492432594299
585, 7, 0.44850292801856995, 0.4360002279281616, -0.13851892948150635, 0.9991397857666016
585, 8, 0.43387776613235474, 0.4299340546131134, -0.14303039014339447, 0.9999353885650635
585, 9, 0.4432717263698578, 0.4363080859184265, -0.12352137267589569, 0.9994843006134033
585, 10, 0.4386131167411804, 0.434550017118454, -0.12493288516998291, 0.9997748732566833
585, 11, 0.4603044390678406, 0.43660247325897217, -0.10209375619888306, 0.9989023208618164
585, 12, 0.4293903410434723, 0.4179023206233978, -0.1148492842912674, 0.9997246861457825
585, 13, 0.4642638564109802, 0.41722267866134644, -0.055451612919569016, 0.48438921570777893
585, 14, 0.4355603754520416, 0.3936639428138733, -0.06313307583332062, 0.49022918939590454
585, 15, 0.4589528441429138, 0.4257063567638397, -0.021631117910146713, 0.1933719664812088
585, 16, 0.4486082196235657, 0.40249019861221313, -0.02089075930416584, 0.1730474829673767
585, 17, 0.4606809616088867, 0.4282147288322449, -0.021782152354717255, 0.20411747694015503
585, 18, 0.44978803396224976, 0.40324684977531433, -0.020283183082938194, 0.1824251264333725
585, 19, 0.4576649069786072, 0.42708298563957214, -0.024506794288754463, 0.17959380149841309
585, 20, 0.45196396112442017, 0.40411025285720825, -0.02458077296614647, 0.15803007781505585
585, 21, 0.45607271790504456, 0.42563551664352417, -0.02174658328294754, 0.13735726475715637
585, 22, 0.4524784982204437, 0.40454381704330444, -0.02118375338613987, 0.1544187366962433
585, 23, 0.45815223455429077, 0.3975263237953186, 0.003573186229914427, 0.9998295307159424
585, 24, 0.4442109167575836, 0.38565635681152344, -0.003504473250359297, 0.9998441934585571
585, 25, 0.46202945709228516, 0.4089773893356323, 0.08346405625343323, 0.5278236269950867
585, 26, 0.4419493079185486, 0.3902260959148407, 0.06676770746707916, 0.44948768615722656
585, 27, 0.46550989151000977, 0.3985157907009125, 0.1883116066455841, 0.5758076906204224
585, 28, 0.44775015115737915, 0.3930312991142273, 0.17837439477443695, 0.2672768533229828
585, 29, 0.46589747071266174, 0.3944498300552368, 0.19993866980075836, 0.5085746049880981
585, 30, 0.4482772946357727, 0.3919857442378998, 0.19039472937583923, 0.25535494089126587
585, 31, 0.46560317277908325, 0.4048851430416107, 0.20132645964622498, 0.11832620948553085
585, 32, 0.4496475160121918, 0.4003251791000366, 0.19291521608829498, 0.03323094919323921
586, 0, 0.4398239254951477, 0.4270232617855072, -0.18788008391857147, 0.9980576634407043
586, 1, 0.4423462748527527, 0.4258922040462494, -0.19328317046165466, 0.9991679191589355
586, 2, 0.4438108503818512, 0.42671647667884827, -0.19329321384429932, 0.9990354776382446
586, 3, 0.44526368379592896, 0.42751291394233704, -0.19332797825336456, 0.9982478618621826
586, 4, 0.4383409023284912, 0.42298424243927, -0.1955270618200302, 0.999529242515564
586, 5, 0.4370458722114563, 0.42184168100357056, -0.1955704540014267, 0.9995622038841248
586, 6, 0.4357384145259857, 0.4206763803958893, -0.19560343027114868, 0.9994006156921387
586, 7, 0.4493890404701233, 0.42564600706100464, -0.17680761218070984, 0.9966649413108826
586, 8, 0.4348846971988678, 0.41548892855644226, -0.18671269714832306, 0.9997537732124329
586, 9, 0.4427741467952728, 0.4272071123123169, -0.1763528734445572, 0.9984322190284729
586, 10, 0.43810170888900757, 0.4240477681159973, -0.1793300360441208, 0.9988518953323364
586, 11, 0.4620991349220276, 0.42699670791625977, -0.11809971183538437, 0.9976173043251038
586, 12, 0.42791420221328735, 0.4006325602531433, -0.1372983753681183, 0.9965595602989197
586, 13, 0.4681578278541565, 0.43005651235580444, -0.06532755494117737, 0.7429836988449097
586, 14, 0.42539042234420776, 0.39891302585601807, -0.07889420539140701, 0.9414588212966919
586, 15, 0.461965948343277, 0.4423901438713074, -0.055250007659196854, 0.8145908713340759
586, 16, 0.4328343868255615, 0.41862159967422485, -0.05062948539853096, 0.9471526741981506
586, 17, 0.4626554548740387, 0.447908490896225, -0.06446782499551773, 0.7510014176368713
586, 18, 0.43129920959472656, 0.42344212532043457, -0.05887455865740776, 0.8804798722267151
586, 19, 0.4589238166809082, 0.4458051323890686, -0.07360998541116714, 0.732099711894989
586, 20, 0.4351302981376648, 0.4233767092227936, -0.06560704112052917, 0.8628240823745728
586, 21, 0.45763498544692993, 0.44325605034828186, -0.05909513682126999, 0.6381905674934387
586, 22, 0.43675708770751953, 0.4221849739551544, -0.05240452289581299, 0.849157452583313
586, 23, 0.4591178297996521, 0.3885428011417389, 0.003683683695271611, 0.999605119228363
586, 24, 0.44272375106811523, 0.3773152232170105, -0.0035983375273644924, 0.9990248680114746
586, 25, 0.46589428186416626, 0.42502063512802124, 0.08829806745052338, 0.1686282604932785
586, 26, 0.4388757646083832, 0.41177791357040405, 0.08267400413751602, 0.11217869818210602
586, 27, 0.46386152505874634, 0.4166296720504761, 0.2308868169784546, 0.13176394999027252
586, 28, 0.4377736449241638, 0.4153214395046234, 0.22932343184947968, 0.048298995941877365
586, 29, 0.46292251348495483, 0.4120785892009735, 0.2464427500963211, 0.11641178280115128
586, 30, 0.4364705979824066, 0.41231536865234375, 0.244603231549263, 0.053162507712841034
586, 31, 0.46458014845848083, 0.4292636811733246, 0.24324962496757507, 0.04445618763566017
586, 32, 0.4386197626590729, 0.42867860198020935, 0.23990896344184875, 0.019764546304941177
587, 0, 0.4400416910648346, 0.4274967312812805, -0.17850157618522644, 0.9990020394325256
587, 1, 0.4392243027687073, 0.42974019050598145, -0.18983840942382812, 0.9997228980064392
587, 2, 0.43940624594688416, 0.4299682080745697, -0.18981987237930298, 0.9996194839477539
587, 3, 0.4395960867404938, 0.43016642332077026, -0.1898268759250641, 0.9994922876358032
587, 4, 0.43834877014160156, 0.4296115040779114, -0.19051845371723175, 0.9997838139533997
587, 5, 0.437882661819458, 0.42968863248825073, -0.19058868288993835, 0.9997835755348206
587, 6, 0.43742483854293823, 0.4297463595867157, -0.19063645601272583, 0.9998131394386292
587, 7, 0.4397207796573639, 0.43248575925827026, -0.193009153008461, 0.9998676776885986
587, 8, 0.4365038275718689, 0.43154969811439514, -0.19644233584403992, 0.9999713897705078
587, 9, 0.44118690490722656, 0.42731934785842896, -0.17321717739105225, 0.9997819066047668
587, 10, 0.44005054235458374, 0.4272080361843109, -0.17440275847911835, 0.999854326248169
587, 11, 0.4424212574958801, 0.431334912776947, -0.1466638594865799, 0.9994528889656067
587, 12, 0.44276389479637146, 0.4265635311603546, -0.15709124505519867, 0.9997794032096863
587, 13, 0.44233742356300354, 0.4018380343914032, -0.09082794189453125, 0.6674694418907166
587, 14, 0.4591568112373352, 0.4034351706504822, -0.09678780287504196, 0.7093229293823242
587, 15, 0.4472731947898865, 0.39975273609161377, -0.06684009730815887, 0.36623135209083557
587, 16, 0.4678894877433777, 0.39607369899749756, -0.06212808936834335, 0.5682355165481567
587, 17, 0.4494551718235016, 0.399748831987381, -0.07401403039693832, 0.3456127643585205
587, 18, 0.4700758457183838, 0.39474454522132874, -0.06851153820753098, 0.48422884941101074
587, 19, 0.44880232214927673, 0.40118250250816345, -0.0764542743563652, 0.32955077290534973
587, 20, 0.46929794549942017, 0.3946574032306671, -0.07620872557163239, 0.5063628554344177
587, 21, 0.44815176725387573, 0.40118294954299927, -0.06741652637720108, 0.25389423966407776
587, 22, 0.46860355138778687, 0.39535313844680786, -0.06454246491193771, 0.513293445110321
587, 23, 0.4492541253566742, 0.3957359790802002, -0.00035344428033567965, 0.9997103810310364
587, 24, 0.4497045576572418, 0.39394035935401917, 0.0004634520155377686, 0.9997103810310364
587, 25, 0.4555448591709137, 0.3972502052783966, 0.12223293632268906, 0.21149441599845886
587, 26, 0.45060738921165466, 0.39497047662734985, 0.12340690195560455, 0.08203576505184174
587, 27, 0.46120184659957886, 0.3954750597476959, 0.26280641555786133, 0.2992827296257019
587, 28, 0.45774707198143005, 0.39386722445487976, 0.2591179311275482, 0.04960279166698456
587, 29, 0.46220073103904724, 0.3942910134792328, 0.27798500657081604, 0.25020575523376465
587, 30, 0.4578927159309387, 0.39380866289138794, 0.27393200993537903, 0.042429886758327484
587, 31, 0.4609512388706207, 0.3997957110404968, 0.27689945697784424, 0.0734504759311676
587, 32, 0.45907145738601685, 0.3937317430973053, 0.2725633382797241, 0.013498466461896896
588, 0, 0.44301310181617737, 0.4316554069519043, -0.1289767026901245, 0.9988210797309875
588, 1, 0.4446164667606354, 0.43223971128463745, -0.1410328894853592, 0.9991617202758789
588, 2, 0.4457525610923767, 0.43252208828926086, -0.14101558923721313, 0.9990622401237488
588, 3, 0.4468909204006195, 0.4327915906906128, -0.1410214751958847, 0.9979487061500549
588, 4, 0.44114986062049866, 0.43152326345443726, -0.14180444180965424, 0.9995880722999573
588, 5, 0.4398807883262634, 0.43123286962509155, -0.14185930788516998, 0.9997022747993469
588, 6, 0.4386056363582611, 0.430934876203537, -0.14190486073493958, 0.9996267557144165
588, 7, 0.44945019483566284, 0.4328269958496094, -0.15508539974689484, 0.9987063407897949
588, 8, 0.43707752227783203, 0.4294973611831665, -0.1588132530450821, 0.9998691082000732
588, 9, 0.4452635645866394, 0.43116429448127747, -0.1284656822681427, 0.9993212223052979
588, 10, 0.44129133224487305, 0.43026313185691833, -0.1296846866607666, 0.9996273517608643
588, 11, 0.4590070843696594, 0.4324547350406647, -0.12016867101192474, 0.9980985522270203
588, 12, 0.4319079518318176, 0.41878843307495117, -0.13013163208961487, 0.9995068311691284
588, 13, 0.45890945196151733, 0.41409754753112793, -0.06416511535644531, 0.7252143621444702
588, 14, 0.4387643337249756, 0.3970954418182373, -0.07379956543445587, 0.7104461193084717
588, 15, 0.4565252661705017, 0.4275514483451843, -0.025938063859939575, 0.37109220027923584
588, 16, 0.45098504424095154, 0.40959200263023376, -0.029937485232949257, 0.33476272225379944
588, 17, 0.4590955376625061, 0.4311932921409607, -0.028470147401094437, 0.31372708082199097
588, 18, 0.45186394453048706, 0.41236206889152527, -0.031869858503341675, 0.2693849802017212
588, 19, 0.4564656615257263, 0.43100354075431824, -0.030960220843553543, 0.27105680108070374
588, 20, 0.4543982446193695, 0.41163527965545654, -0.03714601323008537, 0.24279353022575378
588, 21, 0.4546782076358795, 0.4290347695350647, -0.02609667181968689, 0.21942442655563354
588, 22, 0.4546871781349182, 0.4110924303531647, -0.03084852173924446, 0.24927650392055511
588, 23, 0.4578537046909332, 0.3908543884754181, 0.002783796051517129, 0.999506950378418
588, 24, 0.4457301199436188, 0.38339364528656006, -0.0027135552372783422, 0.9993669390678406
588, 25, 0.45927923917770386, 0.41093385219573975, 0.10028095543384552, 0.3508932292461395
588, 26, 0.4433848261833191, 0.3995014727115631, 0.09103580564260483, 0.22186614573001862
588, 27, 0.4596690237522125, 0.4067532420158386, 0.22468963265419006, 0.49548986554145813
588, 28, 0.44605380296707153, 0.4066285789012909, 0.21850314736366272, 0.18365636467933655
588, 29, 0.4595154821872711, 0.4027136564254761, 0.23843440413475037, 0.3857085704803467
588, 30, 0.445532888174057, 0.4054287075996399, 0.23211637139320374, 0.17766015231609344
588, 31, 0.4598635733127594, 0.4185154438018799, 0.23806869983673096, 0.09079962968826294
588, 32, 0.4476856291294098, 0.4172746539115906, 0.23201486468315125, 0.0259429719299078
589, 0, 0.43853798508644104, 0.42715075612068176, -0.18548133969306946, 0.9995033740997314
589, 1, 0.43848758935928345, 0.4274219572544098, -0.19446633756160736, 0.9998445510864258
589, 2, 0.43914204835891724, 0.4276321530342102, -0.19445084035396576, 0.9998173117637634
589, 3, 0.43979376554489136, 0.4278114438056946, -0.1944509744644165, 0.9996528625488281
589, 4, 0.43643718957901, 0.4267022907733917, -0.19618982076644897, 0.9999097585678101
589, 5, 0.43567734956741333, 0.4264519512653351, -0.19625629484653473, 0.9999203681945801
589, 6, 0.4349145293235779, 0.42617514729499817, -0.1963004320859909, 0.9998992681503296
589, 7, 0.44153299927711487, 0.4283144176006317, -0.18961481750011444, 0.9998369216918945
589, 8, 0.4339234232902527, 0.4253281354904175, -0.19761553406715393, 0.999981164932251
589, 9, 0.4408048987388611, 0.4269494414329529, -0.1776173710823059, 0.9997605681419373
589, 10, 0.4383634924888611, 0.42625731229782104, -0.18010763823986053, 0.9998451471328735
589, 11, 0.4486618638038635, 0.4266427457332611, -0.13766974210739136, 0.9990609288215637
589, 12, 0.4369194507598877, 0.41820573806762695, -0.15376593172550201, 0.9995500445365906
589, 13, 0.450812965631485, 0.40688595175743103, -0.08141917735338211, 0.7872884273529053
589, 14, 0.4483080506324768, 0.39822086691856384, -0.08964972198009491, 0.783104658126831
589, 15, 0.44958385825157166, 0.4191164970397949, -0.05607719346880913, 0.6041995286941528
589, 16, 0.4535677433013916, 0.40328249335289, -0.046304184943437576, 0.6293988227844238
589, 17, 0.451333224773407, 0.42313432693481445, -0.062280286103487015, 0.5638264417648315
589, 18, 0.4537143111228943, 0.404226690530777, -0.05044614151120186, 0.5164362788200378
589, 19, 0.4487130045890808, 0.4229368567466736, -0.0651717260479927, 0.5232290625572205
589, 20, 0.4545477330684662, 0.40379220247268677, -0.056007348001003265, 0.48134350776672363
589, 21, 0.4478514790534973, 0.4213884472846985, -0.05683092027902603, 0.43957459926605225
589, 22, 0.45478519797325134, 0.4038855731487274, -0.047244101762771606, 0.5051056742668152
589, 23, 0.4537133574485779, 0.3925814628601074, 0.0002204345801146701, 0.9998469352722168
589, 24, 0.44833678007125854, 0.3909364938735962, -0.00012320242240093648, 0.9997137188911438
589, 25, 0.4632885456085205, 0.4016638398170471, 0.11028669029474258, 0.5654104351997375
589, 26, 0.44879913330078125, 0.39791086316108704, 0.1124534159898758, 0.21903027594089508
589, 27, 0.46679216623306274, 0.39878496527671814, 0.24972084164619446, 0.5032574534416199
589, 28, 0.45611971616744995, 0.39569443464279175, 0.24782514572143555, 0.09031826257705688
589, 29, 0.46725064516067505, 0.39528173208236694, 0.26484331488609314, 0.3797687590122223
589, 30, 0.4560663104057312, 0.3940635323524475, 0.26246199011802673, 0.05718924477696419
589, 31, 0.46762171387672424, 0.40921515226364136, 0.26433879137039185, 0.16258485615253448
589, 32, 0.459555059671402, 0.39957088232040405, 0.2628243863582611, 0.026104934513568878
590, 0, 0.43977490067481995, 0.4271281361579895, -0.18564021587371826, 0.9993523955345154
590, 1, 0.4388687014579773, 0.42853453755378723, -0.19606110453605652, 0.9997814297676086
590, 2, 0.43918338418006897, 0.4286627173423767, -0.19603782892227173, 0.9997664093971252
590, 3, 0.43950575590133667, 0.42874857783317566, -0.19603857398033142, 0.9995579123497009
590, 4, 0.4377395510673523, 0.42844852805137634, -0.19792325794696808, 0.9998517036437988
590, 5, 0.4372519850730896, 0.42849111557006836, -0.1979990303516388, 0.9998894929885864
590, 6, 0.43676862120628357, 0.4285028576850891, -0.19803549349308014, 0.9998645782470703
590, 7, 0.44030866026878357, 0.4299863278865814, -0.19431711733341217, 0.9998722076416016
590, 8, 0.4361487030982971, 0.42918387055397034, -0.20328620076179504, 0.9999790191650391
590, 9, 0.44149214029312134, 0.4266131520271301, -0.1784539669752121, 0.9996894598007202
590, 10, 0.4400715231895447, 0.42658179998397827, -0.1812719702720642, 0.9997846484184265
590, 11, 0.4449687898159027, 0.4273756146430969, -0.14269548654556274, 0.9987748265266418
590, 12, 0.4424867033958435, 0.4253784120082855, -0.16101603209972382, 0.9995003938674927
590, 13, 0.44352245330810547, 0.4056818187236786, -0.08566489070653915, 0.7623134255409241
590, 14, 0.455789178609848, 0.41313815116882324, -0.10150153934955597, 0.7621099352836609
590, 15, 0.4476394057273865, 0.41927385330200195, -0.059166498482227325, 0.5629554390907288
590, 16, 0.45948830246925354, 0.4171321392059326, -0.06011511757969856, 0.6137957572937012
590, 17, 0.45006999373435974, 0.4238470196723938, -0.0656086653470993, 0.4984660744667053
590, 18, 0.45990079641342163, 0.41881778836250305, -0.0659874826669693, 0.5151379704475403
590, 19, 0.4487561583518982, 0.42456182837486267, -0.06652538478374481, 0.46071329712867737
590, 20, 0.45966029167175293, 0.4173521399497986, -0.0708201602101326, 0.5015376806259155
590, 21, 0.44802403450012207, 0.4227919578552246, -0.05906696245074272, 0.3535001575946808
590, 22, 0.45965614914894104, 0.41670629382133484, -0.061025261878967285, 0.49792107939720154
590, 23, 0.45236554741859436, 0.3908149302005768, 0.000629451940767467, 0.999716579914093
590, 24, 0.45169180631637573, 0.3919658660888672, -0.0005356617621146142, 0.9995655417442322
590, 25, 0.4590090811252594, 0.4024944007396698, 0.1249915137887001, 0.2332160621881485
590, 26, 0.451514333486557, 0.40478643774986267, 0.12988805770874023, 0.08024502545595169
590, 27, 0.463169664144516, 0.40049946308135986, 0.2728833854198456, 0.2801801562309265
590, 28, 0.457136332988739, 0.402145117521286, 0.269977867603302, 0.05429740622639656
590, 29, 0.46355995535850525, 0.3986950218677521, 0.28886738419532776, 0.21621699631214142
590, 30, 0.456793874502182, 0.4011137783527374, 0.2850731611251831, 0.04669647663831711
590, 31, 0.4647369980812073, 0.40747129917144775, 0.28664693236351013, 0.09635117650032043
590, 32, 0.4595867097377777, 0.4035516083240509, 0.28291404247283936, 0.021633513271808624
591, 0, 0.4405061602592468, 0.42941054701805115, -0.16688238084316254, 0.9996607303619385
591, 1, 0.44147032499313354, 0.4307965040206909, -0.17855560779571533, 0.9997361302375793
591, 2, 0.44229555130004883, 0.4314218759536743, -0.1785374879837036, 0.9997466206550598
591, 3, 0.4431265890598297, 0.432023823261261, -0.1785285770893097, 0.999538779258728
591, 4, 0.43903931975364685, 0.429198682308197, -0.18060284852981567, 0.9998546838760376
591, 5, 0.4381779730319977, 0.42869681119918823, -0.1806664615869522, 0.999881386756897
591, 6, 0.4373120665550232, 0.42816951870918274, -0.18070530891418457, 0.9998395442962646
591, 7, 0.445220410823822, 0.43316787481307983, -0.18424294888973236, 0.9996639490127563
591, 8, 0.4365347921848297, 0.42697617411613464, -0.1941058337688446, 0.9999327659606934
591, 9, 0.44238218665122986, 0.42926353216171265, -0.1625588834285736, 0.9997838139533997
591, 10, 0.43952804803848267, 0.42758995294570923, -0.16559474170207977, 0.9998527765274048
591, 11, 0.45269376039505005, 0.43600189685821533, -0.14096586406230927, 0.9992097616195679
591, 12, 0.4353943467140198, 0.4179404377937317, -0.15823449194431305, 0.9996028542518616
591, 13, 0.4570961594581604, 0.42897889018058777, -0.08518107235431671, 0.8002750873565674
591, 14, 0.44247332215309143, 0.406289279460907, -0.10563266277313232, 0.9406401515007019
591, 15, 0.4549940228462219, 0.4423321485519409, -0.06333763152360916, 0.7379223108291626
591, 16, 0.44532060623168945, 0.41718271374702454, -0.07233697921037674, 0.8362307548522949
591, 17, 0.4567384123802185, 0.44765475392341614, -0.07267012447118759, 0.6806859374046326
591, 18, 0.44423848390579224, 0.41938939690589905, -0.0817350298166275, 0.7354775667190552
591, 19, 0.45412784814834595, 0.4458889961242676, -0.07821488380432129, 0.6594039797782898
591, 20, 0.44593730568885803, 0.41901737451553345, -0.08701464533805847, 0.7249264717102051
591, 21, 0.4529058337211609, 0.4431103467941284, -0.0656406581401825, 0.5545588135719299
591, 22, 0.44660887122154236, 0.418439656496048, -0.0740474984049797, 0.6909183859825134
591, 23, 0.4562082290649414, 0.3894427418708801, 0.004807392135262489, 0.9997050166130066
591, 24, 0.44961681962013245, 0.3827214539051056, -0.00476192869246006, 0.9994992017745972
591, 25, 0.4576258063316345, 0.41379034519195557, 0.11960949748754501, 0.21874910593032837
591, 26, 0.4462440609931946, 0.4121774435043335, 0.11343114078044891, 0.19116155803203583
591, 27, 0.45962101221084595, 0.4112042188644409, 0.269431471824646, 0.21550898253917694
591, 28, 0.44801291823387146, 0.4099869132041931, 0.26076409220695496, 0.07994026690721512
591, 29, 0.459965318441391, 0.40832918882369995, 0.2859089970588684, 0.1665620654821396
591, 30, 0.44759970903396606, 0.4086609184741974, 0.27640628814697266, 0.06182121858000755
591, 31, 0.4588211476802826, 0.420295387506485, 0.28345316648483276, 0.07910211384296417
591, 32, 0.44755497574806213, 0.4136207699775696, 0.27363118529319763, 0.03033515438437462
592, 0, 0.44480031728744507, 0.43048831820487976, -0.1625709980726242, 0.995895266532898
592, 1, 0.44601374864578247, 0.43094146251678467, -0.17401115596294403, 0.9968189001083374
592, 2, 0.44689273834228516, 0.43111711740493774, -0.17400136590003967, 0.9972698092460632
592, 3, 0.4477713704109192, 0.43126052618026733, -0.17401067912578583, 0.9963471293449402
592, 4, 0.4433855414390564, 0.4303951561450958, -0.1752319633960724, 0.9974484443664551
592, 5, 0.4425002634525299, 0.4301498532295227, -0.17527274787425995, 0.9979069232940674
592, 6, 0.44159555435180664, 0.42989015579223633, -0.17529037594795227, 0.9974174499511719
592, 7, 0.4498708248138428, 0.4292198717594147, -0.18047542870044708, 0.9955412745475769
592, 8, 0.4405726492404938, 0.42684316635131836, -0.18634742498397827, 0.9985707998275757
592, 9, 0.4464845061302185, 0.42855992913246155, -0.15855145454406738, 0.9974608421325684
592, 10, 0.44363728165626526, 0.42792975902557373, -0.1604204624891281, 0.9976279139518738
592, 11, 0.4566175043582916, 0.42301586270332336, -0.14034804701805115, 0.9954987168312073
592, 12, 0.43695172667503357, 0.41606420278549194, -0.1455501765012741, 0.9948424696922302
592, 13, 0.4618586003780365, 0.41916191577911377, -0.0860278308391571, 0.8024392127990723
592, 14, 0.446577250957489, 0.41362956166267395, -0.10465185344219208, 0.6635006666183472
592, 15, 0.46074309945106506, 0.4421118497848511, -0.0688103660941124, 0.8052482604980469
592, 16, 0.45984047651290894, 0.4353712797164917, -0.0943443551659584, 0.6571405529975891
592, 17, 0.46269840002059937, 0.44940274953842163, -0.07969121634960175, 0.7811362147331238
592, 18, 0.4607023596763611, 0.4417363107204437, -0.10688428580760956, 0.6330777406692505
592, 19, 0.459608256816864, 0.4490290880203247, -0.08676962554454803, 0.7756824493408203
592, 20, 0.4633409380912781, 0.4395160377025604, -0.11327923834323883, 0.6198619604110718
592, 21, 0.45838648080825806, 0.4458429217338562, -0.07195644825696945, 0.7417889833450317
592, 22, 0.46338945627212524, 0.43696340918540955, -0.09713979065418243, 0.6293894052505493
592, 23, 0.45783981680870056, 0.37459391355514526, 0.00043649590224958956, 0.9993129968643188
592, 24, 0.4486633241176605, 0.3727577328681946, -0.0004038361948914826, 0.9984312653541565
592, 25, 0.4631643295288086, 0.4075947105884552, 0.10985799878835678, 0.2752574682235718
592, 26, 0.45002588629722595, 0.41038623452186584, 0.11958424746990204, 0.06598632782697678
592, 27, 0.46474117040634155, 0.4060041308403015, 0.2677793502807617, 0.24272362887859344
592, 28, 0.4475167691707611, 0.4083881080150604, 0.2692093551158905, 0.05038139224052429
592, 29, 0.46508756279945374, 0.4022509753704071, 0.28499868512153625, 0.1802769899368286
592, 30, 0.44553905725479126, 0.4070081412792206, 0.2848461866378784, 0.03462586924433708
592, 31, 0.46497637033462524, 0.41998931765556335, 0.27923354506492615, 0.15427254140377045
592, 32, 0.44791659712791443, 0.41438645124435425, 0.2768822908401489, 0.032949645072221756
593, 0, 0.4469102919101715, 0.4316892921924591, -0.14536714553833008, 0.9968410730361938
593, 1, 0.4487795829772949, 0.4289645850658417, -0.1525898575782776, 0.9984459280967712
593, 2, 0.45029696822166443, 0.42894256114959717, -0.1525985151529312, 0.9978659749031067
593, 3, 0.4518001675605774, 0.42889466881752014, -0.15263378620147705, 0.9964113831520081
593, 4, 0.4442731738090515, 0.42880770564079285, -0.1533612459897995, 0.9989169836044312
593, 5, 0.44270816445350647, 0.4287048280239105, -0.15338368713855743, 0.9988227486610413
593, 6, 0.4411374032497406, 0.42856258153915405, -0.15340346097946167, 0.9986221790313721
593, 7, 0.45480257272720337, 0.4273257851600647, -0.1494482159614563, 0.9950543642044067
593, 8, 0.43920189142227173, 0.42615848779678345, -0.1528436839580536, 0.9994094371795654
593, 9, 0.4499092698097229, 0.4318375885486603, -0.13919295370578766, 0.9968840479850769
593, 10, 0.4447360038757324, 0.4317331612110138, -0.14034537971019745, 0.9978713989257812
593, 11, 0.46700549125671387, 0.42583057284355164, -0.11012782901525497, 0.9981266856193542
593, 12, 0.4311285614967346, 0.42342710494995117, -0.11317037045955658, 0.996701180934906
593, 13, 0.47054505348205566, 0.42300596833229065, -0.06857024133205414, 0.9371510744094849
593, 14, 0.4244142174720764, 0.4215938448905945, -0.06583666801452637, 0.7315908670425415
593, 15, 0.4639310836791992, 0.43146151304244995, -0.05686519294977188, 0.5787410140037537
593, 16, 0.43316134810447693, 0.43208059668540955, -0.04546387493610382, 0.5783370137214661
593, 17, 0.46451959013938904, 0.43396514654159546, -0.06591004133224487, 0.39746835827827454
593, 18, 0.43333691358566284, 0.4353483021259308, -0.05223799869418144, 0.4340793490409851
593, 19, 0.461797297000885, 0.4339355528354645, -0.0729704201221466, 0.3643895387649536
593, 20, 0.4361875653266907, 0.4336529076099396, -0.05766180902719498, 0.38613516092300415
593, 21, 0.46038109064102173, 0.4330306649208069, -0.05981702357530594, 0.2924208641052246
593, 22, 0.4372550845146179, 0.4327099621295929, -0.046695366501808167, 0.409548819065094
593, 23, 0.46163541078567505, 0.3875582814216614, -0.004370172508060932, 0.9998612403869629
593, 24, 0.44225987792015076, 0.3856343924999237, 0.004405857529491186, 0.9996579885482788
593, 25, 0.47490912675857544, 0.41438597440719604, 0.0813286229968071, 0.7394641041755676
593, 26, 0.4437342584133148, 0.40952613949775696, 0.09559096395969391, 0.15182465314865112
593, 27, 0.47294849157333374, 0.4034753441810608, 0.20953431725502014, 0.6791364550590515
593, 28, 0.4396117627620697, 0.4062815308570862, 0.22390326857566833, 0.1269497275352478
593, 29, 0.47156959772109985, 0.4002458453178406, 0.2240399569272995, 0.5527187585830688
593, 30, 0.4371737539768219, 0.40355736017227173, 0.23740096390247345, 0.09041543304920197
593, 31, 0.4761980473995209, 0.41115713119506836, 0.22637395560741425, 0.15196493268013
593, 32, 0.44287508726119995, 0.4154556691646576, 0.23556557297706604, 0.02629040740430355
594, 0, 0.44432273507118225, 0.43082380294799805, -0.1498541533946991, 0.999574601650238
594, 1, 0.44616246223449707, 0.42854180932044983, -0.1603878140449524, 0.9997552037239075
594, 2, 0.44759875535964966, 0.42857906222343445, -0.16037853062152863, 0.9997186064720154
594, 3, 0.4490269720554352, 0.4285934865474701, -0.16038712859153748, 0.9995279312133789
594, 4, 0.44194117188453674, 0.42807355523109436, -0.16218188405036926, 0.9998325109481812
594, 5, 0.4405181407928467, 0.42779457569122314, -0.16222397983074188, 0.9998475313186646
594, 6, 0.43908172845840454, 0.4274865388870239, -0.16223937273025513, 0.9998204112052917
594, 7, 0.45246654748916626, 0.4263175427913666, -0.1660705953836441, 0.9994159936904907
594, 8, 0.4376147389411926, 0.42418259382247925, -0.17413753271102905, 0.9999001026153564
594, 9, 0.4472944140434265, 0.43029895424842834, -0.14589107036590576, 0.9997171759605408
594, 10, 0.44260579347610474, 0.429857075214386, -0.14842726290225983, 0.9997826218605042
594, 11, 0.46470117568969727, 0.4254125952720642, -0.122272789478302, 0.9986234903335571
594, 12, 0.4321874678134918, 0.4171772003173828, -0.13797716796398163, 0.9988889098167419
594, 13, 0.46576905250549316, 0.42173007130622864, -0.062404610216617584, 0.9057921171188354
594, 14, 0.4305025637149811, 0.4145244061946869, -0.08458288758993149, 0.940958559513092
594, 15, 0.46070748567581177, 0.4355422258377075, -0.047081418335437775, 0.7520017623901367
594, 16, 0.4392423629760742, 0.4326133728027344, -0.06322112679481506, 0.8605877161026001
594, 17, 0.4623125493526459, 0.4395230710506439, -0.057359468191862106, 0.6766319870948792
594, 18, 0.4386935234069824, 0.437481552362442, -0.07391372323036194, 0.7671178579330444
594, 19, 0.45907849073410034, 0.4393940269947052, -0.06632819771766663, 0.6654955148696899
594, 20, 0.44210734963417053, 0.43617889285087585, -0.08067330718040466, 0.753088653087616
594, 21, 0.45739275217056274, 0.43763625621795654, -0.05089414864778519, 0.6139140725135803
594, 22, 0.442944198846817, 0.43450936675071716, -0.06545871496200562, 0.7582279443740845
594, 23, 0.460510790348053, 0.38481342792510986, 0.003556820098310709, 0.9998661279678345
594, 24, 0.4445043206214905, 0.379876971244812, -0.003503874409943819, 0.9997914433479309
594, 25, 0.46619945764541626, 0.4126223623752594, 0.10443462431430817, 0.4314207434654236
594, 26, 0.44108420610427856, 0.4084681272506714, 0.10296927392482758, 0.18545792996883392
594, 27, 0.46394023299217224, 0.4079238176345825, 0.25331631302833557, 0.3057040572166443
594, 28, 0.43715137243270874, 0.4112938642501831, 0.25106051564216614, 0.0792282372713089
594, 29, 0.4628702998161316, 0.4052285850048065, 0.2698509991168976, 0.2379244714975357
594, 30, 0.4355124831199646, 0.41010376811027527, 0.26661914587020874, 0.07252547144889832
594, 31, 0.46546563506126404, 0.41848596930503845, 0.2683889865875244, 0.11375753581523895
594, 32, 0.4380757212638855, 0.42141014337539673, 0.2641156315803528, 0.032875701785087585
595, 0, 0.4440844655036926, 0.42050760984420776, -0.24313434958457947, 0.9986155033111572
595, 1, 0.44867920875549316, 0.416887104511261, -0.2493736445903778, 0.998728334903717
595, 2, 0.4504472613334656, 0.41778185963630676, -0.2493959367275238, 0.9987105131149292
595, 3, 0.45220333337783813, 0.4186132550239563, -0.24947121739387512, 0.9986459612846375
595, 4, 0.44408607482910156, 0.41308093070983887, -0.25105664134025574, 0.9990922212600708
595, 5, 0.44276100397109985, 0.4114043712615967, -0.2510882019996643, 0.9989672899246216
595, 6, 0.44141140580177307, 0.40970855951309204, -0.25111275911331177, 0.9987937211990356
595, 7, 0.45691198110580444, 0.4148408770561218, -0.23280330002307892, 0.9957544803619385
595, 8, 0.4406901001930237, 0.401541531085968, -0.23992189764976501, 0.9972997307777405
595, 9, 0.44656142592430115, 0.42086273431777954, -0.23113131523132324, 0.9984970092773438
595, 10, 0.4411664605140686, 0.41647613048553467, -0.23333534598350525, 0.9977892637252808
595, 11, 0.46688252687454224, 0.41825759410858154, -0.1799357831478119, 0.9973422884941101
595, 12, 0.42756566405296326, 0.3923901319503784, -0.18880288302898407, 0.9947444200515747
595, 13, 0.47614821791648865, 0.4453181028366089, -0.14136315882205963, 0.9919828772544861
595, 14, 0.4040791988372803, 0.4173969328403473, -0.1691897064447403, 0.9995176792144775
595, 15, 0.46383658051490784, 0.46614688634872437, -0.13757053017616272, 0.921661376953125
595, 16, 0.3925948739051819, 0.4513680636882782, -0.18571916222572327, 0.9981935620307922
595, 17, 0.4639502465724945, 0.4710865020751953, -0.1512790322303772, 0.8052367568016052
595, 18, 0.38746070861816406, 0.45988211035728455, -0.20775064826011658, 0.9905241131782532
595, 19, 0.46077126264572144, 0.46450501680374146, -0.16136449575424194, 0.7615569829940796
595, 20, 0.3910175859928131, 0.4598180651664734, -0.2081197053194046, 0.9862133860588074
595, 21, 0.45929011702537537, 0.46163409948349, -0.14165960252285004, 0.6314557790756226
595, 22, 0.3936685025691986, 0.45751649141311646, -0.1868038773536682, 0.9753446578979492
595, 23, 0.4612172544002533, 0.383666455745697, 0.0003497400612104684, 0.9988996982574463
595, 24, 0.44369515776634216, 0.3770648241043091, -0.0002555847750045359, 0.9979948997497559
595, 25, 0.4646266996860504, 0.42773595452308655, 0.10141738504171371, 0.09631586819887161
595, 26, 0.44339290261268616, 0.42386406660079956, 0.11019297689199448, 0.10661065578460693
595, 27, 0.4634924530982971, 0.4301416575908661, 0.26434090733528137, 0.03927646949887276
595, 28, 0.44367799162864685, 0.4275367259979248, 0.26651284098625183, 0.02872263267636299
595, 29, 0.463550865650177, 0.42475733160972595, 0.28256312012672424, 0.06526537239551544
595, 30, 0.44295424222946167, 0.42284250259399414, 0.2828057110309601, 0.034674689173698425
595, 31, 0.4645237326622009, 0.4506266415119171, 0.28071337938308716, 0.03717125207185745
595, 32, 0.4449249804019928, 0.44501954317092896, 0.2776070237159729, 0.025706354528665543
596, 0, 0.44278985261917114, 0.4204486012458801, -0.21750208735466003, 0.9974718689918518
596, 1, 0.44774651527404785, 0.41511788964271545, -0.22259736061096191, 0.9980890154838562
596, 2, 0.44965261220932007, 0.4160940945148468, -0.22262780368328094, 0.997677743434906
596, 3, 0.4515531659126282, 0.4169903099536896, -0.2226891964673996, 0.9979008436203003
596, 4, 0.442579448223114, 0.41106221079826355, -0.2236030399799347, 0.9983919262886047
596, 5, 0.44105714559555054, 0.4093281626701355, -0.22362971305847168, 0.9980626702308655
596, 6, 0.4395221769809723, 0.40754878520965576, -0.2236514389514923, 0.9982357025146484
596, 7, 0.456554114818573, 0.413254052400589, -0.20595140755176544, 0.9935365319252014
596, 8, 0.43850404024124146, 0.39918139576911926, -0.21025994420051575, 0.9967658519744873
596, 9, 0.44557732343673706, 0.4219116270542145, -0.20640535652637482, 0.9978044629096985
596, 10, 0.4396449029445648, 0.41740888357162476, -0.207815021276474, 0.9974507689476013
596, 11, 0.4669570028781891, 0.4210408926010132, -0.15613044798374176, 0.9966291785240173
596, 12, 0.42593756318092346, 0.3901669681072235, -0.16268855333328247, 0.996190071105957
596, 13, 0.4757162630558014, 0.4458144009113312, -0.12740029394626617, 0.9336690306663513
596, 14, 0.4025076925754547, 0.415210098028183, -0.1508399099111557, 0.9973065853118896
596, 15, 0.46345072984695435, 0.4671999216079712, -0.13682478666305542, 0.8689156174659729
596, 16, 0.3903493881225586, 0.4525942802429199, -0.17362621426582336, 0.996100664138794
596, 17, 0.4635966420173645, 0.47240540385246277, -0.15049222111701965, 0.77592933177948
596, 18, 0.3848976492881775, 0.46139705181121826, -0.19439153373241425, 0.9860572814941406
596, 19, 0.46066468954086304, 0.4636915326118469, -0.15929898619651794, 0.7414191365242004
596, 20, 0.3892578184604645, 0.4620378315448761, -0.19533950090408325, 0.9817580580711365
596, 21, 0.4592365622520447, 0.46106863021850586, -0.14056594669818878, 0.5957658886909485
596, 22, 0.3920086622238159, 0.45978543162345886, -0.175124391913414, 0.9699097871780396
596, 23, 0.46101275086402893, 0.38645702600479126, -0.0007538009085692465, 0.9985164999961853
596, 24, 0.44215327501296997, 0.3758969306945801, 0.0008310599951073527, 0.9983552098274231
596, 25, 0.45950156450271606, 0.43130311369895935, 0.08297664672136307, 0.06990239769220352
596, 26, 0.4365716874599457, 0.42002108693122864, 0.08849470317363739, 0.06837013363838196
596, 27, 0.456306129693985, 0.4317292869091034, 0.22288545966148376, 0.01942969299852848
596, 28, 0.4381018280982971, 0.42597833275794983, 0.22405502200126648, 0.016456061974167824
596, 29, 0.45586156845092773, 0.42645972967147827, 0.2384028136730194, 0.04012443125247955
596, 30, 0.4380949139595032, 0.42254751920700073, 0.23825117945671082, 0.021089795976877213
596, 31, 0.4554787278175354, 0.4516536593437195, 0.23805566132068634, 0.02232140488922596
596, 32, 0.43920713663101196, 0.4441450238227844, 0.23506323993206024, 0.01734718307852745
597, 0, 0.44298404455184937, 0.4226078987121582, -0.23715218901634216, 0.9967890977859497
597, 1, 0.44772061705589294, 0.41561159491539, -0.2413092851638794, 0.996898889541626
597, 2, 0.4497540593147278, 0.416215717792511, -0.241334468126297, 0.9961620569229126
597, 3, 0.45178499817848206, 0.4167209565639496, -0.24140438437461853, 0.9967832565307617
597, 4, 0.44225382804870605, 0.4122236371040344, -0.2425433099269867, 0.9976398944854736
597, 5, 0.44065070152282715, 0.4105892479419708, -0.2425670176744461, 0.9973338842391968
597, 6, 0.43904051184654236, 0.4089060425758362, -0.24257716536521912, 0.9977807402610779
597, 7, 0.45711302757263184, 0.41199150681495667, -0.22131696343421936, 0.9939923882484436
597, 8, 0.4381755292415619, 0.40007349848747253, -0.2269638329744339, 0.9964972138404846
597, 9, 0.4463009238243103, 0.42401552200317383, -0.22510835528373718, 0.9968309998512268
597, 10, 0.43999236822128296, 0.4203871488571167, -0.22693446278572083, 0.9963932633399963
597, 11, 0.46787458658218384, 0.4209122657775879, -0.17215625941753387, 0.9965205192565918
597, 12, 0.42636966705322266, 0.39532601833343506, -0.17486760020256042, 0.9969093203544617
597, 13, 0.4695608615875244, 0.45253801345825195, -0.14277230203151703, 0.9361974596977234
597, 14, 0.40145817399024963, 0.42666134238243103, -0.16873128712177277, 0.9939711689949036
597, 15, 0.46610888838768005, 0.46970731019973755, -0.1419678032398224, 0.773470938205719
597, 16, 0.38726961612701416, 0.4583471417427063, -0.183338925242424, 0.9894191026687622
597, 17, 0.4700959324836731, 0.4728437066078186, -0.15369440615177155, 0.5841090679168701
597, 18, 0.38108643889427185, 0.4672222435474396, -0.2024955302476883, 0.963473916053772
597, 19, 0.4668121337890625, 0.46861836314201355, -0.15895910561084747, 0.5254998803138733
597, 20, 0.38561779260635376, 0.46712496876716614, -0.20200392603874207, 0.9523543119430542
597, 21, 0.46424612402915955, 0.46573686599731445, -0.14393071830272675, 0.36539945006370544
597, 22, 0.3885282278060913, 0.46486395597457886, -0.1841982901096344, 0.9241604208946228
597, 23, 0.4624038338661194, 0.3865582048892975, -0.002497442066669464, 0.9984126091003418
597, 24, 0.44130390882492065, 0.3780015707015991, 0.002542073605582118, 0.9983603358268738
597, 25, 0.4529861807823181, 0.43373098969459534, 0.07669634371995926, 0.11156927049160004
597, 26, 0.42941465973854065, 0.42476657032966614, 0.09212899953126907, 0.06951180845499039
597, 27, 0.44151216745376587, 0.4365100860595703, 0.21532468497753143, 0.020971249788999557
597, 28, 0.42927759885787964, 0.42956873774528503, 0.2271588146686554, 0.020509829744696617
597, 29, 0.4396427273750305, 0.4330371022224426, 0.23080630600452423, 0.04139452055096626
597, 30, 0.429600328207016, 0.42610952258110046, 0.24158839881420135, 0.021691838279366493
597, 31, 0.43956971168518066, 0.4529847800731659, 0.2331010401248932, 0.03341735899448395
597, 32, 0.431118905544281, 0.44767677783966064, 0.24143660068511963, 0.029513049870729446
598, 0, 0.44736534357070923, 0.4245547950267792, -0.20371954143047333, 0.9975844621658325
598, 1, 0.4520419239997864, 0.420198529958725, -0.20749633014202118, 0.9985345602035522
598, 2, 0.4537278115749359, 0.421181321144104, -0.20750942826271057, 0.9982166886329651
598, 3, 0.45541128516197205, 0.42211616039276123, -0.20756693184375763, 0.9984400868415833
598, 4, 0.44752392172813416, 0.41675153374671936, -0.20830455422401428, 0.9987346529960632
598, 5, 0.4460372030735016, 0.41530555486679077, -0.2083369940519333, 0.9984220266342163
598, 6, 0.444540798664093, 0.4138423502445221, -0.208355113863945, 0.998670220375061
598, 7, 0.45948559045791626, 0.4190637767314911, -0.1870982050895691, 0.9971254467964172
598, 8, 0.4432327151298523, 0.40647634863853455, -0.190500870347023, 0.9984708428382874
598, 9, 0.44935065507888794, 0.4259113371372223, -0.19186988472938538, 0.9974824786186218
598, 10, 0.4440818727016449, 0.42195820808410645, -0.19299940764904022, 0.9975581169128418
598, 11, 0.46657854318618774, 0.4297710359096527, -0.13430853188037872, 0.9975457787513733
598, 12, 0.43008795380592346, 0.3958527743816376, -0.14537717401981354, 0.9970882534980774
598, 13, 0.46543747186660767, 0.4576857388019562, -0.11085966974496841, 0.4998006522655487
598, 14, 0.41132813692092896, 0.4249790906906128, -0.12777754664421082, 0.9286913275718689
598, 15, 0.4589111804962158, 0.47536370158195496, -0.13477908074855804, 0.5203938484191895
598, 16, 0.39685750007629395, 0.4577457010746002, -0.14394275844097137, 0.9560577869415283
598, 17, 0.45997151732444763, 0.48249879479408264, -0.1503012478351593, 0.5201570987701416
598, 18, 0.39028167724609375, 0.46453866362571716, -0.1634213626384735, 0.9275211691856384
598, 19, 0.450278103351593, 0.4782787263393402, -0.159537672996521, 0.5391443371772766
598, 20, 0.3954240083694458, 0.4656654894351959, -0.16599969565868378, 0.9289810657501221
598, 21, 0.4488401412963867, 0.4739081859588623, -0.13962042331695557, 0.4010450839996338
598, 22, 0.3990750014781952, 0.46363750100135803, -0.1462547928094864, 0.8840935826301575
598, 23, 0.46183282136917114, 0.3855101764202118, -0.0014659841544926167, 0.9995173215866089
598, 24, 0.44526538252830505, 0.37221023440361023, 0.0014821912627667189, 0.9996304512023926
598, 25, 0.4585741460323334, 0.43688565492630005, 0.0721258893609047, 0.09810442477464676
598, 26, 0.43285712599754333, 0.4313488006591797, 0.07004411518573761, 0.0821094661951065
598, 27, 0.4612237513065338, 0.43451040983200073, 0.19967037439346313, 0.05703870207071304
598, 28, 0.4451057016849518, 0.4295577108860016, 0.19940613210201263, 0.04621541500091553
598, 29, 0.46172231435775757, 0.4314362704753876, 0.21359428763389587, 0.05833932012319565
598, 30, 0.4472751021385193, 0.42711395025253296, 0.212964728474617, 0.03555186092853546
598, 31, 0.4598274827003479, 0.45012426376342773, 0.21038348972797394, 0.051728975027799606
598, 32, 0.44609442353248596, 0.4426514804363251, 0.21037359535694122, 0.03706977516412735
599, 0, 0.44529277086257935, 0.4234142005443573, -0.22415116429328918, 0.9974217414855957
599, 1, 0.44966229796409607, 0.4173429608345032, -0.22839505970478058, 0.9986431002616882
599, 2, 0.4515121579170227, 0.41810548305511475, -0.22841410338878632, 0.9981167316436768
599, 3, 0.4533607065677643, 0.41881653666496277, -0.228484109044075, 0.9987308382987976
599, 4, 0.4448820948600769, 0.4141579568386078, -0.2291334867477417, 0.998731791973114
599, 5, 0.4433824419975281, 0.4127262830734253, -0.22916188836097717, 0.9981809854507446
599, 6, 0.4418725073337555, 0.4112708270549774, -0.2291768491268158, 0.9987611770629883
599, 7, 0.4582356810569763, 0.414750874042511, -0.20706263184547424, 0.9969520568847656
599, 8, 0.4408453404903412, 0.4032723307609558, -0.21067485213279724, 0.9979459643363953
599, 9, 0.4481961131095886, 0.42497965693473816, -0.2118254154920578, 0.9980478286743164
599, 10, 0.44249433279037476, 0.42128875851631165, -0.2129877805709839, 0.9977173805236816
599, 11, 0.46833452582359314, 0.4261886179447174, -0.1521446257829666, 0.9970645308494568
599, 12, 0.4290216565132141, 0.3951588571071625, -0.16018614172935486, 0.9963580965995789
599, 13, 0.4662230610847473, 0.45338934659957886, -0.12003813683986664, 0.5483032464981079
599, 14, 0.40784722566604614, 0.42800796031951904, -0.14730608463287354, 0.9645422101020813
599, 15, 0.46154800057411194, 0.47389695048332214, -0.13479043543338776, 0.5075952410697937
599, 16, 0.3899574279785156, 0.4614048898220062, -0.17128880321979523, 0.972936749458313
599, 17, 0.4634930193424225, 0.48288285732269287, -0.15049153566360474, 0.4547485411167145
599, 18, 0.3820415437221527, 0.4686882793903351, -0.19363921880722046, 0.9464390277862549
599, 19, 0.45994991064071655, 0.47972264885902405, -0.16046562790870667, 0.4538935422897339
599, 20, 0.38724732398986816, 0.47050201892852783, -0.19616329669952393, 0.9455042481422424
599, 21, 0.45807451009750366, 0.4771413207054138, -0.1396462768316269, 0.328424870967865
599, 22, 0.3912845551967621, 0.46823227405548096, -0.17404285073280334, 0.9117836952209473
599, 23, 0.46105337142944336, 0.391550749540329, -0.0004928645794279873, 0.9992031455039978
599, 24, 0.44258585572242737, 0.3789847195148468, 0.0005538081168197095, 0.9994756579399109
599, 25, 0.45665496587753296, 0.4422518312931061, 0.07217114418745041, 0.059751786291599274
599, 26, 0.4292429983615875, 0.43233662843704224, 0.07047826796770096, 0.07683265209197998
599, 27, 0.4502165913581848, 0.43871715664863586, 0.2051711529493332, 0.02130434662103653
599, 28, 0.4356302320957184, 0.43110135197639465, 0.20462079346179962, 0.02304980717599392
599, 29, 0.4488146901130676, 0.4343506991863251, 0.21950483322143555, 0.019638752564787865
599, 30, 0.43658870458602905, 0.4281615912914276, 0.2184571772813797, 0.015943367034196854
599, 31, 0.4490332007408142, 0.4575260281562805, 0.21230122447013855, 0.04056130349636078
599, 32, 0.43680915236473083, 0.44760972261428833, 0.21070127189159393, 0.03339111804962158
600, 0, 0.44439077377319336, 0.41450151801109314, -0.23462793231010437, 0.9950652718544006
600, 1, 0.4491453766822815, 0.409365713596344, -0.2400827705860138, 0.9942929744720459
600, 2, 0.4510502219200134, 0.4103758931159973, -0.24010710418224335, 0.9917379021644592
600, 3, 0.45294731855392456, 0.41132277250289917, -0.2401675283908844, 0.9943464398384094
600, 4, 0.44417738914489746, 0.4055900275707245, -0.24120526015758514, 0.996377170085907
600, 5, 0.4426368772983551, 0.4040350914001465, -0.24123577773571014, 0.99527907371521
600, 6, 0.44108638167381287, 0.4024520516395569, -0.24126353859901428, 0.9966611862182617
600, 7, 0.4579843580722809, 0.409272164106369, -0.22152474522590637, 0.9870315194129944
600, 8, 0.44012269377708435, 0.39583826065063477, -0.22711746394634247, 0.9921272993087769
600, 9, 0.44738221168518066, 0.41713184118270874, -0.22285644710063934, 0.994681179523468
600, 10, 0.44133275747299194, 0.4127599596977234, -0.2245796173810959, 0.9941031336784363
600, 11, 0.4671472907066345, 0.42143160104751587, -0.16697867214679718, 0.9939416646957397
600, 12, 0.4285293221473694, 0.39114388823509216, -0.17354519665241241, 0.9942886829376221
600, 13, 0.4671551585197449, 0.44791120290756226, -0.12659487128257751, 0.8364761471748352
600, 14, 0.40461117029190063, 0.41758349537849426, -0.16006781160831451, 0.9921973347663879
600, 15, 0.46482253074645996, 0.46722811460494995, -0.12369652092456818, 0.6709926128387451
600, 16, 0.3823358416557312, 0.45312628149986267, -0.1753157079219818, 0.9913519620895386
600, 17, 0.46721968054771423, 0.4777665138244629, -0.1366238296031952, 0.6218899488449097
600, 18, 0.37418133020401, 0.46058735251426697, -0.19637653231620789, 0.979988694190979
600, 19, 0.46423473954200745, 0.4767879545688629, -0.14532817900180817, 0.6082650423049927
600, 20, 0.378883957862854, 0.4631032645702362, -0.19816851615905762, 0.9777674078941345
600, 21, 0.4624074101448059, 0.4740596413612366, -0.12740415334701538, 0.4294838309288025
600, 22, 0.3828974664211273, 0.4610614776611328, -0.1775331050157547, 0.9601345062255859
600, 23, 0.4608622193336487, 0.3918658494949341, -9.56834337557666e-05, 0.9968127608299255
600, 24, 0.44337838888168335, 0.37987107038497925, 0.0001449037081329152, 0.9973474740982056
600, 25, 0.4523358941078186, 0.4390577971935272, 0.08035881817340851, 0.07800061255693436
600, 26, 0.42872172594070435, 0.4298350512981415, 0.0835246816277504, 0.11242494732141495
600, 27, 0.44237732887268066, 0.4369104504585266, 0.22041940689086914, 0.02636690065264702
600, 28, 0.43221622705459595, 0.4267999529838562, 0.21955478191375732, 0.047199636697769165
600, 29, 0.440878689289093, 0.4319550395011902, 0.23588113486766815, 0.03368693217635155
600, 30, 0.4330257773399353, 0.42275840044021606, 0.23387642204761505, 0.03764041140675545
600, 31, 0.4402480721473694, 0.4558948874473572, 0.22980570793151855, 0.03298957273364067
600, 32, 0.4322825074195862, 0.44439375400543213, 0.22593215107917786, 0.042511291801929474
601, 0, 0.44522982835769653, 0.41481640934944153, -0.22301438450813293, 0.9919522404670715
601, 1, 0.45013388991355896, 0.4093572795391083, -0.22816768288612366, 0.9907637238502502
601, 2, 0.45202749967575073, 0.4102545380592346, -0.22819001972675323, 0.9880154728889465
601, 3, 0.4539121985435486, 0.4111018180847168, -0.228245347738266, 0.9919824004173279
601, 4, 0.4450095593929291, 0.40571391582489014, -0.2291208952665329, 0.9941303133964539
601, 5, 0.44338616728782654, 0.40414154529571533, -0.22914966940879822, 0.9923284649848938
601, 6, 0.4417528212070465, 0.40255534648895264, -0.229171484708786, 0.9937066435813904
601, 7, 0.4583923816680908, 0.40812429785728455, -0.21029679477214813, 0.9817904233932495
601, 8, 0.44010505080223083, 0.3950287997722626, -0.215020090341568, 0.9857287406921387
601, 9, 0.447756290435791, 0.4169102907180786, -0.21171197295188904, 0.9930630326271057
601, 10, 0.44165223836898804, 0.412622332572937, -0.2132018506526947, 0.9920921325683594
601, 11, 0.4663197994232178, 0.41873201727867126, -0.15597106516361237, 0.9952387809753418
601, 12, 0.42659634351730347, 0.3887147605419159, -0.1635807305574417, 0.9940747618675232
601, 13, 0.4676337242126465, 0.44604554772377014, -0.11338378489017487, 0.8109918832778931
601, 14, 0.4043186604976654, 0.4143979251384735, -0.1437246948480606, 0.9915456175804138
601, 15, 0.46264219284057617, 0.47282418608665466, -0.10772476345300674, 0.6961939930915833
601, 16, 0.3844500184059143, 0.4518551826477051, -0.1558620035648346, 0.9873884916305542
601, 17, 0.46540775895118713, 0.47969478368759155, -0.11955071985721588, 0.681510865688324
601, 18, 0.37702053785324097, 0.4596024453639984, -0.17601913213729858, 0.9746102690696716
601, 19, 0.46227139234542847, 0.4772002696990967, -0.12861955165863037, 0.6737311482429504
601, 20, 0.3820260167121887, 0.4619723856449127, -0.17786608636379242, 0.9725903272628784
601, 21, 0.46031785011291504, 0.47423917055130005, -0.1113821417093277, 0.5019542574882507
601, 22, 0.38583019375801086, 0.45982760190963745, -0.15784640610218048, 0.949966311454773
601, 23, 0.46012014150619507, 0.390258252620697, 0.0003735654754564166, 0.9985380172729492
601, 24, 0.4423404633998871, 0.3786311149597168, -0.00032529907184652984, 0.9983532428741455
601, 25, 0.4529705047607422, 0.43856748938560486, 0.08273185044527054, 0.08942421525716782
601, 26, 0.4325677752494812, 0.4296053647994995, 0.08287342637777328, 0.11691612750291824
601, 27, 0.444790780544281, 0.43997833132743835, 0.218103289604187, 0.03275424242019653
601, 28, 0.4385342001914978, 0.43046268820762634, 0.21676626801490784, 0.05883251875638962
601, 29, 0.4438472390174866, 0.4351978003978729, 0.23340339958667755, 0.046927422285079956
601, 30, 0.4395047128200531, 0.4264611005783081, 0.23116452991962433, 0.04437544569373131
601, 31, 0.44248542189598083, 0.460324227809906, 0.22922196984291077, 0.051048677414655685
601, 32, 0.4396180510520935, 0.4501951336860657, 0.2243942767381668, 0.05720729008316994
602, 0, 0.44105643033981323, 0.4264793395996094, -0.19562141597270966, 0.9979435801506042
602, 1, 0.4452916979789734, 0.42227843403816223, -0.20006771385669708, 0.9991130232810974
602, 2, 0.44700828194618225, 0.4232290983200073, -0.20011048018932343, 0.9986420273780823
602, 3, 0.4487331509590149, 0.4240766763687134, -0.2001693695783615, 0.9990065693855286
602, 4, 0.4408422112464905, 0.41819268465042114, -0.20128753781318665, 0.9993374943733215
602, 5, 0.43956631422042847, 0.4163427948951721, -0.20131564140319824, 0.9989967942237854
602, 6, 0.4382738173007965, 0.41441452503204346, -0.20134475827217102, 0.999325156211853
602, 7, 0.4534376263618469, 0.41924068331718445, -0.18533611297607422, 0.9971758127212524
602, 8, 0.43769675493240356, 0.40526390075683594, -0.19014334678649902, 0.9988068342208862
602, 9, 0.4436056613922119, 0.42703214287757874, -0.18576079607009888, 0.9990730285644531
602, 10, 0.438380628824234, 0.42247167229652405, -0.1872330605983734, 0.9989315867424011
602, 11, 0.46533507108688354, 0.42265647649765015, -0.1362999975681305, 0.9979590177536011
602, 12, 0.42714375257492065, 0.39291656017303467, -0.14610809087753296, 0.998173713684082
602, 13, 0.4719110429286957, 0.4387885332107544, -0.10966197401285172, 0.7083327174186707
602, 14, 0.40713685750961304, 0.41449278593063354, -0.13330158591270447, 0.9966129660606384
602, 15, 0.46226802468299866, 0.45103293657302856, -0.12169848382472992, 0.782863974571228
602, 16, 0.39019036293029785, 0.44403767585754395, -0.15430383384227753, 0.9982649683952332
602, 17, 0.46342477202415466, 0.4564968943595886, -0.1358669102191925, 0.7651888728141785
602, 18, 0.3835892081260681, 0.4506315588951111, -0.1749289333820343, 0.9936975836753845
602, 19, 0.4592118263244629, 0.45387762784957886, -0.14716258645057678, 0.7549980282783508
602, 20, 0.38716229796409607, 0.4529465436935425, -0.1771664321422577, 0.9925627112388611
602, 21, 0.45767879486083984, 0.45078980922698975, -0.12679745256900787, 0.6244585514068604
602, 22, 0.3903305232524872, 0.45078369975090027, -0.1564488261938095, 0.9886623024940491
602, 23, 0.46051138639450073, 0.3811964988708496, -0.0011718043824657798, 0.9994070529937744
602, 24, 0.442058801651001, 0.37070542573928833, 0.001285647857002914, 0.9994811415672302
602, 25, 0.46791258454322815, 0.4286237955093384, 0.05561021715402603, 0.16335970163345337
602, 26, 0.43154245615005493, 0.41777855157852173, 0.05201251432299614, 0.1829099953174591
602, 27, 0.4757724404335022, 0.434529185295105, 0.170873761177063, 0.10404836386442184
602, 28, 0.43290644884109497, 0.42394086718559265, 0.17387056350708008, 0.03885376453399658
602, 29, 0.4770953059196472, 0.43198367953300476, 0.183457151055336, 0.11917946487665176
602, 30, 0.4333145022392273, 0.42115354537963867, 0.18685579299926758, 0.03885812684893608
602, 31, 0.4780106544494629, 0.4533601403236389, 0.17825613915920258, 0.06915883719921112
602, 32, 0.4323130249977112, 0.4407021105289459, 0.1849917471408844, 0.038089048117399216
603, 0, 0.4433993399143219, 0.4080771505832672, -0.23281244933605194, 0.9986931681632996
603, 1, 0.4475920796394348, 0.4041016101837158, -0.23694708943367004, 0.9986242055892944
603, 2, 0.4491051137447357, 0.4051681458950043, -0.23697254061698914, 0.9986293315887451
603, 3, 0.4506099820137024, 0.4061969816684723, -0.23702867329120636, 0.9989421963691711
603, 4, 0.44360536336898804, 0.4003376364707947, -0.23880238831043243, 0.9991521835327148
603, 5, 0.4423534870147705, 0.39887046813964844, -0.23883143067359924, 0.9991205334663391
603, 6, 0.44108492136001587, 0.3973897695541382, -0.23884928226470947, 0.9989867806434631
603, 7, 0.45385128259658813, 0.4047892391681671, -0.21533647179603577, 0.9975524544715881
603, 8, 0.4398432672023773, 0.39204278588294983, -0.22363856434822083, 0.9989976286888123
603, 9, 0.44526758790016174, 0.4103970527648926, -0.21988753974437714, 0.9992832541465759
603, 10, 0.4402705132961273, 0.40592145919799805, -0.22238966822624207, 0.9991186261177063
603, 11, 0.4596653878688812, 0.4156731367111206, -0.16191747784614563, 0.9993724226951599
603, 12, 0.4281831681728363, 0.38682347536087036, -0.1709795743227005, 0.9988319277763367
603, 13, 0.4647315442562103, 0.44594043493270874, -0.1399383246898651, 0.9171573519706726
603, 14, 0.4094392657279968, 0.4147499203681946, -0.16357560455799103, 0.9980359673500061
603, 15, 0.4591137766838074, 0.46940308809280396, -0.15815098583698273, 0.9365835785865784
603, 16, 0.3929608464241028, 0.44454652070999146, -0.18916933238506317, 0.9950120449066162
603, 17, 0.45991992950439453, 0.47744020819664, -0.1751314103603363, 0.8984301090240479
603, 18, 0.3860105872154236, 0.4514268636703491, -0.2122679203748703, 0.9846372008323669
603, 19, 0.4515744745731354, 0.47309526801109314, -0.18443931639194489, 0.8900233507156372
603, 20, 0.3901275396347046, 0.4525722563266754, -0.2132790982723236, 0.9816925525665283
603, 21, 0.4505292773246765, 0.46972745656967163, -0.1629466712474823, 0.8166433572769165
603, 22, 0.39343541860580444, 0.4510018229484558, -0.19097402691841125, 0.9641969799995422
603, 23, 0.45970767736434937, 0.38155508041381836, -0.00021606683731079102, 0.9999276399612427
603, 24, 0.444085031747818, 0.37477847933769226, 0.00027332306490279734, 0.9998314380645752
603, 25, 0.46714258193969727, 0.4263959527015686, 0.07169152051210403, 0.2034577876329422
603, 26, 0.4386112093925476, 0.4222795367240906, 0.08142822980880737, 0.15986515581607819
603, 27, 0.4709341526031494, 0.4309825003147125, 0.2111893594264984, 0.058585699647665024
603, 28, 0.44363051652908325, 0.4207485318183899, 0.2149757444858551, 0.04553871974349022
603, 29, 0.47137123346328735, 0.4272267520427704, 0.22634907066822052, 0.08012337982654572
603, 30, 0.44355982542037964, 0.41673898696899414, 0.22840425372123718, 0.03383324667811394
603, 31, 0.47230976819992065, 0.4507097005844116, 0.22001436352729797, 0.16364920139312744
603, 32, 0.4463346600532532, 0.43502146005630493, 0.21974501013755798, 0.10028383135795593
604, 0, 0.4518253803253174, 0.4362788200378418, -0.1641053408384323, 0.989750325679779
604, 1, 0.4550156593322754, 0.43417128920555115, -0.1718616783618927, 0.9920280575752258
604, 2, 0.4569553732872009, 0.4343341886997223, -0.1718740016222, 0.9903950095176697
604, 3, 0.4588843882083893, 0.4344109296798706, -0.17193005979061127, 0.9895849823951721
604, 4, 0.4493340849876404, 0.4323626756668091, -0.17194408178329468, 0.9956250786781311
604, 5, 0.44759613275527954, 0.4314101040363312, -0.17197749018669128, 0.9954174757003784
604, 6, 0.4458402693271637, 0.4304291307926178, -0.1720285564661026, 0.9963106513023376
604, 7, 0.4643491208553314, 0.42693471908569336, -0.16650603711605072, 0.9716289639472961
604, 8, 0.4437936842441559, 0.41956818103790283, -0.1662486493587494, 0.9936829805374146
604, 9, 0.4555582106113434, 0.4329877197742462, -0.15697667002677917, 0.9853364825248718
604, 10, 0.44964689016342163, 0.4309186637401581, -0.15697596967220306, 0.9898972511291504
604, 11, 0.48350659012794495, 0.4124208092689514, -0.1300233155488968, 0.9390119910240173
604, 12, 0.42866650223731995, 0.40367114543914795, -0.13176392018795013, 0.9867262840270996
604, 13, 0.5081074833869934, 0.4391999840736389, -0.1201862245798111, 0.9931967258453369
604, 14, 0.40387415885925293, 0.4281042218208313, -0.1222095936536789, 0.9197809100151062
604, 15, 0.526645839214325, 0.4888893961906433, -0.13885879516601562, 0.9805166125297546
604, 16, 0.3832043409347534, 0.46578866243362427, -0.13502340018749237, 0.9374170899391174
604, 17, 0.5362998247146606, 0.5026084184646606, -0.15476615726947784, 0.9640498161315918
604, 18, 0.37305358052253723, 0.47473978996276855, -0.15222856402397156, 0.9088889956474304
604, 19, 0.5300583243370056, 0.5075151920318604, -0.15555095672607422, 0.9611140489578247
604, 20, 0.3785664141178131, 0.47668248414993286, -0.1510997712612152, 0.9043310284614563
604, 21, 0.5250967741012573, 0.5012398958206177, -0.13999763131141663, 0.8944141268730164
604, 22, 0.3839339017868042, 0.4731461703777313, -0.13525718450546265, 0.8545781373977661
604, 23, 0.47152262926101685, 0.37508442997932434, -0.0013174980413168669, 0.9825320243835449
604, 24, 0.4457241892814636, 0.3678487241268158, 0.001209478941746056, 0.9821553826332092
604, 25, 0.47144562005996704, 0.43653637170791626, 0.06422966718673706, 0.13761304318904877
604, 26, 0.4336183965206146, 0.42968320846557617, 0.054104067385196686, 0.18391300737857819
604, 27, 0.47294387221336365, 0.4402927756309509, 0.17448362708091736, 0.17995887994766235
604, 28, 0.4389857351779938, 0.4317225515842438, 0.166108176112175, 0.06633420288562775
604, 29, 0.47224465012550354, 0.4374197721481323, 0.18761487305164337, 0.11673416942358017
604, 30, 0.43934693932533264, 0.4277600049972534, 0.1789843738079071, 0.0706692785024643
604, 31, 0.4755808413028717, 0.4599904716014862, 0.188113272190094, 0.06473985314369202
604, 32, 0.44081640243530273, 0.44862788915634155, 0.17913492023944855, 0.03563676401972771
605, 0, 0.4561850130558014, 0.4538778066635132, -0.19961188733577728, 0.9916415214538574
605, 1, 0.4606805443763733, 0.44945043325424194, -0.20640555024147034, 0.9927910566329956
605, 2, 0.46322256326675415, 0.4500453472137451, -0.2063954770565033, 0.9921906590461731
605, 3, 0.4657701849937439, 0.4506083130836487, -0.2064363658428192, 0.9908379912376404
605, 4, 0.45332565903663635, 0.44572168588638306, -0.20599906146526337, 0.9943562150001526
605, 5, 0.45088449120521545, 0.4440501034259796, -0.20605549216270447, 0.9940866231918335
605, 6, 0.44845572113990784, 0.4423735737800598, -0.20611417293548584, 0.9951583743095398
605, 7, 0.4723237454891205, 0.43989962339401245, -0.18922585248947144, 0.9759703874588013
605, 8, 0.4450909197330475, 0.4260033369064331, -0.1870008409023285, 0.9916369318962097
605, 9, 0.46080532670021057, 0.4498573839664459, -0.18795549869537354, 0.9854581356048584
605, 10, 0.45313581824302673, 0.44578179717063904, -0.18738672137260437, 0.9901909828186035
605, 11, 0.49341386556625366, 0.42607617378234863, -0.1407926082611084, 0.9692550897598267
605, 12, 0.42485636472702026, 0.39049476385116577, -0.1439909040927887, 0.9934247732162476
605, 13, 0.5168169736862183, 0.4672984778881073, -0.11628700792789459, 0.9232745170593262
605, 14, 0.39208465814590454, 0.41241782903671265, -0.11766073852777481, 0.9508031606674194
605, 15, 0.5159926414489746, 0.5325074195861816, -0.1254151463508606, 0.919560432434082
605, 16, 0.3754682242870331, 0.4687648415565491, -0.1256394386291504, 0.9736714363098145
605, 17, 0.522794783115387, 0.5483733415603638, -0.1428019404411316, 0.9048066139221191
605, 18, 0.3695789575576782, 0.48458823561668396, -0.14485614001750946, 0.9692325592041016
605, 19, 0.5132859349250793, 0.54638671875, -0.14784008264541626, 0.9077985882759094
605, 20, 0.37648382782936096, 0.4904448091983795, -0.14763100445270538, 0.9711802005767822
605, 21, 0.5086145401000977, 0.5390413999557495, -0.1281718611717224, 0.8343292474746704
605, 22, 0.3793678879737854, 0.4846564531326294, -0.1275056004524231, 0.950506865978241
605, 23, 0.4824410080909729, 0.36713728308677673, -0.0030055127572268248, 0.9558290243148804
605, 24, 0.4527607858181, 0.3467446565628052, 0.0028579130303114653, 0.9568567276000977
605, 25, 0.47119778394699097, 0.4346465766429901, 0.08337830007076263, 0.04955076426267624
605, 26, 0.43905043601989746, 0.4125628173351288, 0.08406665176153183, 0.04086904600262642
605, 27, 0.47216835618019104, 0.42975398898124695, 0.23214372992515564, 0.0823792964220047
605, 28, 0.4461185336112976, 0.410178542137146, 0.23375430703163147, 0.028785232454538345
605, 29, 0.47238945960998535, 0.4246663749217987, 0.2486063539981842, 0.054934948682785034
605, 30, 0.44752535223960876, 0.406786173582077, 0.25071242451667786, 0.02462850697338581
605, 31, 0.4685763418674469, 0.4492868185043335, 0.24969704449176788, 0.04815016686916351
605, 32, 0.44691142439842224, 0.42543965578079224, 0.2531474828720093, 0.01788841187953949
606, 0, 0.45052117109298706, 0.456924170255661, -0.19874264299869537, 0.9823694825172424
606, 1, 0.4549926817417145, 0.4503553509712219, -0.20537027716636658, 0.9864984750747681
606, 2, 0.45775550603866577, 0.4507818818092346, -0.20536765456199646, 0.9864714741706848
606, 3, 0.46400609612464905, 0.44973433017730713, -0.20540693402290344, 0.9822151064872742
606, 4, 0.4469340443611145, 0.4464018642902374, -0.20500215888023376, 0.9872612953186035
606, 5, 0.44429120421409607, 0.4445212781429291, -0.20507855713367462, 0.9889779686927795
606, 6, 0.44167786836624146, 0.4426177144050598, -0.20516133308410645, 0.9905767440795898
606, 7, 0.46810442209243774, 0.4396502673625946, -0.18932229280471802, 0.9663477540016174
606, 8, 0.43883973360061646, 0.4245717227458954, -0.18742172420024872, 0.9830007553100586
606, 9, 0.45639437437057495, 0.45341771841049194, -0.18798625469207764, 0.9680537581443787
606, 10, 0.44800299406051636, 0.44930607080459595, -0.18749360740184784, 0.9773419499397278
606, 11, 0.49284473061561584, 0.4217936098575592, -0.14535470306873322, 0.9587399959564209
606, 12, 0.4231460988521576, 0.3924371898174286, -0.14724205434322357, 0.9923143982887268
606, 13, 0.524213433265686, 0.4533340334892273, -0.11584275960922241, 0.9414455890655518
606, 14, 0.38932740688323975, 0.4143937826156616, -0.1210690289735794, 0.9533892869949341
606, 15, 0.5307842493057251, 0.5074167847633362, -0.12060844898223877, 0.8865355849266052
606, 16, 0.37527984380722046, 0.46929389238357544, -0.12142293155193329, 0.9696958661079407
606, 17, 0.5401870608329773, 0.5188263058662415, -0.13612861931324005, 0.8623550534248352
606, 18, 0.3679116368293762, 0.4827733635902405, -0.13693280518054962, 0.9662104249000549
606, 19, 0.5312001705169678, 0.517958402633667, -0.14003410935401917, 0.8646013736724854
606, 20, 0.37868767976760864, 0.4910336434841156, -0.13923145830631256, 0.9661605954170227
606, 21, 0.5255250334739685, 0.5122269988059998, -0.12242303788661957, 0.7411144971847534
606, 22, 0.3840303421020508, 0.4878842234611511, -0.1223965659737587, 0.9397029280662537
606, 23, 0.4836760461330414, 0.36520445346832275, -0.0032942225225269794, 0.9593012928962708
606, 24, 0.45560652017593384, 0.3480265140533447, 0.003124580252915621, 0.965572714805603
606, 25, 0.4722830653190613, 0.41572171449661255, 0.09745997190475464, 0.025493653491139412
606, 26, 0.44320908188819885, 0.3972899913787842, 0.09875224530696869, 0.035766564309597015
606, 27, 0.47709769010543823, 0.40330594778060913, 0.24827387928962708, 0.06756957620382309
606, 28, 0.4560492932796478, 0.3891931176185608, 0.24804344773292542, 0.03670559078454971
606, 29, 0.47876429557800293, 0.3969821631908417, 0.2650945484638214, 0.05576261132955551
606, 30, 0.45971259474754333, 0.3848331570625305, 0.2653311789035797, 0.03941265866160393
606, 31, 0.4731143116950989, 0.4206142723560333, 0.27152642607688904, 0.019713828340172768
606, 32, 0.4546991288661957, 0.40241193771362305, 0.2732353210449219, 0.011810699477791786
607, 0, 0.45576316118240356, 0.4315817654132843, -0.16962267458438873, 0.9877172112464905
607, 1, 0.459542453289032, 0.42968666553497314, -0.17957709729671478, 0.9892926216125488
607, 2, 0.4616849422454834, 0.4300839304924011, -0.17957094311714172, 0.9892600774765015
607, 3, 0.46383410692214966, 0.4304312765598297, -0.17960678040981293, 0.984438955783844
607, 4, 0.4528326094150543, 0.42743611335754395, -0.17744438350200653, 0.9903491735458374
607, 5, 0.45045891404151917, 0.4264278709888458, -0.17749853432178497, 0.9916560649871826
607, 6, 0.44809287786483765, 0.4254213571548462, -0.1775781214237213, 0.9917551279067993
607, 7, 0.46837717294692993, 0.42335447669029236, -0.1818217933177948, 0.9711153507232666
607, 8, 0.4440639615058899, 0.4140903353691101, -0.1729288101196289, 0.9842996597290039
607, 9, 0.4591130316257477, 0.42847496271133423, -0.16571415960788727, 0.9803666472434998
607, 10, 0.45214390754699707, 0.4259839653968811, -0.1631535440683365, 0.9841530919075012
607, 11, 0.485222727060318, 0.40589410066604614, -0.14537601172924042, 0.9619026780128479
607, 12, 0.4243656098842621, 0.3969941735267639, -0.14238908886909485, 0.9936400055885315
607, 13, 0.5174655914306641, 0.4270472526550293, -0.13549572229385376, 0.9799110889434814
607, 14, 0.3980976343154907, 0.42588093876838684, -0.1378185749053955, 0.896411120891571
607, 15, 0.5356392860412598, 0.46528664231300354, -0.15218275785446167, 0.9604995250701904
607, 16, 0.3722296953201294, 0.4586575925350189, -0.157500222325325, 0.9517051577568054
607, 17, 0.5466545224189758, 0.4739243686199188, -0.16876329481601715, 0.9334524869918823
607, 18, 0.36746397614479065, 0.47294729948043823, -0.17637956142425537, 0.9432916641235352
607, 19, 0.5398762226104736, 0.4761502146720886, -0.172293558716774, 0.9337291717529297
607, 20, 0.373413622379303, 0.4756927788257599, -0.17597004771232605, 0.9447932839393616
607, 21, 0.5341507792472839, 0.4718749523162842, -0.15425564348697662, 0.8535569310188293
607, 22, 0.3762640655040741, 0.4731074571609497, -0.1583564430475235, 0.9034148454666138
607, 23, 0.47324496507644653, 0.36561647057533264, -0.002951814327389002, 0.9879438877105713
607, 24, 0.44960325956344604, 0.3554714024066925, 0.0027328075375407934, 0.9912840127944946
607, 25, 0.45651906728744507, 0.4174227714538574, 0.09341572225093842, 0.03092397190630436
607, 26, 0.43564653396606445, 0.4119330644607544, 0.08541487902402878, 0.07483325898647308
607, 27, 0.4620676636695862, 0.41640615463256836, 0.2267204225063324, 0.07839906960725784
607, 28, 0.44861212372779846, 0.4096614718437195, 0.21851733326911926, 0.04787643998861313
607, 29, 0.46326369047164917, 0.41435354948043823, 0.24161085486412048, 0.05679825693368912
607, 30, 0.4511651396751404, 0.40691256523132324, 0.2332456409931183, 0.046013154089450836
607, 31, 0.46131062507629395, 0.42874446511268616, 0.24096402525901794, 0.03949838876724243
607, 32, 0.44840508699417114, 0.41822922229766846, 0.230977863073349, 0.025559192523360252
608, 0, 0.4508463740348816, 0.41044989228248596, -0.24156613647937775, 0.9888396859169006
608, 1, 0.4551740288734436, 0.40844854712486267, -0.24708819389343262, 0.9948493838310242
608, 2, 0.4564986228942871, 0.4097493588924408, -0.24710488319396973, 0.9942377805709839
608, 3, 0.4578142762184143, 0.4110158681869507, -0.24717946350574493, 0.9943406581878662
608, 4, 0.4513028562068939, 0.40355685353279114, -0.24833783507347107, 0.9952865839004517
608, 5, 0.4501301646232605, 0.40157240629196167, -0.24840788543224335, 0.9952828288078308
608, 6, 0.4489518105983734, 0.3995841145515442, -0.24845919013023376, 0.9959242343902588
608, 7, 0.4610505998134613, 0.4089873731136322, -0.22272124886512756, 0.995510458946228
608, 8, 0.44762223958969116, 0.39157354831695557, -0.22940225899219513, 0.9975401163101196
608, 9, 0.45218467712402344, 0.41147974133491516, -0.22705087065696716, 0.9965104460716248
608, 10, 0.44796738028526306, 0.4057914614677429, -0.2292245626449585, 0.9975520968437195
608, 11, 0.46313196420669556, 0.415543794631958, -0.15093494951725006, 0.9978097081184387
608, 12, 0.4388546347618103, 0.38075950741767883, -0.16771109402179718, 0.9990808963775635
608, 13, 0.46256154775619507, 0.4196147620677948, -0.09671438485383987, 0.15123772621154785
608, 14, 0.4249802231788635, 0.40606385469436646, -0.11554504930973053, 0.8690096139907837
608, 15, 0.4603022634983063, 0.4162493944168091, -0.09839071333408356, 0.15098166465759277
608, 16, 0.42263245582580566, 0.42934200167655945, -0.1033344492316246, 0.8295864462852478
608, 17, 0.4619263708591461, 0.4192867577075958, -0.10775916278362274, 0.14779695868492126
608, 18, 0.42005640268325806, 0.4330597221851349, -0.11590752750635147, 0.7867991924285889
608, 19, 0.45855069160461426, 0.41488194465637207, -0.11927463859319687, 0.16133923828601837
608, 20, 0.42399150133132935, 0.43600013852119446, -0.12107584625482559, 0.8124259114265442
608, 21, 0.457275390625, 0.4122607707977295, -0.10288657993078232, 0.13083668053150177
608, 22, 0.42569422721862793, 0.43462198972702026, -0.10527406632900238, 0.7554733157157898
608, 23, 0.46178656816482544, 0.3869819641113281, 0.004286662675440311, 0.9998143315315247
608, 24, 0.45291584730148315, 0.3696095049381256, -0.004187111742794514, 0.9999125003814697
608, 25, 0.44444888830184937, 0.4341703951358795, 0.10071288049221039, 0.19154587388038635
608, 26, 0.4265340268611908, 0.4283760190010071, 0.074302077293396, 0.40183037519454956
608, 27, 0.45109277963638306, 0.4258290231227875, 0.2505834698677063, 0.1115298643708229
608, 28, 0.44662514328956604, 0.42587369680404663, 0.2250361442565918, 0.17150108516216278
608, 29, 0.4526463449001312, 0.4241766929626465, 0.26687973737716675, 0.08298264443874359
608, 30, 0.45037713646888733, 0.42419615387916565, 0.2410917729139328, 0.06653442978858948
608, 31, 0.4477880001068115, 0.4294297993183136, 0.26540833711624146, 0.1601981669664383
608, 32, 0.4459320902824402, 0.4328041076660156, 0.23858514428138733, 0.18880824744701385
609, 0, 0.4425601363182068, 0.45385199785232544, -0.25831666588783264, 0.9916616678237915
609, 1, 0.4469987750053406, 0.4480683505535126, -0.26443424820899963, 0.9943103790283203
609, 2, 0.4560173451900482, 0.44941437244415283, -0.26445701718330383, 0.9945143461227417
609, 3, 0.45864495635032654, 0.45061951875686646, -0.2645190358161926, 0.9945869445800781
609, 4, 0.43970125913619995, 0.44153502583503723, -0.2645917534828186, 0.9951651096343994
609, 5, 0.4358043074607849, 0.4383200407028198, -0.2646745443344116, 0.9955369234085083
609, 6, 0.4335464537143707, 0.4370400011539459, -0.2647288739681244, 0.9957494735717773
609, 7, 0.4661979675292969, 0.4376542270183563, -0.24927417933940887, 0.9826617240905762
609, 8, 0.431065171957016, 0.4231433570384979, -0.2495386302471161, 0.9922564029693604
609, 9, 0.44935426115989685, 0.4501901865005493, -0.24819722771644592, 0.9890236854553223
609, 10, 0.44140592217445374, 0.44548046588897705, -0.2482546865940094, 0.987626850605011
609, 11, 0.49119120836257935, 0.42188501358032227, -0.18791070580482483, 0.946861982345581
609, 12, 0.4240241050720215, 0.3829779326915741, -0.1939709186553955, 0.9653421640396118
609, 13, 0.5214690566062927, 0.46208861470222473, -0.16164889931678772, 0.905215322971344
609, 14, 0.38932856917381287, 0.40711745619773865, -0.16921819746494293, 0.9210237860679626
609, 15, 0.5286059975624084, 0.5239803791046143, -0.17572104930877686, 0.9318047761917114
609, 16, 0.3738071918487549, 0.46707746386528015, -0.17130669951438904, 0.9529114365577698
609, 17, 0.5361732244491577, 0.5476200580596924, -0.1949799805879593, 0.9079393744468689
609, 18, 0.3666658401489258, 0.48151832818984985, -0.19158340990543365, 0.9414880871772766
609, 19, 0.5270373225212097, 0.5482891201972961, -0.19882965087890625, 0.9073305130004883
609, 20, 0.37262237071990967, 0.4849404990673065, -0.19850550591945648, 0.941289484500885
609, 21, 0.5233622789382935, 0.5417867302894592, -0.17813555896282196, 0.8495338559150696
609, 22, 0.37741535902023315, 0.48159462213516235, -0.17484258115291595, 0.9122982621192932
609, 23, 0.4915856719017029, 0.36063897609710693, -0.0034886053763329983, 0.9926161766052246
609, 24, 0.4568522572517395, 0.3385307192802429, 0.0034588209819048643, 0.9898374676704407
609, 25, 0.49359774589538574, 0.4823368787765503, 0.024100491777062416, 0.3103896677494049
609, 26, 0.44712966680526733, 0.4270378649234772, 0.0708363950252533, 0.2813700735569
609, 27, 0.4961720108985901, 0.5500668287277222, 0.13438676297664642, 0.4204918146133423
609, 28, 0.45198172330856323, 0.47934621572494507, 0.20138736069202423, 0.19293686747550964
609, 29, 0.4984886646270752, 0.555546760559082, 0.14572392404079437, 0.31558433175086975
609, 30, 0.4546959400177002, 0.48509836196899414, 0.21529999375343323, 0.14556540548801422
609, 31, 0.4883836805820465, 0.5916609168052673, 0.11311270296573639, 0.5112820267677307
609, 32, 0.4462040960788727, 0.5052211284637451, 0.1939394176006317, 0.2653737962245941
610, 0, 0.44200068712234497, 0.4543103575706482, -0.2572827637195587, 0.9937228560447693
610, 1, 0.4463733732700348, 0.448713093996048, -0.2647574543952942, 0.9953298568725586
610, 2, 0.45515409111976624, 0.45022937655448914, -0.26478224992752075, 0.9957210421562195
610, 3, 0.45767050981521606, 0.45127296447753906, -0.26484742760658264, 0.9954148530960083
610, 4, 0.43887704610824585, 0.44358915090560913, -0.2642856538295746, 0.9957026839256287
610, 5, 0.4343319535255432, 0.44157078862190247, -0.2643696963787079, 0.99617600440979
610, 6, 0.4321521818637848, 0.44068825244903564, -0.26441678404808044, 0.9963157773017883
610, 7, 0.4638431668281555, 0.4422205090522766, -0.2542499601840973, 0.9882619976997375
610, 8, 0.43065696954727173, 0.42356210947036743, -0.25133195519447327, 0.9944091439247131
610, 9, 0.4488454759120941, 0.45041799545288086, -0.2486938238143921, 0.9916766881942749
610, 10, 0.4409363865852356, 0.44515055418014526, -0.24790403246879578, 0.9908515810966492
610, 11, 0.4905455708503723, 0.4238889813423157, -0.19485637545585632, 0.9568085074424744
610, 12, 0.42568808794021606, 0.3812137544155121, -0.19578540325164795, 0.9633819460868835
610, 13, 0.5146544575691223, 0.4744444489479065, -0.16257719695568085, 0.9115822911262512
610, 14, 0.3901956081390381, 0.4056870639324188, -0.16671620309352875, 0.9024797677993774
610, 15, 0.5247056484222412, 0.5372248888015747, -0.167066290974617, 0.923734724521637
610, 16, 0.3731442093849182, 0.4590080678462982, -0.16835162043571472, 0.9469922780990601
610, 17, 0.5306394100189209, 0.5541629791259766, -0.18592442572116852, 0.8965100646018982
610, 18, 0.3648790717124939, 0.47725483775138855, -0.18913374841213226, 0.9346756339073181
610, 19, 0.522613525390625, 0.5543134212493896, -0.19014783203601837, 0.8929618000984192
610, 20, 0.3720601499080658, 0.477211594581604, -0.1962263435125351, 0.9303261041641235
610, 21, 0.5190373659133911, 0.5470295548439026, -0.16926629841327667, 0.8212648034095764
610, 22, 0.37528300285339355, 0.475403755903244, -0.17203925549983978, 0.9020671844482422
610, 23, 0.49386531114578247, 0.35604825615882874, -0.0044461991637945175, 0.9882793426513672
610, 24, 0.46040859818458557, 0.3348929286003113, 0.004440087825059891, 0.9852133393287659
610, 25, 0.4972304701805115, 0.4765144884586334, 0.044527120888233185, 0.2746821641921997
610, 26, 0.45202645659446716, 0.42800459265708923, 0.07323464006185532, 0.20866186916828156
610, 27, 0.49974051117897034, 0.5440860390663147, 0.1710561364889145, 0.4339311718940735
610, 28, 0.45516958832740784, 0.4917182922363281, 0.20744280517101288, 0.19339726865291595
610, 29, 0.5016561150550842, 0.5494840145111084, 0.18376792967319489, 0.3207421898841858
610, 30, 0.4576982855796814, 0.4988020062446594, 0.22165802121162415, 0.1544128805398941
610, 31, 0.49322599172592163, 0.5853400230407715, 0.15047617256641388, 0.43140560388565063
610, 32, 0.4498228430747986, 0.5223610401153564, 0.19690987467765808, 0.2510736882686615
611, 0, 0.4374150335788727, 0.4505060911178589, -0.22057011723518372, 0.9669509530067444
611, 1, 0.4425312876701355, 0.44503551721572876, -0.22820964455604553, 0.9673750400543213
611, 2, 0.4455605447292328, 0.4463285207748413, -0.22822007536888123, 0.9726848006248474
611, 3, 0.4535464644432068, 0.44901448488235474, -0.22825901210308075, 0.9529180526733398
611, 4, 0.43415385484695435, 0.43847519159317017, -0.2276737242937088, 0.9630240797996521
611, 5, 0.4315803647041321, 0.43570590019226074, -0.22775530815124512, 0.9746482968330383
611, 6, 0.4300353527069092, 0.43388137221336365, -0.2278413325548172, 0.9735658168792725
611, 7, 0.4584912657737732, 0.43819791078567505, -0.2141057699918747, 0.9182307124137878
611, 8, 0.42813652753829956, 0.4184584319591522, -0.2119922935962677, 0.9656769633293152
611, 9, 0.44470247626304626, 0.449800968170166, -0.21002976596355438, 0.9355912804603577
611, 10, 0.43600016832351685, 0.4429621398448944, -0.20951393246650696, 0.9478467702865601
611, 11, 0.4879130721092224, 0.42114150524139404, -0.1641227751970291, 0.939598560333252
611, 12, 0.41822272539138794, 0.3851868212223053, -0.17351815104484558, 0.9856281280517578
611, 13, 0.5221134424209595, 0.4397209584712982, -0.13669870793819427, 0.9308120012283325
611, 14, 0.3869853913784027, 0.4003058075904846, -0.14762060344219208, 0.913257896900177
611, 15, 0.5340145826339722, 0.49076369404792786, -0.14891289174556732, 0.8922789692878723
611, 16, 0.3714584708213806, 0.465760201215744, -0.15089081227779388, 0.9711442589759827
611, 17, 0.549396812915802, 0.48717355728149414, -0.16633231937885284, 0.8652979135513306
611, 18, 0.364177405834198, 0.48121723532676697, -0.17039020359516144, 0.9714005589485168
611, 19, 0.541690468788147, 0.48421987891197205, -0.17268946766853333, 0.8596790432929993
611, 20, 0.37117457389831543, 0.4847785234451294, -0.17335183918476105, 0.9708671569824219
611, 21, 0.5357972383499146, 0.4805668592453003, -0.1520756483078003, 0.7265467047691345
611, 22, 0.37523913383483887, 0.4846700131893158, -0.1525186449289322, 0.9483164548873901
611, 23, 0.4853360652923584, 0.3665606677532196, -0.004721813835203648, 0.9719157814979553
611, 24, 0.45692944526672363, 0.3455195426940918, 0.004540619906038046, 0.9725250005722046
611, 25, 0.46762412786483765, 0.4227334260940552, 0.11725721508264542, 0.02322734333574772
611, 26, 0.44015416502952576, 0.394395112991333, 0.11710184812545776, 0.035175807774066925
611, 27, 0.47078269720077515, 0.41746458411216736, 0.29230397939682007, 0.056262124329805374
611, 28, 0.45029425621032715, 0.3986625373363495, 0.286755234003067, 0.029438303783535957
611, 29, 0.4726528227329254, 0.41217073798179626, 0.31179535388946533, 0.052360039204359055
611, 30, 0.4531499743461609, 0.3964116871356964, 0.30623602867126465, 0.03357855603098869
611, 31, 0.46416062116622925, 0.4376128017902374, 0.31327930092811584, 0.01591782458126545
611, 32, 0.44747108221054077, 0.4150863587856293, 0.30686622858047485, 0.009727634489536285
612, 0, 0.4411463141441345, 0.4624098539352417, -0.2205618917942047, 0.9986563920974731
612, 1, 0.4505274295806885, 0.4546464681625366, -0.2330200970172882, 0.9990993738174438
612, 2, 0.45435723662376404, 0.4568263292312622, -0.2330612689256668, 0.9992709755897522
612, 3, 0.4569457471370697, 0.4585933983325958, -0.23313820362091064, 0.9991669654846191
612, 4, 0.43873172998428345, 0.4467160403728485, -0.23260840773582458, 0.99904865026474
612, 5, 0.43585872650146484, 0.44435885548591614, -0.23268571496009827, 0.9991581439971924
612, 6, 0.4327477514743805, 0.44169238209724426, -0.23270830512046814, 0.9990826845169067
612, 7, 0.4640757441520691, 0.4463682472705841, -0.23837026953697205, 0.998205304145813
612, 8, 0.4308440685272217, 0.42463842034339905, -0.23526187241077423, 0.9987561702728271
612, 9, 0.44833311438560486, 0.4582277536392212, -0.2160835564136505, 0.9979571104049683
612, 10, 0.44055479764938354, 0.45137667655944824, -0.21514269709587097, 0.9972301125526428
612, 11, 0.49420365691185, 0.42747750878334045, -0.18182167410850525, 0.9836102724075317
612, 12, 0.4274377226829529, 0.3767729103565216, -0.18588833510875702, 0.9817288517951965
612, 13, 0.5254901647567749, 0.46051859855651855, -0.1356489509344101, 0.9670565128326416
612, 14, 0.39234042167663574, 0.3984093964099884, -0.13162463903427124, 0.9423614740371704
612, 15, 0.528750479221344, 0.5430138111114502, -0.12770146131515503, 0.9576792120933533
612, 16, 0.3733835816383362, 0.463634192943573, -0.1028178483247757, 0.9568248391151428
612, 17, 0.5349435210227966, 0.561175525188446, -0.14560958743095398, 0.9458773732185364
612, 18, 0.36512017250061035, 0.48023954033851624, -0.11700357496738434, 0.9499717950820923
612, 19, 0.5252006649971008, 0.5606659650802612, -0.14973026514053345, 0.945972204208374
612, 20, 0.3724428713321686, 0.4844003915786743, -0.12580330669879913, 0.9508678913116455
612, 21, 0.521276593208313, 0.5529628992080688, -0.1298041194677353, 0.8995135426521301
612, 22, 0.37609434127807617, 0.48221856355667114, -0.10601421445608139, 0.9376768469810486
612, 23, 0.49463146924972534, 0.35621339082717896, -0.0010270723141729832, 0.9971299767494202
612, 24, 0.4598594605922699, 0.3304833173751831, 0.0010751698864623904, 0.9950869679450989
612, 25, 0.4905244708061218, 0.47056642174720764, 0.052009355276823044, 0.29654115438461304
612, 26, 0.44451817870140076, 0.41932806372642517, 0.08903691172599792, 0.23018202185630798
612, 27, 0.4904910624027252, 0.5265060067176819, 0.183740496635437, 0.5128006935119629
612, 28, 0.44292059540748596, 0.46628329157829285, 0.23534035682678223, 0.24196909368038177
612, 29, 0.4920845925807953, 0.5289081335067749, 0.19790935516357422, 0.45684459805488586
612, 30, 0.44443100690841675, 0.4700605273246765, 0.2516135573387146, 0.21981896460056305
612, 31, 0.4819985330104828, 0.5664563775062561, 0.17457044124603271, 0.37566912174224854
612, 32, 0.4365178048610687, 0.49556267261505127, 0.23943594098091125, 0.19282947480678558
613, 0, 0.4393126964569092, 0.4612312316894531, -0.21087133884429932, 0.9990866184234619
613, 1, 0.4485998749732971, 0.4536549746990204, -0.22228869795799255, 0.9993725419044495
613, 2, 0.4528122544288635, 0.4522637128829956, -0.2223152369260788, 0.9995132684707642
613, 3, 0.4562615752220154, 0.45442283153533936, -0.22235016524791718, 0.9993902444839478
613, 4, 0.4369351863861084, 0.4449034333229065, -0.22149758040905, 0.9993584752082825
613, 5, 0.4340181350708008, 0.44234970211982727, -0.2215845137834549, 0.9995013475418091
613, 6, 0.4307135045528412, 0.4392514228820801, -0.2216150462627411, 0.9993841648101807
613, 7, 0.4618315100669861, 0.4440155029296875, -0.22860705852508545, 0.9987377524375916
613, 8, 0.42894959449768066, 0.419924259185791, -0.2245437651872635, 0.9992722868919373
613, 9, 0.44654011726379395, 0.456893652677536, -0.2076302021741867, 0.9985911250114441
613, 10, 0.4379919171333313, 0.45156019926071167, -0.2063007801771164, 0.9983001351356506
613, 11, 0.4904855787754059, 0.42139628529548645, -0.17176155745983124, 0.9924784898757935
613, 12, 0.4191463589668274, 0.38009631633758545, -0.17317931354045868, 0.9934622049331665
613, 13, 0.5275306105613708, 0.4439060091972351, -0.12779736518859863, 0.8986652493476868
613, 14, 0.38771986961364746, 0.3980434536933899, -0.11637048423290253, 0.9108291268348694
613, 15, 0.5299108028411865, 0.5180748701095581, -0.1185344010591507, 0.9346575140953064
613, 16, 0.3727055788040161, 0.471609503030777, -0.0845576748251915, 0.9567708373069763
613, 17, 0.5357030034065247, 0.5341954231262207, -0.1351199895143509, 0.923181414604187
613, 18, 0.3652060627937317, 0.48978665471076965, -0.09721463173627853, 0.9555557370185852
613, 19, 0.5276736617088318, 0.540625274181366, -0.14012600481510162, 0.9230161309242249
613, 20, 0.37276899814605713, 0.4933133125305176, -0.10602569580078125, 0.9520466923713684
613, 21, 0.523331880569458, 0.5349079370498657, -0.12094619125127792, 0.8855727910995483
613, 22, 0.3773585855960846, 0.48924848437309265, -0.08767954260110855, 0.9346080422401428
613, 23, 0.4955318570137024, 0.3509407043457031, -0.004292864352464676, 0.9972902536392212
613, 24, 0.45876485109329224, 0.32694345712661743, 0.0043603600934147835, 0.9958388805389404
613, 25, 0.5031436085700989, 0.4908125698566437, 0.011510149575769901, 0.6535208821296692
613, 26, 0.45294666290283203, 0.42659586668014526, 0.06585134565830231, 0.403942346572876
613, 27, 0.5028473734855652, 0.5759242177009583, 0.10907187312841415, 0.8125653862953186
613, 28, 0.456984281539917, 0.5089104175567627, 0.18433086574077606, 0.5179536938667297
613, 29, 0.5037218928337097, 0.5843667984008789, 0.11923687160015106, 0.6987859606742859
613, 30, 0.4605339467525482, 0.5206063389778137, 0.19674083590507507, 0.3873887062072754
613, 31, 0.4953674376010895, 0.6170870661735535, 0.08652712404727936, 0.8290364146232605
613, 32, 0.45129114389419556, 0.5438111424446106, 0.17503349483013153, 0.5732768177986145
614, 0, 0.4384179711341858, 0.45659634470939636, -0.2350691854953766, 0.9923321008682251
614, 1, 0.44902172684669495, 0.448715478181839, -0.24483272433280945, 0.991715133190155
614, 2, 0.4533841013908386, 0.4510504901409149, -0.24485304951667786, 0.9937558174133301
614, 3, 0.4562395215034485, 0.4525258243083954, -0.24488165974617004, 0.9929181933403015
614, 4, 0.43687668442726135, 0.44274547696113586, -0.24426774680614471, 0.9927740097045898
614, 5, 0.4337325990200043, 0.4368462860584259, -0.24435992538928986, 0.9949818253517151
614, 6, 0.4311637282371521, 0.43444138765335083, -0.24439242482185364, 0.9939309358596802
614, 7, 0.4625767767429352, 0.443061500787735, -0.24573853611946106, 0.9848871827125549
614, 8, 0.4297592043876648, 0.41418570280075073, -0.2418767660856247, 0.9906101822853088
614, 9, 0.45058655738830566, 0.4526677131652832, -0.23050875961780548, 0.983951985836029
614, 10, 0.4370151460170746, 0.44620653986930847, -0.229441836476326, 0.9783967137336731
614, 11, 0.48812898993492126, 0.4290584921836853, -0.19303764402866364, 0.9236065149307251
614, 12, 0.42330318689346313, 0.3726310729980469, -0.18465134501457214, 0.9498509764671326
614, 13, 0.5004264712333679, 0.4871816039085388, -0.15206070244312286, 0.7838216423988342
614, 14, 0.3883126974105835, 0.39675143361091614, -0.14791595935821533, 0.8671801090240479
614, 15, 0.5100112557411194, 0.5605626106262207, -0.14326408505439758, 0.7939196825027466
614, 16, 0.37136510014533997, 0.46935078501701355, -0.14145606756210327, 0.9408767819404602
614, 17, 0.5182973742485046, 0.5786226391792297, -0.15898756682872772, 0.8032932877540588
614, 18, 0.36375072598457336, 0.48998451232910156, -0.16016215085983276, 0.9418568015098572
614, 19, 0.510760486125946, 0.5781497955322266, -0.16373246908187866, 0.7835096120834351
614, 20, 0.3710433840751648, 0.49140551686286926, -0.17005544900894165, 0.931830644607544
614, 21, 0.5062691569328308, 0.5704968571662903, -0.14505700767040253, 0.7235924005508423
614, 22, 0.37480318546295166, 0.48868528008461, -0.1461298018693924, 0.9105610847473145
614, 23, 0.49760714173316956, 0.35092848539352417, -0.01000731810927391, 0.9955477714538574
614, 24, 0.46291279792785645, 0.3272440731525421, 0.010118687525391579, 0.9951211810112
614, 25, 0.5045639872550964, 0.5049595236778259, -0.026496345177292824, 0.5775830149650574
614, 26, 0.46165138483047485, 0.4473470151424408, 0.041991300880908966, 0.44801145792007446
614, 27, 0.5090944170951843, 0.6043586730957031, 0.04617905244231224, 0.8326511383056641
614, 28, 0.4726485311985016, 0.5453002452850342, 0.1290620118379593, 0.5969937443733215
614, 29, 0.5106511116027832, 0.6157028675079346, 0.0532781258225441, 0.7575694918632507
614, 30, 0.4768247604370117, 0.5593627691268921, 0.13772593438625336, 0.48782774806022644
614, 31, 0.5009011626243591, 0.6477941870689392, 0.005963808856904507, 0.8339681029319763
614, 32, 0.4682329595088959, 0.5808793306350708, 0.10477863252162933, 0.5676886439323425
615, 0, 0.440812885761261, 0.4679405093193054, -0.19436149299144745, 0.9986897110939026
615, 1, 0.4499797224998474, 0.45832204818725586, -0.20630457997322083, 0.9989308714866638
615, 2, 0.454195111989975, 0.46027034521102905, -0.2063438594341278, 0.9992468357086182
615, 3, 0.45701608061790466, 0.4617423117160797, -0.20639295876026154, 0.9991409778594971
615, 4, 0.43822652101516724, 0.4513767957687378, -0.20536842942237854, 0.9988813996315002
615, 5, 0.4342191815376282, 0.4471999704837799, -0.2054480016231537, 0.9992265701293945
615, 6, 0.4317750334739685, 0.44564661383628845, -0.2054729014635086, 0.9990386962890625
615, 7, 0.46449747681617737, 0.44765010476112366, -0.21755781769752502, 0.9982637763023376
615, 8, 0.4293263554573059, 0.42458856105804443, -0.21236172318458557, 0.9987842440605164
615, 9, 0.4513699412345886, 0.46172985434532166, -0.19356811046600342, 0.9974381923675537
615, 10, 0.43931156396865845, 0.45719993114471436, -0.19193913042545319, 0.9965435862541199
615, 11, 0.49264198541641235, 0.4300731122493744, -0.16852949559688568, 0.9789447784423828
615, 12, 0.4239625334739685, 0.3814665377140045, -0.16464485228061676, 0.9765927791595459
615, 13, 0.5153324604034424, 0.482074111700058, -0.12472663819789886, 0.8566011190414429
615, 14, 0.3897128701210022, 0.39689818024635315, -0.12048933655023575, 0.8334531188011169
615, 15, 0.5212529301643372, 0.5619481801986694, -0.11448495090007782, 0.8910804390907288
615, 16, 0.3733144998550415, 0.4705873131752014, -0.10639755427837372, 0.9359344244003296
615, 17, 0.5290197134017944, 0.580444872379303, -0.1302650272846222, 0.8902895450592041
615, 18, 0.36529672145843506, 0.492936372756958, -0.12327931076288223, 0.9366807341575623
615, 19, 0.5200127959251404, 0.5820141434669495, -0.13603264093399048, 0.8829642534255981
615, 20, 0.37229058146476746, 0.4947209358215332, -0.1330527514219284, 0.9289759993553162
615, 21, 0.5156409740447998, 0.5744531750679016, -0.11695246398448944, 0.8332720398902893
615, 22, 0.376514732837677, 0.48910441994667053, -0.11080028861761093, 0.9124897718429565
615, 23, 0.49885258078575134, 0.3509582281112671, -0.0064316317439079285, 0.9944433569908142
615, 24, 0.46127042174339294, 0.3308732211589813, 0.006564283277839422, 0.9920646548271179
615, 25, 0.5080538392066956, 0.49008822441101074, -0.0025486545637249947, 0.5741427540779114
615, 26, 0.45467430353164673, 0.4452969431877136, 0.03582461550831795, 0.4027727544307709
615, 27, 0.5067440271377563, 0.5786668062210083, 0.0857437327504158, 0.7656629681587219
615, 28, 0.46511951088905334, 0.5357910394668579, 0.13278816640377045, 0.5404343605041504
615, 29, 0.5069653391838074, 0.5873723030090332, 0.09454420208930969, 0.6133967638015747
615, 30, 0.4694710373878479, 0.5481430292129517, 0.14238792657852173, 0.44860073924064636
615, 31, 0.4990484118461609, 0.619770884513855, 0.056252337992191315, 0.7301672101020813
615, 32, 0.46206149458885193, 0.5716453790664673, 0.11217699944972992, 0.5363228917121887
616, 0, 0.44195979833602905, 0.46391135454177856, -0.21693655848503113, 0.9954047203063965
616, 1, 0.447020947933197, 0.458269327878952, -0.2270282804965973, 0.9963943362236023
616, 2, 0.454904168844223, 0.4577588737010956, -0.2270410805940628, 0.9968107342720032
616, 3, 0.45877641439437866, 0.45536667108535767, -0.22709588706493378, 0.995850682258606
616, 4, 0.43755999207496643, 0.4483244717121124, -0.227656289935112, 0.9964163303375244
616, 5, 0.4347897469997406, 0.4468080401420593, -0.22772371768951416, 0.9970632195472717
616, 6, 0.4315755367279053, 0.44468796253204346, -0.2277640402317047, 0.9970466494560242
616, 7, 0.4650669991970062, 0.44468870759010315, -0.21873514354228973, 0.9904000163078308
616, 8, 0.43027180433273315, 0.4261525571346283, -0.2208009660243988, 0.9960343241691589
616, 9, 0.44984346628189087, 0.45983463525772095, -0.20764121413230896, 0.9943217039108276
616, 10, 0.4405723512172699, 0.4539877474308014, -0.20815519988536835, 0.994486391544342
616, 11, 0.4981626868247986, 0.42247799038887024, -0.16315054893493652, 0.9806776642799377
616, 12, 0.4195241332054138, 0.3800414204597473, -0.17579154670238495, 0.9864464998245239
616, 13, 0.5276927947998047, 0.4710712134838104, -0.130536288022995, 0.9782494902610779
616, 14, 0.3860495686531067, 0.40334609150886536, -0.12792570888996124, 0.9282607436180115
616, 15, 0.5310890078544617, 0.5346122980117798, -0.14323240518569946, 0.9616968035697937
616, 16, 0.37268587946891785, 0.4805576205253601, -0.10469613969326019, 0.9428715109825134
616, 17, 0.536322832107544, 0.5457126498222351, -0.16271722316741943, 0.9414161443710327
616, 18, 0.36554887890815735, 0.498249351978302, -0.11916331946849823, 0.9340567588806152
616, 19, 0.5263022780418396, 0.5513418912887573, -0.16586041450500488, 0.9414984583854675
616, 20, 0.37191104888916016, 0.5010865926742554, -0.12543071806430817, 0.937031626701355
616, 21, 0.5223947167396545, 0.5435937643051147, -0.1456194370985031, 0.8880041837692261
616, 22, 0.37741753458976746, 0.496207058429718, -0.10671672970056534, 0.9122421145439148
616, 23, 0.4925653338432312, 0.35366490483283997, -0.001152009703218937, 0.9832718968391418
616, 24, 0.45573878288269043, 0.3277454078197479, 0.0011114913504570723, 0.9681541919708252
616, 25, 0.4856047034263611, 0.4464804232120514, 0.08420784026384354, 0.07124922424554825
616, 26, 0.4415013790130615, 0.411019504070282, 0.08947575092315674, 0.05207017809152603
616, 27, 0.48412489891052246, 0.468583345413208, 0.24872323870658875, 0.16718824207782745
616, 28, 0.445850133895874, 0.4359976053237915, 0.25426414608955383, 0.04458267614245415
616, 29, 0.48487013578414917, 0.46536317467689514, 0.2665582597255707, 0.1131441667675972
616, 30, 0.4471603035926819, 0.4345822334289551, 0.27267563343048096, 0.045984987169504166
616, 31, 0.4778843820095062, 0.5039138197898865, 0.2581920623779297, 0.09288423508405685
616, 32, 0.44369372725486755, 0.4642626941204071, 0.26647794246673584, 0.03554849326610565
617, 0, 0.4365597665309906, 0.4607309103012085, -0.21640753746032715, 0.9976781010627747
617, 1, 0.44211140275001526, 0.45316940546035767, -0.22446516156196594, 0.9981770515441895
617, 2, 0.4511485695838928, 0.4535437226295471, -0.2244720160961151, 0.9984467625617981
617, 3, 0.45459747314453125, 0.4562191963195801, -0.2245139181613922, 0.9972021579742432
617, 4, 0.4328680634498596, 0.44798338413238525, -0.2253137081861496, 0.9980249404907227
617, 5, 0.42993029952049255, 0.4451156258583069, -0.22539417445659637, 0.9986770749092102
617, 6, 0.42663249373435974, 0.44250717759132385, -0.22545835375785828, 0.9985817670822144
617, 7, 0.46323227882385254, 0.4420447051525116, -0.20660755038261414, 0.9959574341773987
617, 8, 0.42533835768699646, 0.4222816526889801, -0.2106906920671463, 0.9985589385032654
617, 9, 0.4446318745613098, 0.4585496783256531, -0.20369800925254822, 0.9946150183677673
617, 10, 0.43508967757225037, 0.45321494340896606, -0.2048821747303009, 0.9964666366577148
617, 11, 0.4940895438194275, 0.4204840362071991, -0.15647843480110168, 0.9915409684181213
617, 12, 0.4136319160461426, 0.38608843088150024, -0.16864868998527527, 0.9972584247589111
617, 13, 0.5307116508483887, 0.43850284814834595, -0.12443371117115021, 0.9958490133285522
617, 14, 0.3860325217247009, 0.41236257553100586, -0.12335892021656036, 0.9316449761390686
617, 15, 0.5340006351470947, 0.5122777223587036, -0.13767150044441223, 0.9822266101837158
617, 16, 0.3717782199382782, 0.48958921432495117, -0.09765984117984772, 0.9478134512901306
617, 17, 0.5419425964355469, 0.5252541899681091, -0.1541079878807068, 0.9731494784355164
617, 18, 0.36509305238723755, 0.5031956434249878, -0.10722051560878754, 0.9520917534828186
617, 19, 0.5391829609870911, 0.5210190415382385, -0.15614081919193268, 0.9710832834243774
617, 20, 0.37128379940986633, 0.5042853355407715, -0.10992500931024551, 0.9494379162788391
617, 21, 0.5342398285865784, 0.5152587294578552, -0.13901720941066742, 0.9277986288070679
617, 22, 0.37829285860061646, 0.4973095655441284, -0.09735986590385437, 0.9184622764587402
617, 23, 0.4869377017021179, 0.3524363934993744, -0.0028590525034815073, 0.9939016103744507
617, 24, 0.4553713798522949, 0.3303966522216797, 0.0026582565624266863, 0.9915778636932373
617, 25, 0.46900445222854614, 0.3979146182537079, 0.11456048488616943, 0.04937569424510002
617, 26, 0.44079381227493286, 0.3742659389972687, 0.11628137528896332, 0.0467880479991436
617, 27, 0.4735030233860016, 0.3832554221153259, 0.282798171043396, 0.14798367023468018
617, 28, 0.45428019762039185, 0.3689226508140564, 0.2806260585784912, 0.05760585516691208
617, 29, 0.47625985741615295, 0.37556755542755127, 0.30219146609306335, 0.1290244609117508
617, 30, 0.4585222601890564, 0.363910049200058, 0.3004469573497772, 0.08179697394371033
617, 31, 0.4655652940273285, 0.40596461296081543, 0.31719842553138733, 0.018522311002016068
617, 32, 0.4496932923793793, 0.38626188039779663, 0.31578877568244934, 0.009816118516027927
618, 0, 0.44643133878707886, 0.4570261538028717, -0.23158259689807892, 0.9990887641906738
618, 1, 0.45352092385292053, 0.45425182580947876, -0.24002408981323242, 0.9991887211799622
618, 2, 0.45741957426071167, 0.45470520853996277, -0.2400219440460205, 0.9992560744285583
618, 3, 0.4599222242832184, 0.45509207248687744, -0.2400664985179901, 0.9989597797393799
618, 4, 0.4411952495574951, 0.4501928687095642, -0.24030137062072754, 0.9993139505386353
618, 5, 0.43830162286758423, 0.4483279287815094, -0.2403758466243744, 0.9994219541549683
618, 6, 0.43484753370285034, 0.44557613134384155, -0.24041786789894104, 0.9994394183158875
618, 7, 0.4654068946838379, 0.4412611126899719, -0.22262170910835266, 0.99787437915802
618, 8, 0.43085354566574097, 0.42586857080459595, -0.2237098664045334, 0.9991493225097656
618, 9, 0.4521406292915344, 0.4516637921333313, -0.21874132752418518, 0.9976028800010681
618, 10, 0.44423937797546387, 0.44752341508865356, -0.21911689639091492, 0.9981836676597595
618, 11, 0.4924747347831726, 0.4151638448238373, -0.17047734558582306, 0.9889519810676575
618, 12, 0.41835489869117737, 0.38212236762046814, -0.17773748934268951, 0.9950686693191528
618, 13, 0.5257900953292847, 0.4493102729320526, -0.14703014492988586, 0.9917877316474915
618, 14, 0.39112645387649536, 0.40951719880104065, -0.14711196720600128, 0.9552323818206787
618, 15, 0.5305382013320923, 0.5216455459594727, -0.16991440951824188, 0.987949013710022
618, 16, 0.37421414256095886, 0.4848591387271881, -0.14281445741653442, 0.9633664488792419
618, 17, 0.5398056507110596, 0.5409505367279053, -0.19009052217006683, 0.9814897179603577
618, 18, 0.3676711320877075, 0.49773791432380676, -0.16146822273731232, 0.956616222858429
618, 19, 0.5297010540962219, 0.5409653186798096, -0.1942267119884491, 0.9805521368980408
618, 20, 0.3743447959423065, 0.5031213760375977, -0.16306520998477936, 0.9549922347068787
618, 21, 0.5253387689590454, 0.5325535535812378, -0.17251168191432953, 0.952032208442688
618, 22, 0.3828883767127991, 0.4931313395500183, -0.14373378455638885, 0.9258173704147339
618, 23, 0.4825207591056824, 0.3472307622432709, 0.00015169207472354174, 0.9830101728439331
618, 24, 0.45163804292678833, 0.32486504316329956, -0.000309203052893281, 0.9715352058410645
618, 25, 0.46388474106788635, 0.41252559423446655, 0.10723529011011124, 0.061939872801303864
618, 26, 0.4353434145450592, 0.3893319368362427, 0.11011634767055511, 0.07168371975421906
618, 27, 0.46047013998031616, 0.404741495847702, 0.28029102087020874, 0.1206202283501625
618, 28, 0.4375098645687103, 0.3932102918624878, 0.2776244282722473, 0.0479225292801857
618, 29, 0.46116605401039124, 0.3969902992248535, 0.2995566129684448, 0.08828497678041458
618, 30, 0.43872731924057007, 0.38890478014945984, 0.29686734080314636, 0.048211436718702316
618, 31, 0.4548479914665222, 0.4317777454853058, 0.30446550250053406, 0.029599713161587715
618, 32, 0.434650182723999, 0.414676696062088, 0.30139631032943726, 0.016328636556863785
619, 0, 0.44512778520584106, 0.470641553401947, -0.265120267868042, 0.9998409748077393
619, 1, 0.45116883516311646, 0.4604778587818146, -0.27285677194595337, 0.9998489618301392
619, 2, 0.4554689824581146, 0.4574745297431946, -0.272850900888443, 0.9998507499694824
619, 3, 0.4588615298271179, 0.45649969577789307, -0.272859662771225, 0.9998407363891602
619, 4, 0.44058293104171753, 0.45965367555618286, -0.2727203369140625, 0.9998514652252197
619, 5, 0.4372403621673584, 0.457457572221756, -0.27275174856185913, 0.9998509883880615
619, 6, 0.4343537390232086, 0.4556371569633484, -0.2727517783641815, 0.9998630285263062
619, 7, 0.465919554233551, 0.44208335876464844, -0.25236985087394714, 0.999419093132019
619, 8, 0.42991042137145996, 0.4338747262954712, -0.2516513764858246, 0.999697208404541
619, 9, 0.45224103331565857, 0.46414512395858765, -0.2514094114303589, 0.9997245669364929
619, 10, 0.4400107264518738, 0.46601277589797974, -0.2510066628456116, 0.9997228980064392
619, 11, 0.49923816323280334, 0.4242212176322937, -0.18557274341583252, 0.995612382888794
619, 12, 0.417273610830307, 0.38226351141929626, -0.19539089500904083, 0.9955340623855591
619, 13, 0.5241245031356812, 0.49015921354293823, -0.1625216156244278, 0.9771829843521118
619, 14, 0.39638838171958923, 0.44201308488845825, -0.17504213750362396, 0.9731751084327698
619, 15, 0.5216991305351257, 0.5709830522537231, -0.21095260977745056, 0.9914143681526184
619, 16, 0.3938695192337036, 0.5378763675689697, -0.21326036751270294, 0.9914249181747437
619, 17, 0.5240305066108704, 0.5980526804924011, -0.24101725220680237, 0.9864791035652161
619, 18, 0.3805866837501526, 0.5640330910682678, -0.2461753636598587, 0.9838496446609497
619, 19, 0.5103492140769958, 0.5941225290298462, -0.249057799577713, 0.986415684223175
619, 20, 0.3940805196762085, 0.568966269493103, -0.2564548850059509, 0.9839479327201843
619, 21, 0.5085641741752625, 0.5836431980133057, -0.21713443100452423, 0.9791097640991211
619, 22, 0.40154218673706055, 0.5597665905952454, -0.2201067954301834, 0.9794266223907471
619, 23, 0.49290281534194946, 0.3350648283958435, 0.002620949875563383, 0.9933843016624451
619, 24, 0.45192012190818787, 0.31956368684768677, -0.0025963650550693274, 0.9928145408630371
619, 25, 0.49224600195884705, 0.45428895950317383, 0.0842989981174469, 0.11244270205497742
619, 26, 0.43063387274742126, 0.42775845527648926, 0.05631621927022934, 0.16533349454402924
619, 27, 0.4795822501182556, 0.4831978380680084, 0.2638525664806366, 0.09834690392017365
619, 28, 0.4430757462978363, 0.4681044816970825, 0.25164544582366943, 0.061553772538900375
619, 29, 0.47722944617271423, 0.4818904995918274, 0.28250452876091003, 0.06539536267518997
619, 30, 0.4465717375278473, 0.47045186161994934, 0.2728845477104187, 0.06384886056184769
619, 31, 0.4754605293273926, 0.5182360410690308, 0.2612220346927643, 0.22358787059783936
619, 32, 0.44215089082717896, 0.5006395578384399, 0.25488921999931335, 0.14946725964546204
620, 0, 0.4492272436618805, 0.4676417112350464, -0.2798847258090973, 0.9999550580978394
620, 1, 0.4557194113731384, 0.4566536247730255, -0.28602883219718933, 0.9999631643295288
620, 2, 0.4593706727027893, 0.4547787010669708, -0.2860238552093506, 0.9999591112136841
620, 3, 0.46259158849716187, 0.4535458981990814, -0.28604990243911743, 0.999953031539917
620, 4, 0.44395095109939575, 0.4569597840309143, -0.28552237153053284, 0.9999651908874512
620, 5, 0.44033879041671753, 0.4546235501766205, -0.2855629622936249, 0.9999637603759766
620, 6, 0.43738096952438354, 0.45107758045196533, -0.2855715751647949, 0.9999688863754272
620, 7, 0.469181627035141, 0.4367227256298065, -0.2555243670940399, 0.9998549222946167
620, 8, 0.4316115975379944, 0.4294193387031555, -0.2534196674823761, 0.9999505281448364
620, 9, 0.4562284052371979, 0.4610952138900757, -0.2622751295566559, 0.9999016523361206
620, 10, 0.4435647130012512, 0.46303796768188477, -0.2616141438484192, 0.9999191761016846
620, 11, 0.49832281470298767, 0.41458237171173096, -0.18908332288265228, 0.9969611763954163
620, 12, 0.4129742980003357, 0.3882252275943756, -0.19536712765693665, 0.9986011385917664
620, 13, 0.5249110460281372, 0.4706868529319763, -0.17271675169467926, 0.9903196096420288
620, 14, 0.3894241154193878, 0.44568732380867004, -0.17288699746131897, 0.9719477891921997
620, 15, 0.5273239016532898, 0.5606241822242737, -0.22217996418476105, 0.9973719120025635
620, 16, 0.3925362229347229, 0.5328758955001831, -0.20038335025310516, 0.9913267493247986
620, 17, 0.5336530208587646, 0.5873680114746094, -0.25114327669143677, 0.9958328604698181
620, 18, 0.3806043565273285, 0.5577215552330017, -0.2298489511013031, 0.9853879809379578
620, 19, 0.519955575466156, 0.5860611200332642, -0.25749874114990234, 0.9955369234085083
620, 20, 0.3940317630767822, 0.5576160550117493, -0.23581507802009583, 0.984511137008667
620, 21, 0.5163923501968384, 0.5752285718917847, -0.2273365557193756, 0.9902940988540649
620, 22, 0.40076524019241333, 0.5483551621437073, -0.20483192801475525, 0.9743354320526123
620, 23, 0.4855474531650543, 0.33341559767723083, -0.00012672120647039264, 0.9977510571479797
620, 24, 0.44548386335372925, 0.32025450468063354, 8.991463982965797e-05, 0.9974740147590637
620, 25, 0.47449058294296265, 0.4282257854938507, 0.11093239486217499, 0.11349711567163467
620, 26, 0.42618370056152344, 0.39943742752075195, 0.09165109694004059, 0.11969797313213348
620, 27, 0.4655916690826416, 0.42075109481811523, 0.3080812096595764, 0.09674932807683945
620, 28, 0.4327123761177063, 0.40541404485702515, 0.29790735244750977, 0.059682898223400116
620, 29, 0.4643997251987457, 0.41248011589050293, 0.3294552266597748, 0.065363809466362
620, 30, 0.43472808599472046, 0.40127596259117126, 0.3208594024181366, 0.05407525226473808
620, 31, 0.46097907423973083, 0.4505484998226166, 0.32534146308898926, 0.0853889212012291
620, 32, 0.43044811487197876, 0.43249133229255676, 0.3165261447429657, 0.052838344126939774
621, 0, 0.44701141119003296, 0.4597368538379669, -0.3351384997367859, 0.9997888207435608
621, 1, 0.45051711797714233, 0.45525437593460083, -0.34451135993003845, 0.9998012185096741
621, 2, 0.45826706290245056, 0.45046865940093994, -0.34453409910202026, 0.9998227953910828
621, 3, 0.4619322419166565, 0.4509730041027069, -0.34459513425827026, 0.9998315572738647
621, 4, 0.4412918984889984, 0.4473567008972168, -0.34425097703933716, 0.9998225569725037
621, 5, 0.43823185563087463, 0.4451759457588196, -0.3442927598953247, 0.9998155236244202
621, 6, 0.43504196405410767, 0.443167507648468, -0.3442847430706024, 0.9998170733451843
621, 7, 0.468284547328949, 0.43857908248901367, -0.32413947582244873, 0.999337375164032
621, 8, 0.43188387155532837, 0.42167210578918457, -0.3230588436126709, 0.9996042847633362
621, 9, 0.4553581774234772, 0.45572805404663086, -0.32062414288520813, 0.9996607303619385
621, 10, 0.4418148994445801, 0.4522964060306549, -0.32009878754615784, 0.9995689988136292
621, 11, 0.4994846284389496, 0.4321359395980835, -0.24820604920387268, 0.9943175911903381
621, 12, 0.4240087866783142, 0.3808490037918091, -0.25150853395462036, 0.9914233088493347
621, 13, 0.5167495608329773, 0.5332155227661133, -0.22249659895896912, 0.9762797951698303
621, 14, 0.3897544741630554, 0.43165406584739685, -0.2273661196231842, 0.9680808186531067
621, 15, 0.5135258436203003, 0.6203266382217407, -0.27287811040878296, 0.9924565553665161
621, 16, 0.3825337886810303, 0.5254320502281189, -0.2690708339214325, 0.9877412915229797
621, 17, 0.5157899856567383, 0.6525499820709229, -0.30900079011917114, 0.9883897304534912
621, 18, 0.3686351776123047, 0.5502515435218811, -0.30695077776908875, 0.9818869829177856
621, 19, 0.5061124563217163, 0.647494912147522, -0.31841763854026794, 0.9879186749458313
621, 20, 0.3804822266101837, 0.5557311773300171, -0.31883370876312256, 0.9817546010017395
621, 21, 0.5039205551147461, 0.6336697340011597, -0.2798140048980713, 0.978667676448822
621, 22, 0.38753819465637207, 0.5472489595413208, -0.2767484188079834, 0.975275993347168
621, 23, 0.492637574672699, 0.3535424768924713, 0.003733151825144887, 0.9916689395904541
621, 24, 0.4544297158718109, 0.3385745584964752, -0.0035782470367848873, 0.9911234378814697
621, 25, 0.49180102348327637, 0.4890398383140564, 0.08504607528448105, 0.07450582832098007
621, 26, 0.431144654750824, 0.47195085883140564, 0.06814777851104736, 0.15496225655078888
621, 27, 0.47643476724624634, 0.5195180177688599, 0.2809191346168518, 0.07470139116048813
621, 28, 0.44821590185165405, 0.49883735179901123, 0.2693035900592804, 0.05955709144473076
621, 29, 0.4739709496498108, 0.5186858773231506, 0.3006177246570587, 0.04431741684675217
621, 30, 0.4512178301811218, 0.4994218051433563, 0.2902524471282959, 0.054665908217430115
621, 31, 0.47228842973709106, 0.5580442547798157, 0.2662603259086609, 0.23817655444145203
621, 32, 0.4498271346092224, 0.5311799049377441, 0.25925156474113464, 0.17599260807037354
622, 0, 0.4474561810493469, 0.46759796142578125, -0.2812793254852295, 0.9997815489768982
622, 1, 0.45083799958229065, 0.4591353237628937, -0.2905030846595764, 0.9997950196266174
622, 2, 0.45710426568984985, 0.456206738948822, -0.2905144691467285, 0.9997994303703308
622, 3, 0.46044594049453735, 0.45600372552871704, -0.29054969549179077, 0.9997972846031189
622, 4, 0.4420093595981598, 0.4558875560760498, -0.2891151010990143, 0.9997759461402893
622, 5, 0.4387020468711853, 0.45330438017845154, -0.28914833068847656, 0.9997777342796326
622, 6, 0.43568429350852966, 0.45132967829704285, -0.2891412675380707, 0.9998108744621277
622, 7, 0.4666392207145691, 0.4352777600288391, -0.27482572197914124, 0.999303936958313
622, 8, 0.43091434240341187, 0.4273223578929901, -0.2688795328140259, 0.9996803998947144
622, 9, 0.45542922616004944, 0.4591416120529175, -0.269208699464798, 0.9996739625930786
622, 10, 0.442543089389801, 0.4576576352119446, -0.2673090994358063, 0.9996422529220581
622, 11, 0.4941907525062561, 0.4128793179988861, -0.20735304057598114, 0.9939209222793579
622, 12, 0.4167015552520752, 0.38200536370277405, -0.2151556760072708, 0.9948359727859497
622, 13, 0.5171372294425964, 0.47281184792518616, -0.1902952343225479, 0.9761059880256653
622, 14, 0.3922961354255676, 0.4353514015674591, -0.19993938505649567, 0.9717207551002502
622, 15, 0.5199959874153137, 0.5528964400291443, -0.24294324219226837, 0.9945059418678284
622, 16, 0.39319664239883423, 0.5266015529632568, -0.23744836449623108, 0.9918469190597534
622, 17, 0.5245200991630554, 0.579107403755188, -0.2753523290157318, 0.9920629858970642
622, 18, 0.3803948163986206, 0.5528539419174194, -0.27326467633247375, 0.9854147434234619
622, 19, 0.5117049217224121, 0.577393651008606, -0.28375473618507385, 0.9917663931846619
622, 20, 0.3928126394748688, 0.5553321838378906, -0.2808270752429962, 0.9846997857093811
622, 21, 0.5088674426078796, 0.5664162635803223, -0.24948497116565704, 0.9848613739013672
622, 22, 0.3998662829399109, 0.5456705689430237, -0.2436768263578415, 0.9778613448143005
622, 23, 0.48505812883377075, 0.33890995383262634, 0.004235542844980955, 0.9952731728553772
622, 24, 0.4476096034049988, 0.31912076473236084, -0.004187920596450567, 0.9942001104354858
622, 25, 0.4809817373752594, 0.44650331139564514, 0.10151417553424835, 0.1321832835674286
622, 26, 0.4292452335357666, 0.4337080121040344, 0.07878497987985611, 0.2148236632347107
622, 27, 0.469878613948822, 0.46743571758270264, 0.2989584505558014, 0.11117849498987198
622, 28, 0.4375850558280945, 0.45565909147262573, 0.2849550247192383, 0.06747293472290039
622, 29, 0.4680989682674408, 0.46465811133384705, 0.31958281993865967, 0.06882069259881973
622, 30, 0.43977290391921997, 0.4538428783416748, 0.30709418654441833, 0.052631255239248276
622, 31, 0.46553558111190796, 0.5012546181678772, 0.29687634110450745, 0.23161177337169647
622, 32, 0.43565210700035095, 0.48573365807533264, 0.2871791422367096, 0.13283738493919373
623, 0, 0.44761770963668823, 0.45906370878219604, -0.2962839901447296, 0.9998874664306641
623, 1, 0.451728880405426, 0.45247310400009155, -0.3053312599658966, 0.9998902082443237
623, 2, 0.45778363943099976, 0.4521968960762024, -0.30533093214035034, 0.9998956918716431
623, 3, 0.4614280164241791, 0.4525635540485382, -0.3053625226020813, 0.9998877048492432
623, 4, 0.4416998326778412, 0.4477129578590393, -0.30399131774902344, 0.9998773336410522
623, 5, 0.438317209482193, 0.44478195905685425, -0.3040297329425812, 0.9998795986175537
623, 6, 0.4357406198978424, 0.4427978992462158, -0.3040262460708618, 0.9998944997787476
623, 7, 0.46877795457839966, 0.43407508730888367, -0.28481048345565796, 0.9996376037597656
623, 8, 0.43027275800704956, 0.4225977659225464, -0.2793504595756531, 0.9998145699501038
623, 9, 0.4560036063194275, 0.4542265236377716, -0.2821255326271057, 0.9998177886009216
623, 10, 0.4424263834953308, 0.4519267678260803, -0.28037700057029724, 0.9998087286949158
623, 11, 0.49807438254356384, 0.411793053150177, -0.21352548897266388, 0.9961339235305786
623, 12, 0.4193269610404968, 0.37776535749435425, -0.21861252188682556, 0.9960899353027344
623, 13, 0.523077130317688, 0.4717528820037842, -0.1909971833229065, 0.9887850284576416
623, 14, 0.3990226984024048, 0.43316027522087097, -0.1988408863544464, 0.9687730669975281
623, 15, 0.5218017101287842, 0.55684494972229, -0.24479785561561584, 0.9950061440467834
623, 16, 0.39260244369506836, 0.5265530347824097, -0.23515872657299042, 0.9867733716964722
623, 17, 0.5258673429489136, 0.5834978818893433, -0.27805280685424805, 0.9922783374786377
623, 18, 0.37926405668258667, 0.5517251491546631, -0.27046969532966614, 0.9774930477142334
623, 19, 0.5130323171615601, 0.580853283405304, -0.2878488600254059, 0.9920681715011597
623, 20, 0.39177513122558594, 0.5539658069610596, -0.2787325978279114, 0.9765973687171936
623, 21, 0.5102053284645081, 0.5699086785316467, -0.251816064119339, 0.9850437641143799
623, 22, 0.39886704087257385, 0.5449809432029724, -0.24138136208057404, 0.9659505486488342
623, 23, 0.4892186224460602, 0.34259268641471863, 0.004263161215931177, 0.9945631623268127
623, 24, 0.4512982964515686, 0.3191666901111603, -0.004223617725074291, 0.9941179752349854
623, 25, 0.47742757201194763, 0.4462004005908966, 0.10252492129802704, 0.0906413346529007
623, 26, 0.4278319478034973, 0.43262991309165955, 0.07885126024484634, 0.20556803047657013
623, 27, 0.464867502450943, 0.46299612522125244, 0.3011758327484131, 0.0914033055305481
623, 28, 0.43968600034713745, 0.4485399127006531, 0.28230997920036316, 0.07039378583431244
623, 29, 0.4627353549003601, 0.4589918851852417, 0.3217104375362396, 0.059556618332862854
623, 30, 0.44251522421836853, 0.44584813714027405, 0.30401861667633057, 0.06261807680130005
623, 31, 0.45998615026474, 0.4972154498100281, 0.2986855208873749, 0.1743764579296112
623, 32, 0.43859773874282837, 0.47790825366973877, 0.28270748257637024, 0.1175488829612732
624, 0, 0.4528709053993225, 0.4522250294685364, -0.2749342918395996, 0.9998966455459595
624, 1, 0.45721155405044556, 0.4422054588794708, -0.27880948781967163, 0.9998962879180908
624, 2, 0.45999306440353394, 0.4413120746612549, -0.27880850434303284, 0.9998884201049805
624, 3, 0.4627574384212494, 0.44034117460250854, -0.2788335680961609, 0.9998675584793091
624, 4, 0.4487832188606262, 0.4418570101261139, -0.2786608040332794, 0.9999148845672607
624, 5, 0.44602808356285095, 0.4406481981277466, -0.2786865830421448, 0.9999122619628906
624, 6, 0.4432455003261566, 0.4394456744194031, -0.27869048714637756, 0.9999222755432129
624, 7, 0.46887555718421936, 0.42073580622673035, -0.24793246388435364, 0.9995967745780945
624, 8, 0.43773993849754333, 0.4196477234363556, -0.2475755214691162, 0.9998795986175537
624, 9, 0.45724353194236755, 0.44613540172576904, -0.2584471106529236, 0.9997443556785583
624, 10, 0.448244571685791, 0.44524112343788147, -0.25825026631355286, 0.9997859597206116
624, 11, 0.4897669851779938, 0.3993636965751648, -0.1811937391757965, 0.9936923980712891
624, 12, 0.4191175401210785, 0.39073479175567627, -0.19359323382377625, 0.995979905128479
624, 13, 0.5208327770233154, 0.4508524537086487, -0.16832171380519867, 0.9812135100364685
624, 14, 0.4090852737426758, 0.45004400610923767, -0.18483899533748627, 0.9675804376602173
624, 15, 0.5266073942184448, 0.5260999798774719, -0.21763615310192108, 0.9971119165420532
624, 16, 0.408597856760025, 0.5298478007316589, -0.21532776951789856, 0.9901846647262573
624, 17, 0.5347161293029785, 0.5481942296028137, -0.24468402564525604, 0.9957433342933655
624, 18, 0.3997339904308319, 0.5553290843963623, -0.24623604118824005, 0.9823347330093384
624, 19, 0.5238397717475891, 0.5502158403396606, -0.2509332597255707, 0.9954356551170349
624, 20, 0.4100295901298523, 0.5540658235549927, -0.24916091561317444, 0.9801056981086731
624, 21, 0.5195088982582092, 0.5408244132995605, -0.22260555624961853, 0.989879846572876
624, 22, 0.4148905873298645, 0.5441745519638062, -0.21922488510608673, 0.9686537981033325
624, 23, 0.4762635827064514, 0.32898959517478943, 0.009078685194253922, 0.994242250919342
624, 24, 0.44004344940185547, 0.32589030265808105, -0.009064503014087677, 0.994778037071228
624, 25, 0.47125235199928284, 0.43100184202194214, 0.09732788801193237, 0.11145718395709991
624, 26, 0.4292072355747223, 0.4310680031776428, 0.06540580838918686, 0.2292204648256302
624, 27, 0.45683979988098145, 0.4416053891181946, 0.27201488614082336, 0.05929066240787506
624, 28, 0.4342018961906433, 0.441468209028244, 0.24952061474323273, 0.05171280354261398
624, 29, 0.4538833498954773, 0.43893861770629883, 0.29095715284347534, 0.04426579922437668
624, 30, 0.43578076362609863, 0.4387112855911255, 0.2695675492286682, 0.04158759489655495
624, 31, 0.4551692605018616, 0.46615251898765564, 0.28117117285728455, 0.13988588750362396
624, 32, 0.4331466257572174, 0.46585461497306824, 0.2612117528915405, 0.10042045265436172
625, 0, 0.46164625883102417, 0.46356531977653503, -0.3014882206916809, 0.9998179078102112
625, 1, 0.46609964966773987, 0.45257556438446045, -0.3090972900390625, 0.9998561143875122
625, 2, 0.46896976232528687, 0.44711366295814514, -0.3091118037700653, 0.9998466968536377
625, 3, 0.4720309376716614, 0.44407790899276733, -0.3091968595981598, 0.9998206496238708
625, 4, 0.4554888606071472, 0.45745962858200073, -0.30856823921203613, 0.9998518228530884
625, 5, 0.45161208510398865, 0.45748868584632874, -0.3085714876651764, 0.9998468160629272
625, 6, 0.4485037922859192, 0.45750999450683594, -0.30854564905166626, 0.9998295307159424
625, 7, 0.474893718957901, 0.42593905329704285, -0.2843737006187439, 0.9996046423912048
625, 8, 0.4392074942588806, 0.44079461693763733, -0.2808414101600647, 0.999716579914093
625, 9, 0.4668615460395813, 0.4553709626197815, -0.2848397195339203, 0.9995267391204834
625, 10, 0.45541587471961975, 0.46172335743904114, -0.28362202644348145, 0.9994138479232788
625, 11, 0.49714821577072144, 0.3985884487628937, -0.199642613530159, 0.989734411239624
625, 12, 0.4148171544075012, 0.40830308198928833, -0.2147650271654129, 0.9882352352142334
625, 13, 0.513868510723114, 0.4650065004825592, -0.17220880091190338, 0.8696180582046509
625, 14, 0.39062124490737915, 0.49346038699150085, -0.18684256076812744, 0.96082603931427
625, 15, 0.5206801891326904, 0.558453381061554, -0.2304701805114746, 0.9630760550498962
625, 16, 0.4023734927177429, 0.5845162868499756, -0.240923672914505, 0.9938310384750366
625, 17, 0.529025673866272, 0.5826124548912048, -0.26306867599487305, 0.94258713722229
625, 18, 0.3963267207145691, 0.6139988899230957, -0.2806982100009918, 0.9874798655509949
625, 19, 0.5153732299804688, 0.5871286392211914, -0.2749897241592407, 0.9394108057022095
625, 20, 0.4107930660247803, 0.6090155839920044, -0.290047287940979, 0.9874883890151978
625, 21, 0.5100334882736206, 0.5767719745635986, -0.2383739948272705, 0.8959078192710876
625, 22, 0.41499295830726624, 0.5971781611442566, -0.2482323944568634, 0.9801234602928162
625, 23, 0.4761320650577545, 0.3477186858654022, 0.00631181662902236, 0.999053418636322
625, 24, 0.4329771399497986, 0.3474951982498169, -0.006322295404970646, 0.9987210631370544
625, 25, 0.49968641996383667, 0.45371705293655396, 0.09292006492614746, 0.15573984384536743
625, 26, 0.4169310927391052, 0.498873233795166, 0.05982276052236557, 0.28047579526901245
625, 27, 0.4964980483055115, 0.48801812529563904, 0.2933964729309082, 0.09726744145154953
625, 28, 0.42068982124328613, 0.5302331447601318, 0.28362375497817993, 0.11136152595281601
625, 29, 0.49303191900253296, 0.49004456400871277, 0.3151252269744873, 0.06762661039829254
625, 30, 0.421811044216156, 0.5254873633384705, 0.30689430236816406, 0.12212033569812775
625, 31, 0.5033514499664307, 0.5177592635154724, 0.2971656620502472, 0.1598476618528366
625, 32, 0.42398399114608765, 0.5752828121185303, 0.29398319125175476, 0.154739648103714
626, 0, 0.4617779850959778, 0.4655040204524994, -0.3755933940410614, 0.9988906979560852
626, 1, 0.4666711390018463, 0.4503822326660156, -0.3839375078678131, 0.999153733253479
626, 2, 0.47034233808517456, 0.44550180435180664, -0.3839511275291443, 0.999114453792572
626, 3, 0.47344771027565, 0.4412407875061035, -0.3840610682964325, 0.9991718530654907
626, 4, 0.4551560878753662, 0.45879071950912476, -0.38407695293426514, 0.9987962245941162
626, 5, 0.4515002369880676, 0.45851263403892517, -0.38410958647727966, 0.9986867308616638
626, 6, 0.44762682914733887, 0.45782050490379333, -0.38409459590911865, 0.9988697171211243
626, 7, 0.477989137172699, 0.41767412424087524, -0.3530241549015045, 0.997190535068512
626, 8, 0.43828731775283813, 0.44214221835136414, -0.35306140780448914, 0.9976861476898193
626, 9, 0.46814146637916565, 0.45688295364379883, -0.3562566041946411, 0.9984381794929504
626, 10, 0.45494475960731506, 0.4652227759361267, -0.3561438024044037, 0.9979350566864014
626, 11, 0.5039471387863159, 0.385730117559433, -0.2530459761619568, 0.9847016334533691
626, 12, 0.41086673736572266, 0.40884843468666077, -0.26671209931373596, 0.982982873916626
626, 13, 0.5316989421844482, 0.4335547685623169, -0.207367941737175, 0.8512775301933289
626, 14, 0.39457035064697266, 0.4983721375465393, -0.22567781805992126, 0.937912106513977
626, 15, 0.5363031029701233, 0.5172549486160278, -0.26706698536872864, 0.9502323865890503
626, 16, 0.40799158811569214, 0.5980615019798279, -0.2734838128089905, 0.9894784092903137
626, 17, 0.54374760389328, 0.5335044264793396, -0.30362340807914734, 0.9255496263504028
626, 18, 0.40168696641921997, 0.6299732327461243, -0.31670069694519043, 0.9832172393798828
626, 19, 0.533226728439331, 0.5402893424034119, -0.32048287987709045, 0.9246916770935059
626, 20, 0.41595643758773804, 0.6230787038803101, -0.32871463894844055, 0.9833068251609802
626, 21, 0.5267055034637451, 0.5330568552017212, -0.2769932448863983, 0.8800902962684631
626, 22, 0.42055004835128784, 0.6099141836166382, -0.2816504240036011, 0.9761595726013184
626, 23, 0.48355817794799805, 0.3234908878803253, 0.004252245184034109, 0.9919639825820923
626, 24, 0.42988571524620056, 0.3464639484882355, -0.004179680719971657, 0.9938279986381531
626, 25, 0.49746614694595337, 0.453890323638916, 0.10992131382226944, 0.06959409266710281
626, 26, 0.41890081763267517, 0.48915910720825195, 0.09022798389196396, 0.22689436376094818
626, 27, 0.4841133654117584, 0.4939565062522888, 0.35170477628707886, 0.04200972616672516
626, 28, 0.42157548666000366, 0.5139357447624207, 0.3397429883480072, 0.06682217866182327
626, 29, 0.4786984324455261, 0.4956493079662323, 0.3770323395729065, 0.027538517490029335
626, 30, 0.421913206577301, 0.5108739137649536, 0.3659984767436981, 0.06627222150564194
626, 31, 0.49068427085876465, 0.5287467241287231, 0.34780627489089966, 0.11578862369060516
626, 32, 0.42558345198631287, 0.5535643100738525, 0.3382004201412201, 0.11486048996448517
627, 0, 0.4612502157688141, 0.46715134382247925, -0.46371951699256897, 0.998978853225708
627, 1, 0.46583399176597595, 0.4527732729911804, -0.47249722480773926, 0.999173104763031
627, 2, 0.47013044357299805, 0.4486904442310333, -0.47251901030540466, 0.9991006851196289
627, 3, 0.473407506942749, 0.4453029930591583, -0.47266441583633423, 0.9993125200271606
627, 4, 0.45394259691238403, 0.45948076248168945, -0.4723084568977356, 0.9989756345748901
627, 5, 0.44959789514541626, 0.45956239104270935, -0.4723512530326843, 0.9986900687217712
627, 6, 0.4455856680870056, 0.45932134985923767, -0.47234654426574707, 0.9989587068557739
627, 7, 0.4771290719509125, 0.4198014438152313, -0.4357753396034241, 0.9967659711837769
627, 8, 0.4368534982204437, 0.44330644607543945, -0.43506112694740295, 0.9969745874404907
627, 9, 0.46803274750709534, 0.45893239974975586, -0.441735178232193, 0.9982383251190186
627, 10, 0.45542478561401367, 0.46521103382110596, -0.4413992464542389, 0.9971492886543274
627, 11, 0.5110438466072083, 0.38648277521133423, -0.3316064774990082, 0.9795111417770386
627, 12, 0.41546812653541565, 0.4026041626930237, -0.34151676297187805, 0.9694930911064148
627, 13, 0.5332872271537781, 0.4693601429462433, -0.30107414722442627, 0.9417079091072083
627, 14, 0.3960253894329071, 0.495452880859375, -0.31991046667099, 0.9672233462333679
627, 15, 0.5361863970756531, 0.5619848966598511, -0.36493605375289917, 0.9736467003822327
627, 16, 0.3931182622909546, 0.6018021106719971, -0.3749496638774872, 0.9833070039749146
627, 17, 0.545714795589447, 0.5838866233825684, -0.4078056216239929, 0.9538926482200623
627, 18, 0.38385283946990967, 0.6322265863418579, -0.4239760935306549, 0.9717953205108643
627, 19, 0.5338904857635498, 0.5872559547424316, -0.4245474934577942, 0.9535058736801147
627, 20, 0.39638248085975647, 0.6301740407943726, -0.4348231852054596, 0.9710228443145752
627, 21, 0.5273358821868896, 0.5775361061096191, -0.37534818053245544, 0.9192408919334412
627, 22, 0.40220436453819275, 0.6186187267303467, -0.3834852874279022, 0.9585654139518738
627, 23, 0.4815920889377594, 0.3433881103992462, 0.00759746041148901, 0.981963038444519
627, 24, 0.43847718834877014, 0.34888574481010437, -0.0074926926754415035, 0.9866130948066711
627, 25, 0.5009507536888123, 0.473005086183548, 0.13268320262432098, 0.05627405270934105
627, 26, 0.4385986328125, 0.5058493614196777, 0.10660283267498016, 0.2542971968650818
627, 27, 0.48365646600723267, 0.4962681233882904, 0.40649622678756714, 0.0414377823472023
627, 28, 0.4440320134162903, 0.5068124532699585, 0.3736342787742615, 0.051728345453739166
627, 29, 0.4784073829650879, 0.49561068415641785, 0.434440940618515, 0.022036410868167877
627, 30, 0.44341444969177246, 0.5014950633049011, 0.4006175398826599, 0.033066969364881516
627, 31, 0.48853570222854614, 0.5296542644500732, 0.39891600608825684, 0.14666450023651123
627, 32, 0.4492717385292053, 0.5379492044448853, 0.3663890063762665, 0.11747215688228607
628, 0, 0.45624691247940063, 0.46821725368499756, -0.4173014760017395, 0.9997712969779968
628, 1, 0.4640863537788391, 0.45209240913391113, -0.42499861121177673, 0.9998350143432617
628, 2, 0.468405544757843, 0.44839930534362793, -0.42499929666519165, 0.9998119473457336
628, 3, 0.4716290533542633, 0.44554904103279114, -0.4251052737236023, 0.9998527765274048
628, 4, 0.45312508940696716, 0.4611797332763672, -0.42474278807640076, 0.9998050332069397
628, 5, 0.44915181398391724, 0.45889362692832947, -0.42479434609413147, 0.9997512698173523
628, 6, 0.44645723700523376, 0.4590910077095032, -0.424787700176239, 0.9998136162757874
628, 7, 0.4749812185764313, 0.4244057834148407, -0.3883233964443207, 0.9993858337402344
628, 8, 0.4386252462863922, 0.442402720451355, -0.388161838054657, 0.9995447993278503
628, 9, 0.4656522274017334, 0.4549565613269806, -0.3964574635028839, 0.9996814727783203
628, 10, 0.45214977860450745, 0.4600834250450134, -0.39631593227386475, 0.9996102452278137
628, 11, 0.5087142586708069, 0.3883037865161896, -0.29736047983169556, 0.9924960136413574
628, 12, 0.41839170455932617, 0.4008023142814636, -0.30678677558898926, 0.9936379790306091
628, 13, 0.5343642234802246, 0.4621095061302185, -0.26896408200263977, 0.956888735294342
628, 14, 0.3989636301994324, 0.4926852881908417, -0.29289689660072327, 0.9756431579589844
628, 15, 0.5310088992118835, 0.5473094582557678, -0.33308103680610657, 0.9702723622322083
628, 16, 0.3928768038749695, 0.5929070711135864, -0.349474161863327, 0.9840471148490906
628, 17, 0.5402377843856812, 0.5668402314186096, -0.37364661693573, 0.9509932994842529
628, 18, 0.3829805254936218, 0.619644284248352, -0.39603355526924133, 0.9727420210838318
628, 19, 0.5275121927261353, 0.5701141357421875, -0.3899708390235901, 0.9523694515228271
628, 20, 0.39514318108558655, 0.6188443303108215, -0.4057808816432953, 0.9730220437049866
628, 21, 0.5212824940681458, 0.5614715218544006, -0.3431730270385742, 0.9217681288719177
628, 22, 0.40124303102493286, 0.6082037687301636, -0.3575146794319153, 0.9604921340942383
628, 23, 0.4829089045524597, 0.3390270173549652, 0.007327272091060877, 0.9869896769523621
628, 24, 0.4414089322090149, 0.33920082449913025, -0.007252990268170834, 0.9929344654083252
628, 25, 0.49496182799339294, 0.46084073185920715, 0.12267450988292694, 0.06629893183708191
628, 26, 0.433688223361969, 0.4747535288333893, 0.0940277948975563, 0.2582693099975586
628, 27, 0.4779408574104309, 0.48402100801467896, 0.36382657289505005, 0.05236297845840454
628, 28, 0.43915802240371704, 0.48591673374176025, 0.34328579902648926, 0.07179281115531921
628, 29, 0.4733976721763611, 0.4824478030204773, 0.3884502351284027, 0.03006592206656933
628, 30, 0.44007936120033264, 0.4835644066333771, 0.36887985467910767, 0.04243537038564682
628, 31, 0.47920089960098267, 0.5169302821159363, 0.35562363266944885, 0.14831312000751495
628, 32, 0.43993934988975525, 0.5150236487388611, 0.33903953433036804, 0.12726393342018127
629, 0, 0.45778459310531616, 0.4620565176010132, -0.30928313732147217, 0.9991621971130371
629, 1, 0.4619484841823578, 0.4494098126888275, -0.3183995485305786, 0.9994593262672424
629, 2, 0.47000306844711304, 0.44279390573501587, -0.31845706701278687, 0.9994068145751953
629, 3, 0.47319015860557556, 0.4399879574775696, -0.31860217452049255, 0.9995772242546082
629, 4, 0.45288220047950745, 0.45156070590019226, -0.31912338733673096, 0.9993853569030762
629, 5, 0.4499413073062897, 0.45086631178855896, -0.3191767632961273, 0.9992864727973938
629, 6, 0.4469718337059021, 0.45013365149497986, -0.3191836476325989, 0.9994674324989319
629, 7, 0.4742574095726013, 0.41998904943466187, -0.30115312337875366, 0.9986598491668701
629, 8, 0.4395362436771393, 0.43739378452301025, -0.30394020676612854, 0.9991419315338135
629, 9, 0.4682028889656067, 0.4530142545700073, -0.2957952320575714, 0.9992864727973938
629, 10, 0.4530485272407532, 0.45426490902900696, -0.2963641583919525, 0.9990279674530029
629, 11, 0.4988437294960022, 0.38751429319381714, -0.23181776702404022, 0.997081458568573
629, 12, 0.42045050859451294, 0.39661848545074463, -0.24831466376781464, 0.9957396984100342
629, 13, 0.5267267227172852, 0.43939727544784546, -0.22805984318256378, 0.9202825427055359
629, 14, 0.3966410756111145, 0.4699263572692871, -0.23926889896392822, 0.9747193455696106
629, 15, 0.5260474681854248, 0.513180136680603, -0.3047493100166321, 0.9579700231552124
629, 16, 0.39386701583862305, 0.5666543245315552, -0.290447473526001, 0.9906826019287109
629, 17, 0.5363732576370239, 0.5347738265991211, -0.3421798050403595, 0.9369118809700012
629, 18, 0.3857576847076416, 0.5961524248123169, -0.3338613212108612, 0.9801350235939026
629, 19, 0.5214592218399048, 0.5371512174606323, -0.3533329963684082, 0.9363190531730652
629, 20, 0.3976592719554901, 0.5925803184509277, -0.3389820158481598, 0.979621410369873
629, 21, 0.515860915184021, 0.528399646282196, -0.31314659118652344, 0.8739850521087646
629, 22, 0.40266579389572144, 0.5813555717468262, -0.2965282201766968, 0.9698731303215027
629, 23, 0.47760099172592163, 0.3245202302932739, 0.006708607077598572, 0.9995911717414856
629, 24, 0.43722933530807495, 0.33306649327278137, -0.006654328666627407, 0.999656081199646
629, 25, 0.513847291469574, 0.41175010800361633, 0.14002402126789093, 0.062442801892757416
629, 26, 0.4395213723182678, 0.4587661027908325, 0.11088442802429199, 0.16079242527484894
629, 27, 0.524056077003479, 0.406727135181427, 0.3860088586807251, 0.05771841108798981
629, 28, 0.4437045156955719, 0.44932201504707336, 0.3498053252696991, 0.0830855742096901
629, 29, 0.5232527256011963, 0.40460342168807983, 0.4132637083530426, 0.060363899916410446
629, 30, 0.4433107376098633, 0.4444122016429901, 0.375486820936203, 0.09348548948764801
629, 31, 0.5350092649459839, 0.42051011323928833, 0.4007777273654938, 0.06994132697582245
629, 32, 0.4493412971496582, 0.46647971868515015, 0.36242181062698364, 0.08997578918933868
630, 0, 0.457454115152359, 0.4641570746898651, -0.26197877526283264, 0.9977495074272156
630, 1, 0.46620112657546997, 0.4504025876522064, -0.27217501401901245, 0.9987347722053528
630, 2, 0.4693761467933655, 0.44753092527389526, -0.2722511291503906, 0.9984006285667419
630, 3, 0.47222700715065, 0.4453352689743042, -0.2723706364631653, 0.9987260699272156
630, 4, 0.4523698389530182, 0.4542088508605957, -0.2726496458053589, 0.9985237717628479
630, 5, 0.44933804869651794, 0.4534619152545929, -0.27269497513771057, 0.9982044696807861
630, 6, 0.44626158475875854, 0.45266103744506836, -0.27273499965667725, 0.9987002611160278
630, 7, 0.47523242235183716, 0.42531657218933105, -0.2618308663368225, 0.9959250688552856
630, 8, 0.4403415322303772, 0.4311787784099579, -0.26280635595321655, 0.9986534118652344
630, 9, 0.46758565306663513, 0.45547959208488464, -0.2510553300380707, 0.9987834095954895
630, 10, 0.45283883810043335, 0.45717376470565796, -0.25105029344558716, 0.998391330242157
630, 11, 0.5016594529151917, 0.39946767687797546, -0.2001415193080902, 0.9969921112060547
630, 12, 0.4208877682685852, 0.40451669692993164, -0.21750018000602722, 0.9980547428131104
630, 13, 0.5310594439506531, 0.44939711689949036, -0.2082463800907135, 0.9049214124679565
630, 14, 0.400932252407074, 0.47869327664375305, -0.2119813859462738, 0.9828654527664185
630, 15, 0.5293667912483215, 0.5220838189125061, -0.297929048538208, 0.9750609397888184
630, 16, 0.4114963412284851, 0.561458170413971, -0.26450079679489136, 0.9972575306892395
630, 17, 0.5354332327842712, 0.5368257761001587, -0.3365129232406616, 0.969357430934906
630, 18, 0.40837961435317993, 0.5862831473350525, -0.3045954704284668, 0.9936783909797668
630, 19, 0.5208426713943481, 0.5429786443710327, -0.3463306427001953, 0.9696849584579468
630, 20, 0.41937360167503357, 0.5825114250183105, -0.31464195251464844, 0.9933499693870544
630, 21, 0.5162807703018188, 0.5345645546913147, -0.3064422607421875, 0.9408200979232788
630, 22, 0.4229251742362976, 0.5728459358215332, -0.27219608426094055, 0.9915226697921753
630, 23, 0.47618913650512695, 0.3323432207107544, 0.008287923410534859, 0.9998304843902588
630, 24, 0.4368196427822113, 0.3381235599517822, -0.008285680785775185, 0.9999016523361206
630, 25, 0.5120438933372498, 0.41421476006507874, 0.13653963804244995, 0.0677836462855339
630, 26, 0.44077324867248535, 0.4607888162136078, 0.08186778426170349, 0.16060230135917664
630, 27, 0.5195569396018982, 0.40393128991127014, 0.3629031479358673, 0.08730822056531906
630, 28, 0.44507384300231934, 0.4396231472492218, 0.31021177768707275, 0.07567289471626282
630, 29, 0.5195992588996887, 0.39938321709632874, 0.3883654475212097, 0.11800989508628845
630, 30, 0.4461928904056549, 0.4326147437095642, 0.3351825475692749, 0.10147969424724579
630, 31, 0.5248604416847229, 0.4172510504722595, 0.3856392204761505, 0.08148345351219177
630, 32, 0.4448989927768707, 0.45370614528656006, 0.33391883969306946, 0.07002118229866028
631, 0, 0.45993414521217346, 0.4723363518714905, -0.29411473870277405, 0.9999927282333374
631, 1, 0.4632267951965332, 0.46011269092559814, -0.3003833293914795, 0.9999953508377075
631, 2, 0.4662552773952484, 0.4534417986869812, -0.3004112243652344, 0.9999940395355225
631, 3, 0.46852487325668335, 0.45073235034942627, -0.30046236515045166, 0.9999932050704956
631, 4, 0.45334285497665405, 0.4650421142578125, -0.3009983003139496, 0.9999947547912598
631, 5, 0.45039504766464233, 0.4650367200374603, -0.30103179812431335, 0.9999939203262329
631, 6, 0.44351696968078613, 0.4602726697921753, -0.30101820826530457, 0.999995231628418
631, 7, 0.4729371666908264, 0.4301409125328064, -0.2705361843109131, 0.9999769926071167
631, 8, 0.43751877546310425, 0.4378942847251892, -0.27292400598526, 0.9999923706054688
631, 9, 0.46487006545066833, 0.4619292914867401, -0.2768150866031647, 0.9999899864196777
631, 10, 0.4496106207370758, 0.46398767828941345, -0.2772553563117981, 0.9999887943267822
631, 11, 0.5007957816123962, 0.3926140367984772, -0.20167091488838196, 0.9993888139724731
631, 12, 0.4119020998477936, 0.40499255061149597, -0.22472861409187317, 0.999808132648468
631, 13, 0.5312110185623169, 0.4407673180103302, -0.21044692397117615, 0.981194794178009
631, 14, 0.38826704025268555, 0.48697012662887573, -0.22536274790763855, 0.9976801872253418
631, 15, 0.5321624875068665, 0.5196940898895264, -0.3056226074695587, 0.9916847944259644
631, 16, 0.399253249168396, 0.5906718969345093, -0.2772342562675476, 0.9993301630020142
631, 17, 0.5383309721946716, 0.5361358523368835, -0.3415452837944031, 0.9910123944282532
631, 18, 0.3926970958709717, 0.6222753524780273, -0.3145482540130615, 0.9984562397003174
631, 19, 0.5209358930587769, 0.5462889075279236, -0.3507457971572876, 0.9906862378120422
631, 20, 0.4056170582771301, 0.618848443031311, -0.32258015871047974, 0.9982755184173584
631, 21, 0.5172301530838013, 0.5371989011764526, -0.3135022222995758, 0.9827902317047119
631, 22, 0.41027793288230896, 0.6055474877357483, -0.2835727334022522, 0.9971815347671509
631, 23, 0.4802502691745758, 0.3168475031852722, 0.008806131780147552, 0.9996436834335327
631, 24, 0.4341031014919281, 0.3288227915763855, -0.008776315487921238, 0.9998036026954651
631, 25, 0.496359258890152, 0.43236321210861206, 0.11691592633724213, 0.16323526203632355
631, 26, 0.4325252175331116, 0.4477163851261139, 0.04432414472103119, 0.5633491277694702
631, 27, 0.4840978980064392, 0.4357278048992157, 0.30397769808769226, 0.14258408546447754
631, 28, 0.4394467771053314, 0.4421592354774475, 0.2492597997188568, 0.16849258542060852
631, 29, 0.4812484383583069, 0.4288143217563629, 0.32484573125839233, 0.12691864371299744
631, 30, 0.44147640466690063, 0.4342857003211975, 0.27208492159843445, 0.12380422651767731
631, 31, 0.4817468523979187, 0.4679518938064575, 0.32573002576828003, 0.14541852474212646
631, 32, 0.43657058477401733, 0.4707902669906616, 0.2763480246067047, 0.13578221201896667
632, 0, 0.45301443338394165, 0.4580983817577362, -0.37901055812835693, 0.9989516735076904
632, 1, 0.4568348526954651, 0.44625094532966614, -0.38978099822998047, 0.9989816546440125
632, 2, 0.4602019190788269, 0.44431787729263306, -0.38981953263282776, 0.999089241027832
632, 3, 0.46883296966552734, 0.44167107343673706, -0.3899432420730591, 0.9992266893386841
632, 4, 0.4473020136356354, 0.4482467770576477, -0.3884851336479187, 0.998475968837738
632, 5, 0.4469911456108093, 0.45140478014945984, -0.38854333758354187, 0.9983794689178467
632, 6, 0.4431799054145813, 0.45153966546058655, -0.38857272267341614, 0.9985454082489014
632, 7, 0.47373953461647034, 0.4187808632850647, -0.36738136410713196, 0.9971030354499817
632, 8, 0.43563470244407654, 0.4339752197265625, -0.36161768436431885, 0.9972572922706604
632, 9, 0.45977669954299927, 0.44846662878990173, -0.3624154031276703, 0.9988551139831543
632, 10, 0.44935232400894165, 0.4498944878578186, -0.3605458736419678, 0.9980981945991516
632, 11, 0.5017731785774231, 0.3816284239292145, -0.28060662746429443, 0.9907605648040771
632, 12, 0.41705697774887085, 0.39050424098968506, -0.28022295236587524, 0.985660195350647
632, 13, 0.5357295274734497, 0.432219922542572, -0.25252997875213623, 0.9592085480690002
632, 14, 0.40348467230796814, 0.4624592661857605, -0.2555404603481293, 0.952580451965332
632, 15, 0.5401272177696228, 0.5109958648681641, -0.31952232122421265, 0.9806413650512695
632, 16, 0.41110125184059143, 0.5539472103118896, -0.327231228351593, 0.9809321165084839
632, 17, 0.5433610081672668, 0.5354628562927246, -0.36254286766052246, 0.9628036618232727
632, 18, 0.4034019410610199, 0.5820456743240356, -0.37563225626945496, 0.9685989022254944
632, 19, 0.5326460599899292, 0.5366044044494629, -0.37983766198158264, 0.9625018835067749
632, 20, 0.41607362031936646, 0.5796530842781067, -0.38824719190597534, 0.9677960872650146
632, 21, 0.5279030203819275, 0.5275333523750305, -0.33051598072052, 0.9350243210792542
632, 22, 0.42140883207321167, 0.5689389109611511, -0.3368247449398041, 0.9558007121086121
632, 23, 0.49000319838523865, 0.3207884728908539, 0.0033956996630877256, 0.9974032044410706
632, 24, 0.44112688302993774, 0.32884910702705383, -0.00332578644156456, 0.9970889687538147
632, 25, 0.5077681541442871, 0.437975138425827, 0.12927721440792084, 0.05648990347981453
632, 26, 0.4373742938041687, 0.46845248341560364, 0.11624708026647568, 0.2563656270503998
632, 27, 0.5047457814216614, 0.45149943232536316, 0.40485674142837524, 0.051774054765701294
632, 28, 0.44022494554519653, 0.46952104568481445, 0.38798078894615173, 0.06843443214893341
632, 29, 0.5020122528076172, 0.45051896572113037, 0.43331536650657654, 0.04080837592482567
632, 30, 0.43926987051963806, 0.46604102849960327, 0.4157910943031311, 0.07184372842311859
632, 31, 0.5114596486091614, 0.4765084683895111, 0.3976335823535919, 0.1421293318271637
632, 32, 0.44429683685302734, 0.4922924041748047, 0.38117364048957825, 0.13596265017986298
633, 0, 0.44513481855392456, 0.4624279737472534, -0.29574528336524963, 0.9984400868415833
633, 1, 0.44979023933410645, 0.4553132653236389, -0.3097347617149353, 0.9982516169548035
633, 2, 0.45313596725463867, 0.45516476035118103, -0.30979788303375244, 0.9983838796615601
633, 3, 0.45648470520973206, 0.4548865854740143, -0.3099018633365631, 0.9985771179199219
633, 4, 0.4399184286594391, 0.45264026522636414, -0.3093765079975128, 0.9979718327522278
633, 5, 0.4370550215244293, 0.4583960771560669, -0.30944424867630005, 0.9982373714447021
633, 6, 0.4347037374973297, 0.4573705792427063, -0.30949753522872925, 0.9985769987106323
633, 7, 0.4652337431907654, 0.43678373098373413, -0.30802327394485474, 0.995442271232605
633, 8, 0.4305327832698822, 0.4270709455013275, -0.3061812222003937, 0.9980539083480835
633, 9, 0.45235103368759155, 0.45617812871932983, -0.28664153814315796, 0.997866690158844
633, 10, 0.442160040140152, 0.45311856269836426, -0.2859288156032562, 0.9970051646232605
633, 11, 0.4957755208015442, 0.40862923860549927, -0.2544736862182617, 0.9935317635536194
633, 12, 0.41846221685409546, 0.38619264960289, -0.25313571095466614, 0.9957619309425354
633, 13, 0.526430606842041, 0.45352083444595337, -0.26121145486831665, 0.9883348941802979
633, 14, 0.3902569115161896, 0.4317953288555145, -0.2525477409362793, 0.9915368556976318
633, 15, 0.5265671014785767, 0.5097858309745789, -0.34070083498954773, 0.9793913960456848
633, 16, 0.3942420482635498, 0.5137223601341248, -0.3103678822517395, 0.9907209873199463
633, 17, 0.5308012366294861, 0.5255266427993774, -0.37920576333999634, 0.9690586924552917
633, 18, 0.38712430000305176, 0.5348294973373413, -0.34904950857162476, 0.9809447526931763
633, 19, 0.520927906036377, 0.5239995121955872, -0.386188805103302, 0.9646438956260681
633, 20, 0.39697206020355225, 0.533799409866333, -0.3579401969909668, 0.9770260453224182
633, 21, 0.5179763436317444, 0.5175961256027222, -0.34732815623283386, 0.9244881868362427
633, 22, 0.4019528031349182, 0.5279345512390137, -0.3170526325702667, 0.9646357893943787
633, 23, 0.4891323447227478, 0.31784573197364807, -0.004734071437269449, 0.9983640313148499
633, 24, 0.4514164328575134, 0.3156444728374481, 0.004722302313894033, 0.9976693987846375
633, 25, 0.5045416355133057, 0.4018882215023041, 0.1437995582818985, 0.04998336732387543
633, 26, 0.450727641582489, 0.4006013572216034, 0.15679766237735748, 0.05677532032132149
633, 27, 0.5230236053466797, 0.3892316520214081, 0.3976968824863434, 0.06276418268680573
633, 28, 0.4584999680519104, 0.38621795177459717, 0.4100571274757385, 0.03587806597352028
633, 29, 0.5257906913757324, 0.379690945148468, 0.42540112137794495, 0.13563795387744904
633, 30, 0.45938196778297424, 0.3793036639690399, 0.437431275844574, 0.07972906529903412
633, 31, 0.5279586911201477, 0.4141750633716583, 0.42393845319747925, 0.022761378437280655
633, 32, 0.4592157006263733, 0.4004879295825958, 0.4364503026008606, 0.017697470262646675
634, 0, 0.45073336362838745, 0.4569437801837921, -0.2635091245174408, 0.9988678693771362
634, 1, 0.45412975549697876, 0.4526122212409973, -0.2770027816295624, 0.998741090297699
634, 2, 0.45980945229530334, 0.45777514576911926, -0.27703481912612915, 0.9986373782157898
634, 3, 0.4627833366394043, 0.4577760100364685, -0.27711424231529236, 0.9987816214561462
634, 4, 0.4455879330635071, 0.449526846408844, -0.2758461833000183, 0.9987514019012451
634, 5, 0.44279009103775024, 0.44775819778442383, -0.2759135067462921, 0.9988395571708679
634, 6, 0.43998345732688904, 0.4459417462348938, -0.27595996856689453, 0.9990777969360352
634, 7, 0.4664868712425232, 0.4380801022052765, -0.2785216271877289, 0.9956834316253662
634, 8, 0.4357702136039734, 0.4267912209033966, -0.2725757360458374, 0.9985771179199219
634, 9, 0.4565092921257019, 0.4513494372367859, -0.2567606270313263, 0.9982789754867554
634, 10, 0.4477405548095703, 0.4478762447834015, -0.25499364733695984, 0.9978201389312744
634, 11, 0.4931071400642395, 0.40946629643440247, -0.23575356602668762, 0.98636394739151
634, 12, 0.42114514112472534, 0.3894401490688324, -0.2297377586364746, 0.9953992962837219
634, 13, 0.5191701650619507, 0.44126322865486145, -0.2495974600315094, 0.9808940887451172
634, 14, 0.39176705479621887, 0.42724335193634033, -0.22903481125831604, 0.9842833280563354
634, 15, 0.5305932760238647, 0.49790284037590027, -0.32132866978645325, 0.967623770236969
634, 16, 0.3851407766342163, 0.49524587392807007, -0.27679815888404846, 0.9895697832107544
634, 17, 0.5386034250259399, 0.5206592082977295, -0.35787108540534973, 0.9580693244934082
634, 18, 0.3820731043815613, 0.5159635543823242, -0.3133879005908966, 0.9837354421615601
634, 19, 0.5300648212432861, 0.513357937335968, -0.3648402988910675, 0.9556050896644592
634, 20, 0.3911987841129303, 0.515250563621521, -0.32183393836021423, 0.9816432595252991
634, 21, 0.5254325866699219, 0.5068690180778503, -0.32806816697120667, 0.9059357643127441
634, 22, 0.3961729407310486, 0.5098651647567749, -0.2833016812801361, 0.968044638633728
634, 23, 0.4873214364051819, 0.3323380947113037, -0.008954319171607494, 0.9962871074676514
634, 24, 0.45147496461868286, 0.32599014043807983, 0.008861927315592766, 0.994968593120575
634, 25, 0.4925919473171234, 0.41460779309272766, 0.12380017340183258, 0.06137537211179733
634, 26, 0.44893503189086914, 0.4113793969154358, 0.14646399021148682, 0.089126817882061
634, 27, 0.5106143951416016, 0.4107394218444824, 0.3479040265083313, 0.1113554835319519
634, 28, 0.46163755655288696, 0.40221789479255676, 0.362015962600708, 0.06532422453165054
634, 29, 0.5135110020637512, 0.4028393626213074, 0.37192413210868835, 0.15424956381320953
634, 30, 0.46322399377822876, 0.3958059847354889, 0.3849472105503082, 0.08602233231067657
634, 31, 0.5152493119239807, 0.4389849305152893, 0.36091163754463196, 0.04256913438439369
634, 32, 0.4632646441459656, 0.41665881872177124, 0.3743997812271118, 0.02942867949604988
635, 0, 0.44940847158432007, 0.4446796774864197, -0.30682864785194397, 0.9436119198799133
635, 1, 0.4533507227897644, 0.4369571805000305, -0.31364771723747253, 0.951688826084137
635, 2, 0.4561269283294678, 0.4368460476398468, -0.3136637210845947, 0.9485207796096802
635, 3, 0.46306848526000977, 0.4440858066082001, -0.3137321472167969, 0.9509290456771851
635, 4, 0.4452998638153076, 0.4354264438152313, -0.3135888874530792, 0.9552323818206787
635, 5, 0.4426918625831604, 0.43439817428588867, -0.31365954875946045, 0.9533547163009644
635, 6, 0.44006162881851196, 0.4333679974079132, -0.3137180507183075, 0.9598830342292786
635, 7, 0.46618136763572693, 0.42138200998306274, -0.2848701477050781, 0.8259419798851013
635, 8, 0.43619149923324585, 0.4156595766544342, -0.28422656655311584, 0.9050189256668091
635, 9, 0.45498666167259216, 0.44055941700935364, -0.2895966172218323, 0.9303300976753235
635, 10, 0.4466443657875061, 0.4387976825237274, -0.2893562614917755, 0.9211772680282593
635, 11, 0.49468404054641724, 0.4077364206314087, -0.20775040984153748, 0.8686431050300598
635, 12, 0.4141019880771637, 0.39046064019203186, -0.21685576438903809, 0.9054903984069824
635, 13, 0.5113029479980469, 0.4568054676055908, -0.18584732711315155, 0.827754020690918
635, 14, 0.3935299515724182, 0.45419690012931824, -0.19665120542049408, 0.8977391123771667
635, 15, 0.5166456699371338, 0.504853367805481, -0.238129660487175, 0.9356706142425537
635, 16, 0.39648669958114624, 0.5272819995880127, -0.23381836712360382, 0.960142195224762
635, 17, 0.5228825807571411, 0.5189281702041626, -0.27019068598747253, 0.8859267234802246
635, 18, 0.3896244168281555, 0.5475642681121826, -0.2686225175857544, 0.9395698308944702
635, 19, 0.5127614140510559, 0.5171738266944885, -0.2808307111263275, 0.8927615284919739
635, 20, 0.40141335129737854, 0.5436208248138428, -0.2772872745990753, 0.9422779679298401
635, 21, 0.5087345242500305, 0.5103716850280762, -0.24568787217140198, 0.8331117630004883
635, 22, 0.40645965933799744, 0.5361328721046448, -0.23999130725860596, 0.9155426025390625
635, 23, 0.48114651441574097, 0.3510696589946747, 9.271667659049854e-05, 0.9729476571083069
635, 24, 0.4422934055328369, 0.3378109335899353, -0.00019114486349280924, 0.9718209505081177
635, 25, 0.4842478632926941, 0.44505563378334045, 0.11698560416698456, 0.029931651428341866
635, 26, 0.437309205532074, 0.44477730989456177, 0.11100898683071136, 0.09958019107580185
635, 27, 0.48647552728652954, 0.45181185007095337, 0.3432318866252899, 0.028994198888540268
635, 28, 0.4482250213623047, 0.44765210151672363, 0.32795006036758423, 0.03540343418717384
635, 29, 0.48595792055130005, 0.45063984394073486, 0.3669692277908325, 0.021316733211278915
635, 30, 0.4496695101261139, 0.44671979546546936, 0.3509559631347656, 0.03240254148840904
635, 31, 0.48933976888656616, 0.46846768260002136, 0.34533676505088806, 0.07510765641927719
635, 32, 0.4501422941684723, 0.4596453905105591, 0.32774192094802856, 0.07043872028589249
636, 0, 0.4486103057861328, 0.44433972239494324, -0.3340384066104889, 0.9573745727539062
636, 1, 0.45268750190734863, 0.4369073212146759, -0.3406895697116852, 0.9590754508972168
636, 2, 0.4555736482143402, 0.436755508184433, -0.34071141481399536, 0.9580652117729187
636, 3, 0.46302518248558044, 0.4421495795249939, -0.34079280495643616, 0.9622820615768433
636, 4, 0.4443867802619934, 0.4352831244468689, -0.3408113718032837, 0.9599420428276062
636, 5, 0.4417474865913391, 0.43413686752319336, -0.3408890962600708, 0.9591267704963684
636, 6, 0.43908223509788513, 0.43300771713256836, -0.34095048904418945, 0.9648407101631165
636, 7, 0.46637606620788574, 0.4203381836414337, -0.3094218671321869, 0.8634077310562134
636, 8, 0.4355657994747162, 0.41428306698799133, -0.31010034680366516, 0.9232373833656311
636, 9, 0.4546438157558441, 0.4395875632762909, -0.31572550535202026, 0.9505055546760559
636, 10, 0.44603341817855835, 0.43776097893714905, -0.31585225462913513, 0.942533016204834
636, 11, 0.4955098628997803, 0.4054408073425293, -0.23029720783233643, 0.8899117708206177
636, 12, 0.4151742458343506, 0.3858078718185425, -0.23784449696540833, 0.9137740135192871
636, 13, 0.5121448636054993, 0.45968902111053467, -0.20912189781665802, 0.8804410099983215
636, 14, 0.39421072602272034, 0.45276862382888794, -0.2219342291355133, 0.927657961845398
636, 15, 0.5159030556678772, 0.5107152462005615, -0.26945760846138, 0.9500964879989624
636, 16, 0.39819619059562683, 0.5276484489440918, -0.2712908983230591, 0.9607126712799072
636, 17, 0.5222164988517761, 0.5253598093986511, -0.30548956990242004, 0.9078225493431091
636, 18, 0.3917522728443146, 0.5479645133018494, -0.3108394145965576, 0.9405399560928345
636, 19, 0.5121470093727112, 0.5229443311691284, -0.31799376010894775, 0.9097313284873962
636, 20, 0.40330857038497925, 0.5435306429862976, -0.32100313901901245, 0.9398208856582642
636, 21, 0.5079526305198669, 0.515897274017334, -0.27812981605529785, 0.8505887389183044
636, 22, 0.4081575274467468, 0.5364550948143005, -0.2786649465560913, 0.9081795811653137
636, 23, 0.482657253742218, 0.3489435315132141, 0.00142859504558146, 0.9806888103485107
636, 24, 0.44368305802345276, 0.335135281085968, -0.0014935954241082072, 0.9800002574920654
636, 25, 0.4855048656463623, 0.4426795542240143, 0.12669141590595245, 0.022220583632588387
636, 26, 0.4389825463294983, 0.44277822971343994, 0.12169595062732697, 0.09566221386194229
636, 27, 0.4886603355407715, 0.4468333423137665, 0.37463274598121643, 0.019985927268862724
636, 28, 0.44993075728416443, 0.44373464584350586, 0.3602893352508545, 0.0328330472111702
636, 29, 0.4885750412940979, 0.4450029134750366, 0.4003693461418152, 0.019512126222252846
636, 30, 0.45129209756851196, 0.4423494040966034, 0.38520461320877075, 0.03813692182302475
636, 31, 0.49152493476867676, 0.46349602937698364, 0.3736991584300995, 0.05161478742957115
636, 32, 0.4515995383262634, 0.4559057354927063, 0.35761240124702454, 0.05776521563529968
637, 0, 0.45347681641578674, 0.4416400194168091, -0.1589336395263672, 0.9820829629898071
637, 1, 0.45565804839134216, 0.43418654799461365, -0.16506625711917877, 0.9869831800460815
637, 2, 0.45778149366378784, 0.433174729347229, -0.16512757539749146, 0.980036735534668
637, 3, 0.4599072337150574, 0.4321063458919525, -0.16517849266529083, 0.9842021465301514
637, 4, 0.4496287405490875, 0.43568629026412964, -0.1658908724784851, 0.9884103536605835
637, 5, 0.4478009343147278, 0.43577638268470764, -0.16594824194908142, 0.9867923259735107
637, 6, 0.44594067335128784, 0.43587005138397217, -0.16599389910697937, 0.9926201701164246
637, 7, 0.4654509425163269, 0.4204842150211334, -0.15362988412380219, 0.9618221521377563
637, 8, 0.44359683990478516, 0.42559584975242615, -0.15717966854572296, 0.984255850315094
637, 9, 0.4586111903190613, 0.4374801218509674, -0.1499321460723877, 0.9861322641372681
637, 10, 0.4521208703517914, 0.4394248127937317, -0.15092027187347412, 0.9889427423477173
637, 11, 0.48551326990127563, 0.40601426362991333, -0.11798666417598724, 0.9831429123878479
637, 12, 0.4325334429740906, 0.41546905040740967, -0.1149279847741127, 0.9933631420135498
637, 13, 0.4999437928199768, 0.43445533514022827, -0.10821069777011871, 0.5841261744499207
637, 14, 0.4244456887245178, 0.4697917103767395, -0.11042763292789459, 0.9340392351150513
637, 15, 0.518203616142273, 0.4641028046607971, -0.1432325839996338, 0.7135899662971497
637, 16, 0.4431934952735901, 0.5319864153862, -0.13394704461097717, 0.9682817459106445
637, 17, 0.5277768969535828, 0.4695032835006714, -0.16423647105693817, 0.6518936157226562
637, 18, 0.44308796525001526, 0.5517028570175171, -0.15467706322669983, 0.9494472742080688
637, 19, 0.5217735767364502, 0.47429126501083374, -0.16795095801353455, 0.6737216711044312
637, 20, 0.45205849409103394, 0.5472915768623352, -0.16584888100624084, 0.9491185545921326
637, 21, 0.5167067050933838, 0.47106218338012695, -0.14665904641151428, 0.5360598564147949
637, 22, 0.4531533122062683, 0.5394294857978821, -0.14028410613536835, 0.9251285791397095
637, 23, 0.4673807621002197, 0.3379581868648529, 0.0017894117627292871, 0.9982530474662781
637, 24, 0.4443332254886627, 0.3417195677757263, -0.0018496401607990265, 0.9989041090011597
637, 25, 0.49024659395217896, 0.4209839403629303, 0.07639245688915253, 0.057976290583610535
637, 26, 0.45432019233703613, 0.44642066955566406, 0.04178750887513161, 0.42485952377319336
637, 27, 0.4943771958351135, 0.4103592038154602, 0.22248980402946472, 0.05846283212304115
637, 28, 0.4537772238254547, 0.4313581585884094, 0.16161982715129852, 0.14507296681404114
637, 29, 0.49413880705833435, 0.40048617124557495, 0.23850831389427185, 0.0640941858291626
637, 30, 0.45385485887527466, 0.41815415024757385, 0.17484526336193085, 0.10198073089122772
637, 31, 0.4967377781867981, 0.4310833811759949, 0.23286326229572296, 0.11313952505588531
637, 32, 0.4506562352180481, 0.4548413157463074, 0.17054341733455658, 0.17009371519088745
638, 0, 0.4625987410545349, 0.44012880325317383, -0.21984100341796875, 0.9996040463447571
638, 1, 0.4653543531894684, 0.4337877631187439, -0.22415344417095184, 0.9996488094329834
638, 2, 0.46753567457199097, 0.4328738749027252, -0.22418251633644104, 0.9995145797729492
638, 3, 0.46966761350631714, 0.43191561102867126, -0.22420616447925568, 0.9994388222694397
638, 4, 0.45876508951187134, 0.43511146306991577, -0.22371597588062286, 0.9998587369918823
638, 5, 0.4564928412437439, 0.4349727928638458, -0.22374489903450012, 0.9998316764831543
638, 6, 0.4542028307914734, 0.4348326325416565, -0.22379930317401886, 0.9998162388801575
638, 7, 0.47208651900291443, 0.4215319752693176, -0.19896283745765686, 0.998420238494873
638, 8, 0.4481840133666992, 0.42695650458335876, -0.19722554087638855, 0.9998652935028076
638, 9, 0.46532100439071655, 0.43706151843070984, -0.20539963245391846, 0.9994833469390869
638, 10, 0.45780330896377563, 0.43877431750297546, -0.20483767986297607, 0.999680757522583
638, 11, 0.4864550530910492, 0.40924492478370667, -0.14225149154663086, 0.9965741634368896
638, 12, 0.43135231733322144, 0.4246978461742401, -0.14671097695827484, 0.9981092214584351
638, 13, 0.516063392162323, 0.4486236572265625, -0.14577418565750122, 0.9950897693634033
638, 14, 0.4169825613498688, 0.46604490280151367, -0.12124069035053253, 0.9652025103569031
638, 15, 0.5373430848121643, 0.503597617149353, -0.19446785748004913, 0.9947263598442078
638, 16, 0.43022918701171875, 0.4820171892642975, -0.135033518075943, 0.9617060422897339
638, 17, 0.5423257946968079, 0.5121963620185852, -0.2190411388874054, 0.9877889752388
638, 18, 0.4296099543571472, 0.4879797697067261, -0.1530357301235199, 0.9245970249176025
638, 19, 0.5358975529670715, 0.5159791707992554, -0.22245576977729797, 0.9876805543899536
638, 20, 0.4360010027885437, 0.48335033655166626, -0.16214598715305328, 0.9273535013198853
638, 21, 0.5317876935005188, 0.5062023401260376, -0.19857239723205566, 0.9694429039955139
638, 22, 0.4376179277896881, 0.4796507656574249, -0.1395643651485443, 0.9190574884414673
638, 23, 0.463836133480072, 0.38469237089157104, 0.00659029558300972, 0.9997761845588684
638, 24, 0.43713098764419556, 0.39901843667030334, -0.0066007934510707855, 0.9998095631599426
638, 25, 0.48620176315307617, 0.43895724415779114, 0.08195360749959946, 0.16696062684059143
638, 26, 0.45226678252220154, 0.48093631863594055, 0.045878924429416656, 0.3760550320148468
638, 27, 0.4840471148490906, 0.43138083815574646, 0.21829871833324432, 0.16082598268985748
638, 28, 0.46078062057495117, 0.4521721601486206, 0.1921427994966507, 0.09585143625736237
638, 29, 0.4831123352050781, 0.42918187379837036, 0.2334284484386444, 0.12684862315654755
638, 30, 0.46122798323631287, 0.44659584760665894, 0.20810440182685852, 0.11449198424816132
638, 31, 0.4877645969390869, 0.4422937035560608, 0.2272786647081375, 0.18522049486637115
638, 32, 0.4650011658668518, 0.45737695693969727, 0.2087559700012207, 0.12085743248462677
639, 0, 0.44076019525527954, 0.44941431283950806, -0.26018545031547546, 0.999025821685791
639, 1, 0.4436538815498352, 0.4391433000564575, -0.26466017961502075, 0.9987205862998962
639, 2, 0.44616907835006714, 0.4381755292415619, -0.2646981179714203, 0.9988364577293396
639, 3, 0.44866758584976196, 0.43709617853164673, -0.2647629976272583, 0.9983795881271362
639, 4, 0.43614476919174194, 0.4396992027759552, -0.2649187743663788, 0.9991341233253479
639, 5, 0.43386775255203247, 0.4393666684627533, -0.2649857997894287, 0.9993619322776794
639, 6, 0.4316011369228363, 0.4389786124229431, -0.26501360535621643, 0.9992188215255737
639, 7, 0.4551531672477722, 0.4239409863948822, -0.23789843916893005, 0.9965060949325562
639, 8, 0.4288533329963684, 0.4259445071220398, -0.2383653223514557, 0.9990377426147461
639, 9, 0.44704699516296387, 0.44572100043296814, -0.24454829096794128, 0.99866783618927
639, 10, 0.43913713097572327, 0.4464765191078186, -0.24456660449504852, 0.9985393285751343
639, 11, 0.48182564973831177, 0.4130028188228607, -0.18903017044067383, 0.9922369122505188
639, 12, 0.4159066677093506, 0.4135085344314575, -0.1868218332529068, 0.9946499466896057
639, 13, 0.5036484003067017, 0.4638687074184418, -0.2055894136428833, 0.9874375462532043
639, 14, 0.3912030756473541, 0.4657529294490814, -0.20627780258655548, 0.9791202545166016
639, 15, 0.49903446435928345, 0.47603175044059753, -0.25492310523986816, 0.943733811378479
639, 16, 0.42030248045921326, 0.5035521984100342, -0.2595679759979248, 0.9425485134124756
639, 17, 0.4978412687778473, 0.4840095639228821, -0.2757253050804138, 0.8000321984291077
639, 18, 0.42291679978370667, 0.5219398736953735, -0.2847135066986084, 0.8456470966339111
639, 19, 0.49293655157089233, 0.48006799817085266, -0.27518582344055176, 0.7574668526649475
639, 20, 0.4311656057834625, 0.5121282935142517, -0.2856258153915405, 0.8105195760726929
639, 21, 0.4919160008430481, 0.4772352874279022, -0.2564019560813904, 0.6437798142433167
639, 22, 0.43205517530441284, 0.5053732395172119, -0.2614819407463074, 0.7625638246536255
639, 23, 0.4727746546268463, 0.3476913869380951, -0.005907708778977394, 0.9983186721801758
639, 24, 0.4407481551170349, 0.34617510437965393, 0.005787994712591171, 0.9984123706817627
639, 25, 0.49510177969932556, 0.42788854241371155, 0.11292468011379242, 0.04296064004302025
639, 26, 0.4516218304634094, 0.4397084414958954, 0.10050418227910995, 0.06119433790445328
639, 27, 0.5189210772514343, 0.4326467216014862, 0.2894953489303589, 0.13804475963115692
639, 28, 0.46172475814819336, 0.4246472120285034, 0.2565949857234955, 0.06285365670919418
639, 29, 0.5222374796867371, 0.4283142387866974, 0.30934303998947144, 0.24484668672084808
639, 30, 0.4630415439605713, 0.4188825488090515, 0.27400100231170654, 0.1268022060394287
639, 31, 0.5284377932548523, 0.4442407488822937, 0.3223491311073303, 0.12424451857805252
639, 32, 0.4671536982059479, 0.4265693128108978, 0.283873051404953, 0.08224032074213028
640, 0, 0.4513417184352875, 0.4587443172931671, -0.20516808331012726, 0.9997062087059021
640, 1, 0.4534286558628082, 0.45148879289627075, -0.21003098785877228, 0.9996084570884705
640, 2, 0.4555915892124176, 0.4506024718284607, -0.21005816757678986, 0.9995558857917786
640, 3, 0.45772784948349, 0.44967082142829895, -0.21009168028831482, 0.9993770718574524
640, 4, 0.44692522287368774, 0.4523323178291321, -0.20923826098442078, 0.9997956156730652
640, 5, 0.44466838240623474, 0.452054888010025, -0.20927830040454865, 0.999822199344635
640, 6, 0.4423835277557373, 0.4517439603805542, -0.20931175351142883, 0.999824583530426
640, 7, 0.46156835556030273, 0.439209908246994, -0.1894042193889618, 0.998958945274353
640, 8, 0.4381245970726013, 0.44200462102890015, -0.18596190214157104, 0.9998610019683838
640, 9, 0.4552976191043854, 0.45485958456993103, -0.1928580105304718, 0.9992327690124512
640, 10, 0.44801291823387146, 0.45604944229125977, -0.1918513923883438, 0.9994375109672546
640, 11, 0.4785160422325134, 0.42789676785469055, -0.13329684734344482, 0.9974949359893799
640, 12, 0.42437320947647095, 0.42942336201667786, -0.14194929599761963, 0.9985324144363403
640, 13, 0.49115699529647827, 0.46297502517700195, -0.11780507862567902, 0.9731488227844238
640, 14, 0.40555301308631897, 0.4596095085144043, -0.1206827387213707, 0.9675178527832031
640, 15, 0.4959266781806946, 0.4946330189704895, -0.149891197681427, 0.9877349734306335
640, 16, 0.4120226502418518, 0.49183955788612366, -0.12701351940631866, 0.9904296398162842
640, 17, 0.5008414387702942, 0.5059514045715332, -0.16828729212284088, 0.9805212020874023
640, 18, 0.4092992842197418, 0.5040169954299927, -0.14504371583461761, 0.9790756106376648
640, 19, 0.49422135949134827, 0.5039287805557251, -0.17208251357078552, 0.9782344698905945
640, 20, 0.41556352376937866, 0.5003834962844849, -0.14943009614944458, 0.9771058559417725
640, 21, 0.4909617006778717, 0.49924957752227783, -0.15309306979179382, 0.947759211063385
640, 22, 0.41830235719680786, 0.49556729197502136, -0.12977725267410278, 0.9671343564987183
640, 23, 0.45957350730895996, 0.37654978036880493, 0.0020675479900091887, 0.9993126392364502
640, 24, 0.4356423020362854, 0.3788800537586212, -0.002070588991045952, 0.9989080429077148
640, 25, 0.4685978293418884, 0.4334977865219116, 0.08808490633964539, 0.13823144137859344
640, 26, 0.4415445327758789, 0.4550371468067169, 0.07997648417949677, 0.14162158966064453
640, 27, 0.466545045375824, 0.4302605986595154, 0.22428961098194122, 0.14645591378211975
640, 28, 0.4479956030845642, 0.44256865978240967, 0.2194342166185379, 0.0852842777967453
640, 29, 0.4648977220058441, 0.4256076514720917, 0.2388642281293869, 0.15775521099567413
640, 30, 0.44822320342063904, 0.4370843768119812, 0.23423151671886444, 0.08447529375553131
640, 31, 0.47026556730270386, 0.4482550024986267, 0.23838873207569122, 0.08240285515785217
640, 32, 0.4520259499549866, 0.4544447958469391, 0.234834223985672, 0.06031480431556702
641, 0, 0.43864569067955017, 0.4488036334514618, -0.22920925915241241, 0.9981811046600342
641, 1, 0.4410777688026428, 0.4384858012199402, -0.23087427020072937, 0.9978340268135071
641, 2, 0.4434475898742676, 0.43718260526657104, -0.23090238869190216, 0.9975911378860474
641, 3, 0.44578641653060913, 0.43584680557250977, -0.23095205426216125, 0.995222270488739
641, 4, 0.433991014957428, 0.4399145841598511, -0.2323736846446991, 0.9987572431564331
641, 5, 0.43184322118759155, 0.4397966265678406, -0.23243460059165955, 0.999075174331665
641, 6, 0.4296882152557373, 0.4397267699241638, -0.2324788123369217, 0.9988455772399902
641, 7, 0.45187631249427795, 0.4245845377445221, -0.19651418924331665, 0.9915831685066223
641, 8, 0.42718952894210815, 0.4289279580116272, -0.20277062058448792, 0.9989342093467712
641, 9, 0.4445933401584625, 0.4454103112220764, -0.2111540585756302, 0.9920032024383545
641, 10, 0.43705931305885315, 0.4472287893295288, -0.2129558026790619, 0.9950723052024841
641, 11, 0.4764360785484314, 0.41523680090904236, -0.13937732577323914, 0.9882825016975403
641, 12, 0.41172224283218384, 0.4273730516433716, -0.15178517997264862, 0.9971277117729187
641, 13, 0.49560004472732544, 0.4430581033229828, -0.1239616870880127, 0.948590099811554
641, 14, 0.3871404826641083, 0.47974538803100586, -0.14142054319381714, 0.9863362312316895
641, 15, 0.48769980669021606, 0.4541119337081909, -0.14948740601539612, 0.8865357041358948
641, 16, 0.40605026483535767, 0.5188418626785278, -0.1430797129869461, 0.977776288986206
641, 17, 0.48803648352622986, 0.4579589366912842, -0.16073447465896606, 0.7194552421569824
641, 18, 0.40695661306381226, 0.5340251922607422, -0.154622420668602, 0.9477623701095581
641, 19, 0.4819614291191101, 0.45745909214019775, -0.16145196557044983, 0.6840547323226929
641, 20, 0.4148929715156555, 0.5257121920585632, -0.15440461039543152, 0.938269853591919
641, 21, 0.480253130197525, 0.4565867483615875, -0.1500479280948639, 0.5570705533027649
641, 22, 0.41641712188720703, 0.5198860764503479, -0.14211112260818481, 0.9132220149040222
641, 23, 0.46511930227279663, 0.35211890935897827, -0.004012943245470524, 0.9985358715057373
641, 24, 0.43391233682632446, 0.355141282081604, 0.0038710678927600384, 0.9985287189483643
641, 25, 0.4820403456687927, 0.4191581606864929, 0.0966012179851532, 0.1316939890384674
641, 26, 0.43267446756362915, 0.42085695266723633, 0.09475716948509216, 0.08529023081064224
641, 27, 0.4892655909061432, 0.4202788770198822, 0.2346973717212677, 0.1591823250055313
641, 28, 0.43661800026893616, 0.41308480501174927, 0.24044974148273468, 0.06172838434576988
641, 29, 0.4896825850009918, 0.41425055265426636, 0.2508457601070404, 0.2028057873249054
641, 30, 0.43717655539512634, 0.4063204526901245, 0.25705471634864807, 0.07724849134683609
641, 31, 0.49376755952835083, 0.44074350595474243, 0.27901792526245117, 0.11720100045204163
641, 32, 0.441077321767807, 0.42622095346450806, 0.286758691072464, 0.06098205968737602
642, 0, 0.4419324994087219, 0.44635459780693054, -0.2025238275527954, 0.9968407154083252
642, 1, 0.4449140429496765, 0.43764087557792664, -0.207485169172287, 0.9961615800857544
642, 2, 0.44746389985084534, 0.436848521232605, -0.2074897736310959, 0.9955844283103943
642, 3, 0.4499806761741638, 0.4360056519508362, -0.20750312507152557, 0.9918686151504517
642, 4, 0.437277227640152, 0.4382351040840149, -0.2081104815006256, 0.9978914856910706
642, 5, 0.43474316596984863, 0.4380720257759094, -0.20816460251808167, 0.9984433054924011
642, 6, 0.4321932792663574, 0.43787190318107605, -0.20821090042591095, 0.9983428716659546
642, 7, 0.45567482709884644, 0.42602038383483887, -0.1854090392589569, 0.9849240779876709
642, 8, 0.4283929467201233, 0.42754265666007996, -0.18788006901741028, 0.99853515625
642, 9, 0.44735345244407654, 0.44359448552131653, -0.18887680768966675, 0.9903263449668884
642, 10, 0.43906766176223755, 0.4444000720977783, -0.18960274755954742, 0.9946801066398621
642, 11, 0.47876042127609253, 0.4154486656188965, -0.1310720294713974, 0.9894160628318787
642, 12, 0.40868765115737915, 0.4210870862007141, -0.1401928961277008, 0.9966719150543213
642, 13, 0.49662238359451294, 0.44683048129081726, -0.11201399564743042, 0.9536111950874329
642, 14, 0.3912471532821655, 0.46479567885398865, -0.11122653633356094, 0.8653793334960938
642, 15, 0.5033859014511108, 0.4699079394340515, -0.13341958820819855, 0.9669463038444519
642, 16, 0.4091393053531647, 0.5039802193641663, -0.09380866587162018, 0.9395093321800232
642, 17, 0.5081632137298584, 0.4782176911830902, -0.14657403528690338, 0.9291023015975952
642, 18, 0.4077150821685791, 0.5184327363967896, -0.10333256423473358, 0.9068632125854492
642, 19, 0.5013033747673035, 0.47800734639167786, -0.1460883617401123, 0.9206197261810303
642, 20, 0.416893869638443, 0.512337327003479, -0.10587181895971298, 0.8978993892669678
642, 21, 0.4979075491428375, 0.47445961833000183, -0.1340520977973938, 0.849753737449646
642, 22, 0.41977986693382263, 0.5062950849533081, -0.09406055510044098, 0.864094614982605
642, 23, 0.46491384506225586, 0.35463133454322815, -0.0017695305868983269, 0.9978324770927429
642, 24, 0.4321044981479645, 0.35356441140174866, 0.0016005256911739707, 0.9961829781532288
642, 25, 0.47503429651260376, 0.41837263107299805, 0.09489269554615021, 0.0807894915342331
642, 26, 0.4299914836883545, 0.42118772864341736, 0.08963271230459213, 0.06737630069255829
642, 27, 0.47618788480758667, 0.41465145349502563, 0.23620538413524628, 0.10222866386175156
642, 28, 0.435768187046051, 0.41889870166778564, 0.2361256182193756, 0.044389352202415466
642, 29, 0.47523221373558044, 0.41023603081703186, 0.252583384513855, 0.0847109854221344
642, 30, 0.4363076090812683, 0.41462647914886475, 0.2528427243232727, 0.052304502576589584
642, 31, 0.47938838601112366, 0.4319049119949341, 0.2707383334636688, 0.05712813138961792
642, 32, 0.44016894698143005, 0.43293845653533936, 0.2708437442779541, 0.03419840708374977
643, 0, 0.44381099939346313, 0.44882938265800476, -0.1748756468296051, 0.9983429908752441
643, 1, 0.4470537602901459, 0.44218477606773376, -0.18304112553596497, 0.9986070990562439
643, 2, 0.4496995508670807, 0.44164419174194336, -0.18303261697292328, 0.9982630610466003
643, 3, 0.452320396900177, 0.44106513261795044, -0.18303664028644562, 0.9965657591819763
643, 4, 0.4390731453895569, 0.44228583574295044, -0.18384066224098206, 0.9992535710334778
643, 5, 0.4363858103752136, 0.4420214295387268, -0.18388782441616058, 0.9993701577186584
643, 6, 0.4336930215358734, 0.44170039892196655, -0.1839459389448166, 0.9993352293968201
643, 7, 0.4579078257083893, 0.43249765038490295, -0.1713680475950241, 0.9959139227867126
643, 8, 0.4292360246181488, 0.4321136474609375, -0.17511408030986786, 0.9995871186256409
643, 9, 0.4488798975944519, 0.44622188806533813, -0.16472697257995605, 0.9966825842857361
643, 10, 0.4403005540370941, 0.44662368297576904, -0.1658754050731659, 0.9986284971237183
643, 11, 0.4802672266960144, 0.41927477717399597, -0.12486473470926285, 0.9963083863258362
643, 12, 0.4112630784511566, 0.4192824959754944, -0.13584797084331512, 0.9989493489265442
643, 13, 0.5017380118370056, 0.43375837802886963, -0.09627176821231842, 0.9895456433296204
643, 14, 0.3968800902366638, 0.4421513080596924, -0.09065203368663788, 0.8521079421043396
643, 15, 0.49725541472435, 0.4619683623313904, -0.10284318774938583, 0.9746243953704834
643, 16, 0.41126951575279236, 0.4717116951942444, -0.058582134544849396, 0.9053542017936707
643, 17, 0.5009936690330505, 0.4702220559120178, -0.11239367723464966, 0.9627784490585327
643, 18, 0.41005653142929077, 0.47960570454597473, -0.06350978463888168, 0.8750153183937073
643, 19, 0.4931325316429138, 0.47034886479377747, -0.11486531794071198, 0.961011528968811
643, 20, 0.41805893182754517, 0.47775015234947205, -0.06579405069351196, 0.8702294230461121
643, 21, 0.4899056553840637, 0.4665641784667969, -0.10407356917858124, 0.9125398397445679
643, 22, 0.4207077920436859, 0.47415825724601746, -0.058318547904491425, 0.8366422057151794
643, 23, 0.4646661877632141, 0.36798685789108276, 0.0018954190891236067, 0.9981576800346375
643, 24, 0.4335387349128723, 0.3619062304496765, -0.0020119971595704556, 0.9971617460250854
643, 25, 0.4649367928504944, 0.41773948073387146, 0.09672097116708755, 0.11827065050601959
643, 26, 0.43157538771629333, 0.4161719083786011, 0.085234135389328, 0.1454424262046814
643, 27, 0.46303993463516235, 0.4057765007019043, 0.22694537043571472, 0.22839081287384033
643, 28, 0.43641477823257446, 0.4125647246837616, 0.222746804356575, 0.11996975541114807
643, 29, 0.4618310034275055, 0.40016046166419983, 0.24195554852485657, 0.17931729555130005
643, 30, 0.4370475709438324, 0.4084152579307556, 0.23875096440315247, 0.11505986750125885
643, 31, 0.4646763205528259, 0.4228079617023468, 0.2567809522151947, 0.034111328423023224
643, 32, 0.4401063323020935, 0.4280470013618469, 0.25619152188301086, 0.023078978061676025
644, 0, 0.4513881206512451, 0.45553070306777954, -0.11802951246500015, 0.990256130695343
644, 1, 0.4531683027744293, 0.45691418647766113, -0.12784633040428162, 0.9935879707336426
644, 2, 0.4542597830295563, 0.4568462073802948, -0.12785464525222778, 0.9926203489303589
644, 3, 0.4553493857383728, 0.4567687213420868, -0.12790203094482422, 0.9901042580604553
644, 4, 0.44966888427734375, 0.4570876359939575, -0.12785464525222778, 0.9950236082077026
644, 5, 0.44836869835853577, 0.45712459087371826, -0.12791647017002106, 0.9953363537788391
644, 6, 0.4470609724521637, 0.45715534687042236, -0.1279754489660263, 0.9955698847770691
644, 7, 0.457050621509552, 0.45368874073028564, -0.13348624110221863, 0.9958451390266418
644, 8, 0.44440245628356934, 0.453948050737381, -0.13323049247264862, 0.9980328679084778
644, 9, 0.45260900259017944, 0.45227864384651184, -0.11519064009189606, 0.997338593006134
644, 10, 0.44879573583602905, 0.4524241089820862, -0.11514729261398315, 0.9977838397026062
644, 11, 0.46254831552505493, 0.4411836862564087, -0.09887970983982086, 0.9992594122886658
644, 12, 0.43697991967201233, 0.4377279579639435, -0.10480139404535294, 0.9995507597923279
644, 13, 0.45861655473709106, 0.4267524182796478, -0.05837269872426987, 0.4544873833656311
644, 14, 0.43808817863464355, 0.4307127296924591, -0.06461279839277267, 0.7732542157173157
644, 15, 0.45406657457351685, 0.43139129877090454, -0.04461982846260071, 0.4289035201072693
644, 16, 0.4469122290611267, 0.46341240406036377, -0.03514645993709564, 0.8030710816383362
644, 17, 0.45570245385169983, 0.43225720524787903, -0.04944080114364624, 0.40157175064086914
644, 18, 0.4460318684577942, 0.47320228815078735, -0.04040222987532616, 0.7410356998443604
644, 19, 0.452557235956192, 0.43367356061935425, -0.055204011499881744, 0.4077968895435333
644, 20, 0.4510459005832672, 0.4725233316421509, -0.04128570109605789, 0.7508445978164673
644, 21, 0.4511139988899231, 0.4329211413860321, -0.0466201975941658, 0.3403307795524597
644, 22, 0.4512081742286682, 0.4687466621398926, -0.035008374601602554, 0.7079617977142334
644, 23, 0.45628124475479126, 0.37792354822158813, 0.0038555203936994076, 0.999817430973053
644, 24, 0.44172391295433044, 0.3760196268558502, -0.00384945934638381, 0.9998475313186646
644, 25, 0.46476131677627563, 0.43793541193008423, 0.08904742449522018, 0.14383690059185028
644, 26, 0.4424799084663391, 0.4508212208747864, 0.07919343560934067, 0.2193620651960373
644, 27, 0.46658992767333984, 0.40778931975364685, 0.20779240131378174, 0.20214565098285675
644, 28, 0.44818180799484253, 0.41533634066581726, 0.19545194506645203, 0.16379287838935852
644, 29, 0.46589523553848267, 0.3989261984825134, 0.22117337584495544, 0.15908366441726685
644, 30, 0.44849294424057007, 0.4059012234210968, 0.20798048377037048, 0.11084147542715073
644, 31, 0.4671911299228668, 0.4180563688278198, 0.22961993515491486, 0.10746639966964722
644, 32, 0.44913753867149353, 0.4213694632053375, 0.21588972210884094, 0.07249071449041367
645, 0, 0.4436224400997162, 0.45291244983673096, -0.23578545451164246, 0.9735240936279297
645, 1, 0.44707193970680237, 0.44319185614585876, -0.2416883260011673, 0.9780362248420715
645, 2, 0.450042188167572, 0.44238173961639404, -0.2416907548904419, 0.9734863638877869
645, 3, 0.45298606157302856, 0.44153377413749695, -0.24172207713127136, 0.9663149118423462
645, 4, 0.4385558068752289, 0.4428168535232544, -0.2420423924922943, 0.9833609461784363
645, 5, 0.4358237385749817, 0.4420180022716522, -0.24210909008979797, 0.9842942357063293
645, 6, 0.43310457468032837, 0.44118693470954895, -0.24217744171619415, 0.9869318604469299
645, 7, 0.46142634749412537, 0.42572054266929626, -0.21849755942821503, 0.9203749299049377
645, 8, 0.4304076135158539, 0.4232659339904785, -0.22006885707378387, 0.977809727191925
645, 9, 0.45083945989608765, 0.44774580001831055, -0.22161662578582764, 0.9547946453094482
645, 10, 0.4419558048248291, 0.44764846563339233, -0.22207136452198029, 0.9649333953857422
645, 11, 0.49251118302345276, 0.41087228059768677, -0.15930654108524323, 0.9382843375205994
645, 12, 0.41520944237709045, 0.3980503976345062, -0.16573648154735565, 0.9746713042259216
645, 13, 0.5117595195770264, 0.4458581805229187, -0.12878930568695068, 0.7661299109458923
645, 14, 0.3949609696865082, 0.44309669733047485, -0.13229988515377045, 0.7649220824241638
645, 15, 0.512093186378479, 0.474396288394928, -0.1619592010974884, 0.841046154499054
645, 16, 0.40445536375045776, 0.4994179308414459, -0.13438132405281067, 0.9155194163322449
645, 17, 0.5167516469955444, 0.4833310544490814, -0.18286438286304474, 0.7679441571235657
645, 18, 0.3990861773490906, 0.5142977833747864, -0.15304256975650787, 0.8840134739875793
645, 19, 0.5065574049949646, 0.48185235261917114, -0.18897035717964172, 0.7806003093719482
645, 20, 0.4106539785861969, 0.5132362842559814, -0.1601356714963913, 0.8932796716690063
645, 21, 0.5032798647880554, 0.4766324758529663, -0.16613060235977173, 0.6880972981452942
645, 22, 0.4152965545654297, 0.5067296624183655, -0.13778802752494812, 0.8530792593955994
645, 23, 0.4815429747104645, 0.34710249304771423, -0.004391685593873262, 0.9549976587295532
645, 24, 0.44781821966171265, 0.33634963631629944, 0.004237172659486532, 0.949597954750061
645, 25, 0.485957533121109, 0.43118804693222046, 0.1027909517288208, 0.040128204971551895
645, 26, 0.44593238830566406, 0.4257577359676361, 0.10756953060626984, 0.04872824624180794
645, 27, 0.4928538203239441, 0.4284938871860504, 0.28096556663513184, 0.0762047991156578
645, 28, 0.4568069875240326, 0.4223034381866455, 0.28531569242477417, 0.042842935770750046
645, 29, 0.49373307824134827, 0.4234115481376648, 0.3002360761165619, 0.055763307958841324
645, 30, 0.4589892029762268, 0.41965070366859436, 0.3047400116920471, 0.03716737776994705
645, 31, 0.49358025193214417, 0.4500982165336609, 0.30034711956977844, 0.06471136212348938
645, 32, 0.45807504653930664, 0.4348014295101166, 0.30534815788269043, 0.04008960723876953
646, 0, 0.4432094991207123, 0.43872514367103577, -0.20261316001415253, 0.9606997966766357
646, 1, 0.4473021626472473, 0.43109866976737976, -0.21018972992897034, 0.9684827327728271
646, 2, 0.45016688108444214, 0.43080058693885803, -0.2102012187242508, 0.9603424072265625
646, 3, 0.4530043601989746, 0.4304382801055908, -0.2102392017841339, 0.9283050298690796
646, 4, 0.43875017762184143, 0.4305901527404785, -0.21121029555797577, 0.9823678731918335
646, 5, 0.43593209981918335, 0.4301240146160126, -0.2112640142440796, 0.9849634766578674
646, 6, 0.43310171365737915, 0.4295881390571594, -0.2113354653120041, 0.9843931794166565
646, 7, 0.4595181941986084, 0.42290690541267395, -0.19384156167507172, 0.9117307066917419
646, 8, 0.4289475381374359, 0.4200764000415802, -0.19783443212509155, 0.9883401393890381
646, 9, 0.44874507188796997, 0.43755534291267395, -0.19045929610729218, 0.9450100064277649
646, 10, 0.4393799901008606, 0.43724051117897034, -0.19172820448875427, 0.9708135724067688
646, 11, 0.4821179509162903, 0.41688182950019836, -0.13570554554462433, 0.9733428359031677
646, 12, 0.4100830554962158, 0.41287142038345337, -0.14877279102802277, 0.9903103709220886
646, 13, 0.49658769369125366, 0.43412327766418457, -0.09604109823703766, 0.9205375909805298
646, 14, 0.38964635133743286, 0.44317197799682617, -0.09891562163829803, 0.7921192049980164
646, 15, 0.4979075491428375, 0.4503544569015503, -0.0928695797920227, 0.7585920691490173
646, 16, 0.4005950391292572, 0.4839000701904297, -0.0669325590133667, 0.8351633548736572
646, 17, 0.5031186938285828, 0.4528275728225708, -0.10220982879400253, 0.6521695256233215
646, 18, 0.39932605624198914, 0.4931257367134094, -0.07341475039720535, 0.7967715859413147
646, 19, 0.49700823426246643, 0.451156347990036, -0.10505618155002594, 0.6354053020477295
646, 20, 0.4075258672237396, 0.4893091022968292, -0.07798409461975098, 0.787980854511261
646, 21, 0.49284568428993225, 0.449370801448822, -0.09403957426548004, 0.45180293917655945
646, 22, 0.41048651933670044, 0.4860835075378418, -0.06743181496858597, 0.7514793872833252
646, 23, 0.4671383798122406, 0.36784571409225464, 0.0008919808897189796, 0.9977198243141174
646, 24, 0.4335177540779114, 0.35978153347969055, -0.0009702907991595566, 0.9965881109237671
646, 25, 0.4722244143486023, 0.42457106709480286, 0.10733406245708466, 0.12455923110246658
646, 26, 0.4305519163608551, 0.42228859663009644, 0.09499146044254303, 0.08969412744045258
646, 27, 0.47264203429222107, 0.4172723591327667, 0.2611204981803894, 0.16061611473560333
646, 28, 0.4375205934047699, 0.4251983165740967, 0.2589963674545288, 0.06183623895049095
646, 29, 0.47233763337135315, 0.4120462238788605, 0.2787800133228302, 0.13716256618499756
646, 30, 0.4386855959892273, 0.4208526611328125, 0.277395099401474, 0.06384903192520142
646, 31, 0.47360357642173767, 0.4354044497013092, 0.2885410189628601, 0.03184054419398308
646, 32, 0.4400233328342438, 0.4459396302700043, 0.28804337978363037, 0.017969517037272453
647, 0, 0.4424799084663391, 0.46696937084198, -0.12866045534610748, 0.9813466668128967
647, 1, 0.44615262746810913, 0.4675874412059784, -0.14033648371696472, 0.9826840758323669
647, 2, 0.4483403265476227, 0.4682270586490631, -0.14037179946899414, 0.9813244938850403
647, 3, 0.450507253408432, 0.4687730669975281, -0.14040423929691315, 0.9672383666038513
647, 4, 0.4397255480289459, 0.4648541808128357, -0.1397877186536789, 0.9928175210952759
647, 5, 0.43758291006088257, 0.46358007192611694, -0.13983552157878876, 0.9948964715003967
647, 6, 0.4354012608528137, 0.46220922470092773, -0.13989922404289246, 0.9931789636611938
647, 7, 0.45547643303871155, 0.46206164360046387, -0.15231633186340332, 0.9603171944618225
647, 8, 0.4323747754096985, 0.4517057538032532, -0.14876148104667664, 0.9957343935966492
647, 9, 0.44581490755081177, 0.46320614218711853, -0.1277288794517517, 0.9712652564048767
647, 10, 0.4389544129371643, 0.4604119062423706, -0.12682248651981354, 0.9841529726982117
647, 11, 0.47347506880760193, 0.445107102394104, -0.12017127126455307, 0.9839873313903809
647, 12, 0.4204583764076233, 0.4224182963371277, -0.1235029548406601, 0.997286319732666
647, 13, 0.49061816930770874, 0.46210020780563354, -0.08215118199586868, 0.9608398079872131
647, 14, 0.40099865198135376, 0.41898679733276367, -0.07781799137592316, 0.8101800084114075
647, 15, 0.492281436920166, 0.4801693260669708, -0.06896062195301056, 0.9629254937171936
647, 16, 0.40871304273605347, 0.44215673208236694, -0.05526188015937805, 0.9337071180343628
647, 17, 0.49615710973739624, 0.4883255362510681, -0.07808571308851242, 0.9634976983070374
647, 18, 0.4090402126312256, 0.44750916957855225, -0.06433611363172531, 0.911193311214447
647, 19, 0.4923947751522064, 0.4864557087421417, -0.08140775561332703, 0.960798978805542
647, 20, 0.41321665048599243, 0.4519349932670593, -0.06912226974964142, 0.8966607451438904
647, 21, 0.4896562993526459, 0.4822016954421997, -0.07015310227870941, 0.8929332494735718
647, 22, 0.41498032212257385, 0.45049721002578735, -0.05670015141367912, 0.8863400816917419
647, 23, 0.4634619355201721, 0.37635722756385803, 0.002487307647243142, 0.9989849925041199
647, 24, 0.43952637910842896, 0.3688124418258667, -0.0025507283862680197, 0.9987961053848267
647, 25, 0.4653356671333313, 0.41977742314338684, 0.10508718341588974, 0.06299962103366852
647, 26, 0.4356227517127991, 0.4240874946117401, 0.1159323900938034, 0.08498436212539673
647, 27, 0.4682229161262512, 0.4138672649860382, 0.24092741310596466, 0.2968096435070038
647, 28, 0.43502283096313477, 0.4226187765598297, 0.24325701594352722, 0.22235888242721558
647, 29, 0.46806806325912476, 0.4106869697570801, 0.2564752995967865, 0.4113152325153351
647, 30, 0.43457430601119995, 0.4197545051574707, 0.25724542140960693, 0.3823820948600769
647, 31, 0.46988335251808167, 0.4235500693321228, 0.26187795400619507, 0.015497586689889431
647, 32, 0.43578091263771057, 0.4315195679664612, 0.2603863775730133, 0.018791217356920242
648, 0, 0.4496707320213318, 0.4242343604564667, -0.11505589634180069, 0.9530921578407288
648, 1, 0.448036253452301, 0.42844268679618835, -0.11868537962436676, 0.9576398134231567
648, 2, 0.44741564989089966, 0.4284583330154419, -0.11869408190250397, 0.9515116810798645
648, 3, 0.44679969549179077, 0.4284321963787079, -0.1187891960144043, 0.9612839818000793
648, 4, 0.450171560049057, 0.42888814210891724, -0.12002923339605331, 0.9604251980781555
648, 5, 0.45079126954078674, 0.42913076281547546, -0.12008712440729141, 0.9538183212280273
648, 6, 0.45141321420669556, 0.42936328053474426, -0.12012936174869537, 0.9576281309127808
648, 7, 0.44648265838623047, 0.42864227294921875, -0.10660137236118317, 0.9653261303901672
648, 8, 0.45337000489234924, 0.4297458231449127, -0.11273764073848724, 0.9685366153717041
648, 9, 0.44972020387649536, 0.4207990765571594, -0.10666815936565399, 0.9686972498893738
648, 10, 0.45155781507492065, 0.42134201526641846, -0.1086060181260109, 0.9665765762329102
648, 11, 0.4427720010280609, 0.42513468861579895, -0.08566894382238388, 0.9993622899055481
648, 12, 0.4644239544868469, 0.4271215796470642, -0.078150674700737, 0.9986710548400879
648, 13, 0.42550116777420044, 0.403258740901947, -0.058679647743701935, 0.5225586891174316
648, 14, 0.490536630153656, 0.4373154640197754, -0.049965087324380875, 0.7573868632316589
648, 15, 0.42782729864120483, 0.3600068688392639, -0.05622764304280281, 0.6608344912528992
648, 16, 0.4900621473789215, 0.44342344999313354, -0.04531531408429146, 0.722392201423645
648, 17, 0.4258337616920471, 0.35212191939353943, -0.062062062323093414, 0.5317357182502747
648, 18, 0.491280734539032, 0.44917982816696167, -0.05017878860235214, 0.6065817475318909
648, 19, 0.430584579706192, 0.35278284549713135, -0.06758926063776016, 0.5641432404518127
648, 20, 0.48854270577430725, 0.4488438367843628, -0.05227479338645935, 0.624549150466919
648, 21, 0.4318299889564514, 0.35446906089782715, -0.057698022574186325, 0.4968372583389282
648, 22, 0.4876779019832611, 0.44549065828323364, -0.04580476135015488, 0.5799219608306885
648, 23, 0.45260509848594666, 0.3767379820346832, -0.0056090508587658405, 0.9973465204238892
648, 24, 0.459062397480011, 0.37778523564338684, 0.005497052799910307, 0.9989965558052063
648, 25, 0.46890830993652344, 0.44631755352020264, 0.09217453002929688, 0.15312476456165314
648, 26, 0.4660572409629822, 0.44626373052597046, 0.09658211469650269, 0.10892336070537567
648, 27, 0.48010507225990295, 0.4519428312778473, 0.20630311965942383, 0.2211795151233673
648, 28, 0.4825546145439148, 0.45524850487709045, 0.19530899822711945, 0.14225900173187256
648, 29, 0.4826386868953705, 0.44792258739471436, 0.21878142654895782, 0.3032674193382263
648, 30, 0.4836452007293701, 0.4532967805862427, 0.2062835991382599, 0.1378302425146103
648, 31, 0.4834904074668884, 0.4694586992263794, 0.2157125025987625, 0.15840047597885132
648, 32, 0.4896983504295349, 0.46999016404151917, 0.2016565501689911, 0.09722089022397995
649, 0, 0.45064982771873474, 0.4352629482746124, -0.04101814702153206, 0.9711911082267761
649, 1, 0.45059290528297424, 0.44064900279045105, -0.04414362460374832, 0.9527834057807922
649, 2, 0.45042237639427185, 0.4411642849445343, -0.0441664457321167, 0.9536245465278625
649, 3, 0.45024651288986206, 0.44162511825561523, -0.04424985125660896, 0.9519423246383667
649, 4, 0.45116090774536133, 0.43962666392326355, -0.045101117342710495, 0.9699296355247498
649, 5, 0.4513236880302429, 0.43933796882629395, -0.04510798677802086, 0.9720289707183838
649, 6, 0.4514467120170593, 0.4390392005443573, -0.04514187574386597, 0.9601624608039856
649, 7, 0.45065993070602417, 0.4414154589176178, -0.04546676203608513, 0.9627095460891724
649, 8, 0.4523771405220032, 0.4372638165950775, -0.04889816790819168, 0.9849832653999329
649, 9, 0.45071840286254883, 0.4317234754562378, -0.039019085466861725, 0.9806475043296814
649, 10, 0.4513237476348877, 0.430611252784729, -0.040076836943626404, 0.9816293716430664
649, 11, 0.44822078943252563, 0.43282923102378845, -0.04895568639039993, 0.9998544454574585
649, 12, 0.451681911945343, 0.4225549101829529, -0.029370788484811783, 0.9990636706352234
649, 13, 0.43930110335350037, 0.39405107498168945, -0.03690825030207634, 0.43546411395072937
649, 14, 0.4604004919528961, 0.39871588349342346, -0.006158823147416115, 0.12559661269187927
649, 15, 0.44509902596473694, 0.36274486780166626, -0.048916663974523544, 0.5669047236442566
649, 16, 0.456763356924057, 0.37617921829223633, 0.009027223102748394, 0.17806443572044373
649, 17, 0.44528207182884216, 0.3574068248271942, -0.0566306933760643, 0.5034434795379639
649, 18, 0.4562097489833832, 0.371150940656662, 0.008627107366919518, 0.1684029996395111
649, 19, 0.44745272397994995, 0.36234837770462036, -0.054814208298921585, 0.5295361280441284
649, 20, 0.455693781375885, 0.3749661445617676, 0.007090169005095959, 0.16703428328037262
649, 21, 0.44734257459640503, 0.3632020652294159, -0.048320990055799484, 0.5246917605400085
649, 22, 0.45552873611450195, 0.37757378816604614, 0.008880999870598316, 0.16451485455036163
649, 23, 0.4586326479911804, 0.38206443190574646, -0.010416175238788128, 0.9997298121452332
649, 24, 0.4572629928588867, 0.37926214933395386, 0.010269287042319775, 0.9997411370277405
649, 25, 0.4790942668914795, 0.4615583121776581, 0.05733061581850052, 0.4993364214897156
649, 26, 0.46527618169784546, 0.4587380588054657, 0.07239033281803131, 0.2378205806016922
649, 27, 0.4967663288116455, 0.5152641534805298, 0.13237226009368896, 0.6860299110412598
649, 28, 0.4865570068359375, 0.5117707252502441, 0.14343538880348206, 0.4996325671672821
649, 29, 0.4997507631778717, 0.5169967412948608, 0.14082947373390198, 0.6690894365310669
649, 30, 0.4894178509712219, 0.514362096786499, 0.15071475505828857, 0.5196096301078796
649, 31, 0.49836593866348267, 0.5448099374771118, 0.12931643426418304, 0.443981796503067
649, 32, 0.4912978708744049, 0.5380629301071167, 0.13935713469982147, 0.3227640390396118
650, 0, 0.45471566915512085, 0.437026709318161, -0.18973460793495178, 0.9893402457237244
650, 1, 0.4559449553489685, 0.4328937232494354, -0.1929205358028412, 0.9903849363327026
650, 2, 0.45741015672683716, 0.43302103877067566, -0.19291824102401733, 0.986160397529602
650, 3, 0.4588446021080017, 0.4331243634223938, -0.19297096133232117, 0.9839509725570679
650, 4, 0.4511445164680481, 0.43170779943466187, -0.19166770577430725, 0.9950196743011475
650, 5, 0.4494081437587738, 0.4312572777271271, -0.19171640276908875, 0.9944909811019897
650, 6, 0.44769495725631714, 0.43081164360046387, -0.19176346063613892, 0.9948267340660095
650, 7, 0.4608105719089508, 0.42917031049728394, -0.16947872936725616, 0.9801573157310486
650, 8, 0.4439420700073242, 0.4243655204772949, -0.16358906030654907, 0.997052788734436
650, 9, 0.457630455493927, 0.4353940188884735, -0.17684511840343475, 0.9871928691864014
650, 10, 0.4522170424461365, 0.43436986207962036, -0.17526686191558838, 0.9914878606796265
650, 11, 0.47152623534202576, 0.4227888882160187, -0.11683188378810883, 0.9953194260597229
650, 12, 0.4319492280483246, 0.4136371910572052, -0.10980353504419327, 0.998515784740448
650, 13, 0.4731179177761078, 0.4089047610759735, -0.07858280837535858, 0.2682245373725891
650, 14, 0.4249722361564636, 0.3902042508125305, -0.06334785372018814, 0.36842867732048035
650, 15, 0.4750767648220062, 0.41269129514694214, -0.06713017076253891, 0.7244375348091125
650, 16, 0.42780476808547974, 0.3692537546157837, -0.04341135546565056, 0.6534087657928467
650, 17, 0.4787026047706604, 0.4152885377407074, -0.07342639565467834, 0.7280871868133545
650, 18, 0.4271061420440674, 0.3635362386703491, -0.0485195629298687, 0.6906649470329285
650, 19, 0.47432059049606323, 0.41749605536460876, -0.07841169089078903, 0.7444239258766174
650, 20, 0.43032675981521606, 0.36465686559677124, -0.05127205699682236, 0.692447304725647
650, 21, 0.4709857106208801, 0.41531816124916077, -0.06831534951925278, 0.6238743662834167
650, 22, 0.4317708909511566, 0.36636921763420105, -0.04347294941544533, 0.6279818415641785
650, 23, 0.4688343405723572, 0.36165139079093933, -0.006302261259406805, 0.996036946773529
650, 24, 0.4484967291355133, 0.36150819063186646, 0.006213172804564238, 0.9956936836242676
650, 25, 0.482297420501709, 0.4242558479309082, 0.0719321146607399, 0.29525309801101685
650, 26, 0.4521676003932953, 0.42703208327293396, 0.09503595530986786, 0.0712127536535263
650, 27, 0.4899917244911194, 0.4350182116031647, 0.18607757985591888, 0.337093710899353
650, 28, 0.44774308800697327, 0.4356752634048462, 0.20198337733745575, 0.11188139021396637
650, 29, 0.49035215377807617, 0.43348732590675354, 0.19774103164672852, 0.2832747995853424
650, 30, 0.4467853605747223, 0.4356810748577118, 0.21309015154838562, 0.07630444318056107
650, 31, 0.4927757680416107, 0.45692092180252075, 0.19225545227527618, 0.21249035000801086
650, 32, 0.45060044527053833, 0.45062991976737976, 0.2111610621213913, 0.0787758156657219
651, 0, 0.4527668356895447, 0.43896129727363586, -0.20799079537391663, 0.9946454763412476
651, 1, 0.454143226146698, 0.43640169501304626, -0.212741881608963, 0.9968844056129456
651, 2, 0.4554499685764313, 0.4363989531993866, -0.21273021399974823, 0.9953024387359619
651, 3, 0.45676279067993164, 0.4363555908203125, -0.21273986995220184, 0.9953072667121887
651, 4, 0.4501760005950928, 0.435624361038208, -0.21288886666297913, 0.9977883100509644
651, 5, 0.44885486364364624, 0.43532663583755493, -0.21294625103473663, 0.9972291588783264
651, 6, 0.4475284516811371, 0.4350212812423706, -0.21295328438282013, 0.9976473450660706
651, 7, 0.45979586243629456, 0.42932814359664917, -0.1881551742553711, 0.9871218800544739
651, 8, 0.4450445771217346, 0.4263896048069, -0.18881618976593018, 0.9976831674575806
651, 9, 0.45552390813827515, 0.4359486997127533, -0.19352199137210846, 0.9927858710289001
651, 10, 0.451332151889801, 0.435234397649765, -0.19365254044532776, 0.9952495098114014
651, 11, 0.47366517782211304, 0.4190801978111267, -0.12440477311611176, 0.9928699135780334
651, 12, 0.4312230944633484, 0.40892934799194336, -0.13120074570178986, 0.9964644908905029
651, 13, 0.46995124220848083, 0.4396551251411438, -0.0845450684428215, 0.4033125042915344
651, 14, 0.42727145552635193, 0.4293067455291748, -0.07657778263092041, 0.5834476351737976
651, 15, 0.4646522104740143, 0.4518298804759979, -0.09776831418275833, 0.5073003172874451
651, 16, 0.43691325187683105, 0.45561933517456055, -0.05771972984075546, 0.8051955103874207
651, 17, 0.46594101190567017, 0.45731180906295776, -0.11277935653924942, 0.4281408488750458
651, 18, 0.4351850152015686, 0.4636414051055908, -0.06894469261169434, 0.7351996898651123
651, 19, 0.46137872338294983, 0.45643293857574463, -0.12126181274652481, 0.44902727007865906
651, 20, 0.4417960047721863, 0.4641038179397583, -0.07773169875144958, 0.7398062348365784
651, 21, 0.4597139358520508, 0.4534223675727844, -0.10253113508224487, 0.40675824880599976
651, 22, 0.44418734312057495, 0.4600816071033478, -0.06077880784869194, 0.7184649109840393
651, 23, 0.47775086760520935, 0.3454774022102356, -0.003937223460525274, 0.9909284710884094
651, 24, 0.4537855088710785, 0.34168487787246704, 0.003889514598995447, 0.9914798736572266
651, 25, 0.49151283502578735, 0.43015748262405396, 0.08614569902420044, 0.11314819753170013
651, 26, 0.45467227697372437, 0.4244024455547333, 0.08812330663204193, 0.0789242535829544
651, 27, 0.49387210607528687, 0.45747286081314087, 0.2264973670244217, 0.1272142082452774
651, 28, 0.46006497740745544, 0.45124512910842896, 0.2267296314239502, 0.07448580861091614
651, 29, 0.4945071339607239, 0.4534617066383362, 0.24080920219421387, 0.09578277915716171
651, 30, 0.46124544739723206, 0.44867947697639465, 0.24167270958423615, 0.05734588950872421
651, 31, 0.49354082345962524, 0.4925953447818756, 0.22572465240955353, 0.21181774139404297
651, 32, 0.46128907799720764, 0.47952353954315186, 0.23037151992321014, 0.12396496534347534
652, 0, 0.45317283272743225, 0.43443819880485535, -0.23452910780906677, 0.9949729442596436
652, 1, 0.4562813639640808, 0.4261295795440674, -0.2372153252363205, 0.9934414625167847
652, 2, 0.4585021436214447, 0.42579978704452515, -0.2372332364320755, 0.9944933652877808
652, 3, 0.4607090353965759, 0.4253529906272888, -0.23727531731128693, 0.9903039336204529
652, 4, 0.4495207667350769, 0.4250633716583252, -0.23687691986560822, 0.9951221346855164
652, 5, 0.447483628988266, 0.4243074953556061, -0.23693111538887024, 0.9966081380844116
652, 6, 0.44544562697410583, 0.42352625727653503, -0.2369517982006073, 0.9954360127449036
652, 7, 0.466060072183609, 0.41416460275650024, -0.2057536095380783, 0.9781157374382019
652, 8, 0.4425632953643799, 0.41118308901786804, -0.20324766635894775, 0.995299220085144
652, 9, 0.4580589830875397, 0.43196189403533936, -0.21730312705039978, 0.9854422807693481
652, 10, 0.4510290026664734, 0.4306880235671997, -0.21646666526794434, 0.9873536825180054
652, 11, 0.4876282811164856, 0.40552031993865967, -0.14305800199508667, 0.9682811498641968
652, 12, 0.4276501536369324, 0.3977472186088562, -0.14771786332130432, 0.9717165231704712
652, 13, 0.5016209483146667, 0.45849138498306274, -0.13419468700885773, 0.8962476253509521
652, 14, 0.4153400957584381, 0.45515578985214233, -0.13812878727912903, 0.960063636302948
652, 15, 0.4963112771511078, 0.47186824679374695, -0.17308659851551056, 0.9449474215507507
652, 16, 0.44383400678634644, 0.49577122926712036, -0.15690486133098602, 0.9407097697257996
652, 17, 0.49430322647094727, 0.48181039094924927, -0.18820658326148987, 0.8315805792808533
652, 18, 0.4440736174583435, 0.5154933333396912, -0.1726730316877365, 0.8322992324829102
652, 19, 0.4892147481441498, 0.4772387742996216, -0.18807542324066162, 0.8029756546020508
652, 20, 0.4532622694969177, 0.5067505240440369, -0.17445406317710876, 0.8035404086112976
652, 21, 0.48900070786476135, 0.4739832878112793, -0.17408783733844757, 0.7240342497825623
652, 22, 0.45499128103256226, 0.4991326332092285, -0.15773367881774902, 0.7887744903564453
652, 23, 0.4846316874027252, 0.3346213698387146, -0.0032276231795549393, 0.9822251200675964
652, 24, 0.4532901346683502, 0.3274579644203186, 0.003125180257484317, 0.9714510440826416
652, 25, 0.4933944344520569, 0.4065181612968445, 0.09594408422708511, 0.03418326750397682
652, 26, 0.4568595886230469, 0.4083065390586853, 0.10148827731609344, 0.0394681915640831
652, 27, 0.4997801184654236, 0.42455238103866577, 0.2539549767971039, 0.0650421530008316
652, 28, 0.45695582032203674, 0.42435047030448914, 0.24988774955272675, 0.02874395065009594
652, 29, 0.5005598664283752, 0.42276731133461, 0.2711648941040039, 0.09674089401960373
652, 30, 0.4569060802459717, 0.4237965941429138, 0.26656574010849, 0.07443331927061081
652, 31, 0.5045167803764343, 0.44295790791511536, 0.2796802222728729, 0.11421020328998566
652, 32, 0.46238550543785095, 0.43753430247306824, 0.2760498523712158, 0.07721178978681564
653, 0, 0.4493398070335388, 0.4353700876235962, -0.18513064086437225, 0.980277955532074
653, 1, 0.45169758796691895, 0.4357960522174835, -0.18873488903045654, 0.9758709073066711
653, 2, 0.45331278443336487, 0.4366471469402313, -0.18878430128097534, 0.9586701989173889
653, 3, 0.4549184739589691, 0.4374277889728546, -0.18884360790252686, 0.9520880579948425
653, 4, 0.4467107653617859, 0.4330797791481018, -0.1873369663953781, 0.9926940202713013
653, 5, 0.44491857290267944, 0.4320707619190216, -0.1873708963394165, 0.9904223680496216
653, 6, 0.44311052560806274, 0.4310794770717621, -0.18746179342269897, 0.991127073764801
653, 7, 0.4575878977775574, 0.43463021516799927, -0.17256495356559753, 0.8954099416732788
653, 8, 0.43963903188705444, 0.4242504835128784, -0.1651216298341751, 0.9934056997299194
653, 9, 0.45154422521591187, 0.4343680441379547, -0.17492875456809998, 0.9487276077270508
653, 10, 0.4458361566066742, 0.4315769672393799, -0.17285050451755524, 0.9747108221054077
653, 11, 0.4723418354988098, 0.42809122800827026, -0.13324472308158875, 0.9680411219596863
653, 12, 0.4278385043144226, 0.41081517934799194, -0.12328580766916275, 0.9862781167030334
653, 13, 0.49393710494041443, 0.43220657110214233, -0.13514670729637146, 0.9917088150978088
653, 14, 0.42078790068626404, 0.3842206597328186, -0.10993266105651855, 0.3975151479244232
653, 15, 0.5132516622543335, 0.4444900453090668, -0.1592969000339508, 0.9866921305656433
653, 16, 0.4235801100730896, 0.35344162583351135, -0.11515279114246368, 0.695772647857666
653, 17, 0.5209066271781921, 0.4518319368362427, -0.17427471280097961, 0.9710569977760315
653, 18, 0.42306679487228394, 0.34800127148628235, -0.12700222432613373, 0.599208414554596
653, 19, 0.5179067254066467, 0.45581910014152527, -0.17234589159488678, 0.9690622687339783
653, 20, 0.42611628770828247, 0.3480696380138397, -0.12964974343776703, 0.5621703863143921
653, 21, 0.5131975412368774, 0.45129895210266113, -0.1593712866306305, 0.887698233127594
653, 22, 0.4279091954231262, 0.3504629135131836, -0.11643092334270477, 0.4879699945449829
653, 23, 0.46785539388656616, 0.37088340520858765, -0.0016094694146886468, 0.9977841973304749
653, 24, 0.4438748359680176, 0.3684863746166229, 0.0014387465780600905, 0.9939352869987488
653, 25, 0.4795548915863037, 0.43535685539245605, 0.08366174250841141, 0.1405811458826065
653, 26, 0.441561222076416, 0.43747007846832275, 0.0877574160695076, 0.1256817877292633
653, 27, 0.49165910482406616, 0.44798633456230164, 0.19609858095645905, 0.33282986283302307
653, 28, 0.4454048275947571, 0.4530787169933319, 0.19814985990524292, 0.14538586139678955
653, 29, 0.49252939224243164, 0.44858691096305847, 0.20854826271533966, 0.26200440526008606
653, 30, 0.44482001662254333, 0.45217713713645935, 0.21000798046588898, 0.17872974276542664
653, 31, 0.4976227879524231, 0.46424585580825806, 0.20701733231544495, 0.04577969014644623
653, 32, 0.44934362173080444, 0.4668178856372833, 0.2094171792268753, 0.031671423465013504
654, 0, 0.4480246603488922, 0.4384289085865021, -0.14992396533489227, 0.9773572087287903
654, 1, 0.45113086700439453, 0.43570831418037415, -0.1568743884563446, 0.9794715642929077
654, 2, 0.45333513617515564, 0.43629083037376404, -0.15689222514629364, 0.9704363346099854
654, 3, 0.45551881194114685, 0.4368123412132263, -0.15690994262695312, 0.955142617225647
654, 4, 0.4444289803504944, 0.4331526756286621, -0.1568344086408615, 0.9931702613830566
654, 5, 0.4421002268791199, 0.43206650018692017, -0.15687718987464905, 0.9939565658569336
654, 6, 0.4397607445716858, 0.4309183359146118, -0.1569439321756363, 0.9936730861663818
654, 7, 0.4599944055080414, 0.43174251914024353, -0.1500946581363678, 0.9281269311904907
654, 8, 0.43593281507492065, 0.42212024331092834, -0.14924922585487366, 0.9971979856491089
654, 9, 0.45185351371765137, 0.43711644411087036, -0.14256998896598816, 0.9757266640663147
654, 10, 0.44434937834739685, 0.43434080481529236, -0.14235420525074005, 0.989180326461792
654, 11, 0.4791639447212219, 0.4254258871078491, -0.10705746710300446, 0.9894112944602966
654, 12, 0.41851210594177246, 0.404755562543869, -0.1072976142168045, 0.9947789907455444
654, 13, 0.4926427900791168, 0.4359242022037506, -0.08872023224830627, 0.9513285756111145
654, 14, 0.40916499495506287, 0.40155935287475586, -0.05957992002367973, 0.271990031003952
654, 15, 0.5056312084197998, 0.4571465253829956, -0.1021370142698288, 0.9804286360740662
654, 16, 0.42309969663619995, 0.41873055696487427, -0.028593558818101883, 0.6148156523704529
654, 17, 0.5114301443099976, 0.4658522605895996, -0.11291609704494476, 0.9693933129310608
654, 18, 0.4220496118068695, 0.424471378326416, -0.0327768474817276, 0.6005045771598816
654, 19, 0.506865918636322, 0.4676920473575592, -0.11309746652841568, 0.9633841514587402
654, 20, 0.42893490195274353, 0.42665761709213257, -0.0374196320772171, 0.5685849785804749
654, 21, 0.5029151439666748, 0.4636152386665344, -0.10275334119796753, 0.9059793949127197
654, 22, 0.43150943517684937, 0.42464354634284973, -0.02934170700609684, 0.5589149594306946
654, 23, 0.4715260863304138, 0.3707848787307739, -0.0002325503883184865, 0.9991323351860046
654, 24, 0.4408242106437683, 0.3591313362121582, 9.511018288321793e-05, 0.9967239499092102
654, 25, 0.48810380697250366, 0.43545112013816833, 0.07226753234863281, 0.3693176805973053
654, 26, 0.43841424584388733, 0.4319343566894531, 0.06934309750795364, 0.08752576261758804
654, 27, 0.501196026802063, 0.4380965232849121, 0.1831449568271637, 0.6075349450111389
654, 28, 0.44069328904151917, 0.4346511960029602, 0.18778058886528015, 0.12087205797433853
654, 29, 0.5018758773803711, 0.4359639585018158, 0.19581441581249237, 0.5217829346656799
654, 30, 0.439470112323761, 0.4312841594219208, 0.20069248974323273, 0.16911092400550842
654, 31, 0.5077722072601318, 0.45329713821411133, 0.1996239423751831, 0.10217707604169846
654, 32, 0.4457678198814392, 0.44902005791664124, 0.20594438910484314, 0.0306110717356205
655, 0, 0.43934011459350586, 0.44602081179618835, -0.15102051198482513, 0.9670262932777405
655, 1, 0.4432435929775238, 0.4436089098453522, -0.15814849734306335, 0.9755527377128601
655, 2, 0.44523096084594727, 0.4450027346611023, -0.1581832766532898, 0.9762575030326843
655, 3, 0.44720491766929626, 0.44632893800735474, -0.15822498500347137, 0.9580664038658142
655, 4, 0.4374998211860657, 0.4380680024623871, -0.15806347131729126, 0.9883736371994019
655, 5, 0.43580466508865356, 0.43580687046051025, -0.15810608863830566, 0.9915115237236023
655, 6, 0.4340929388999939, 0.4334832429885864, -0.15813513100147247, 0.9879064559936523
655, 7, 0.4538775384426117, 0.4418938457965851, -0.15306693315505981, 0.9582274556159973
655, 8, 0.43348827958106995, 0.4220219552516937, -0.15179996192455292, 0.9953514337539673
655, 9, 0.4438619017601013, 0.446108341217041, -0.1442595273256302, 0.9734567999839783
655, 10, 0.4375857412815094, 0.44023239612579346, -0.14392094314098358, 0.984876275062561
655, 11, 0.473186731338501, 0.4435122609138489, -0.10659231245517731, 0.9958691000938416
655, 12, 0.42518845200538635, 0.39486515522003174, -0.10434149205684662, 0.9947033524513245
655, 13, 0.48059481382369995, 0.44648101925849915, -0.055857103317976, 0.7012364268302917
655, 14, 0.41999635100364685, 0.38397249579429626, -0.04195548593997955, 0.6013720035552979
655, 15, 0.4804898798465729, 0.4633729159832001, -0.03011344000697136, 0.8457784056663513
655, 16, 0.4264954626560211, 0.4154096841812134, 0.0038359821774065495, 0.7408303022384644
655, 17, 0.4830685257911682, 0.4693237245082855, -0.033655837178230286, 0.8866194486618042
655, 18, 0.4250374734401703, 0.4203609824180603, 0.0036841288674622774, 0.7579953074455261
655, 19, 0.4800454080104828, 0.4672587811946869, -0.03808870539069176, 0.8706064224243164
655, 20, 0.42976608872413635, 0.42525073885917664, -0.001348962658084929, 0.7132611870765686
655, 21, 0.4773060381412506, 0.46340101957321167, -0.030734723433852196, 0.767091691493988
655, 22, 0.43161410093307495, 0.4247262179851532, 0.0035300590097904205, 0.7299208641052246
655, 23, 0.4731377065181732, 0.38424840569496155, 0.0020344669464975595, 0.9997132420539856
655, 24, 0.44826236367225647, 0.36131128668785095, -0.0019729568157345057, 0.9994903802871704
655, 25, 0.488013356924057, 0.4430619180202484, 0.059914328157901764, 0.5911499261856079
655, 26, 0.434701144695282, 0.41573023796081543, 0.05998115614056587, 0.17820113897323608
655, 27, 0.5015551447868347, 0.45403674244880676, 0.169339120388031, 0.6981329917907715
655, 28, 0.43051886558532715, 0.41517841815948486, 0.17383481562137604, 0.3023003339767456
655, 29, 0.5030562281608582, 0.4529714286327362, 0.18224190175533295, 0.7281461358070374
655, 30, 0.429269403219223, 0.4114225506782532, 0.1865922212600708, 0.32008686661720276
655, 31, 0.5055075883865356, 0.4676499664783478, 0.1858232617378235, 0.11412719637155533
655, 32, 0.43158286809921265, 0.4285246431827545, 0.19232472777366638, 0.049520254135131836
656, 0, 0.4409541189670563, 0.45562803745269775, -0.11158496141433716, 0.9874809384346008
656, 1, 0.44408780336380005, 0.4566863179206848, -0.11965849250555038, 0.9930000305175781
656, 2, 0.4457399249076843, 0.458030104637146, -0.11967991292476654, 0.9914395809173584
656, 3, 0.44738999009132385, 0.4593251049518585, -0.1197161078453064, 0.9860376715660095
656, 4, 0.43937093019485474, 0.451681911945343, -0.11958779394626617, 0.997439980506897
656, 5, 0.43797531723976135, 0.4496818482875824, -0.11963902413845062, 0.9977363348007202
656, 6, 0.4365556836128235, 0.44763320684432983, -0.11968894302845001, 0.9972805976867676
656, 7, 0.45322203636169434, 0.45527949929237366, -0.1253701001405716, 0.9868435263633728
656, 8, 0.4363466203212738, 0.4372265338897705, -0.12443415820598602, 0.999076247215271
656, 9, 0.44475260376930237, 0.45377689599990845, -0.10933152586221695, 0.9911065697669983
656, 10, 0.4397374093532562, 0.44856029748916626, -0.109067901968956, 0.9958640336990356
656, 11, 0.47313395142555237, 0.4498499929904938, -0.09384036809206009, 0.9981030225753784
656, 12, 0.4277481138706207, 0.40300843119621277, -0.09118545800447464, 0.999512791633606
656, 13, 0.4848719537258148, 0.442173033952713, -0.04820795729756355, 0.6364226341247559
656, 14, 0.4242011606693268, 0.3779052197933197, -0.03641550615429878, 0.7545551061630249
656, 15, 0.4819994866847992, 0.45423227548599243, -0.014165115542709827, 0.6859146952629089
656, 16, 0.4257742762565613, 0.3926362693309784, 0.003093194216489792, 0.8029893636703491
656, 17, 0.48469406366348267, 0.4585413336753845, -0.016124391928315163, 0.7607374787330627
656, 18, 0.4246505796909332, 0.39215490221977234, 0.0016570377629250288, 0.8269659876823425
656, 19, 0.4807364046573639, 0.4580000042915344, -0.021129392087459564, 0.738659679889679
656, 20, 0.42714428901672363, 0.39888790249824524, -0.0028731583151966333, 0.8016608357429504
656, 21, 0.4781253933906555, 0.4544844329357147, -0.014853457920253277, 0.6294243931770325
656, 22, 0.428794801235199, 0.4002119302749634, 0.00261695240624249, 0.8033429980278015
656, 23, 0.47412580251693726, 0.3859865069389343, 0.0015821971464902163, 0.9998692274093628
656, 24, 0.45067381858825684, 0.3636251986026764, -0.0015819838736206293, 0.9998437166213989
656, 25, 0.492412805557251, 0.434216171503067, 0.05796679109334946, 0.6566599607467651
656, 26, 0.43928438425064087, 0.4062742590904236, 0.05316362529993057, 0.16409693658351898
656, 27, 0.505283772945404, 0.4435986280441284, 0.14955002069473267, 0.6991970539093018
656, 28, 0.4359031617641449, 0.40516915917396545, 0.15596549212932587, 0.20289060473442078
656, 29, 0.5060919523239136, 0.4414501190185547, 0.16096188127994537, 0.7322597503662109
656, 30, 0.43471860885620117, 0.4001166522502899, 0.16735884547233582, 0.23179230093955994
656, 31, 0.5098675489425659, 0.4572999179363251, 0.17012172937393188, 0.120540551841259
656, 32, 0.436857134103775, 0.4190572202205658, 0.1783253401517868, 0.03468170762062073
657, 0, 0.44050654768943787, 0.45584309101104736, -0.11545278131961823, 0.9914558529853821
657, 1, 0.4436027407646179, 0.4559873044490814, -0.12365367263555527, 0.9955909252166748
657, 2, 0.44529661536216736, 0.4572969079017639, -0.12366914749145508, 0.9949808716773987
657, 3, 0.44698721170425415, 0.4585484266281128, -0.12370751053094864, 0.9913655519485474
657, 4, 0.43862637877464294, 0.45095521211624146, -0.12314202636480331, 0.9981665015220642
657, 5, 0.4371146559715271, 0.4489265978336334, -0.12319193035364151, 0.9983769655227661
657, 6, 0.4355855882167816, 0.44684672355651855, -0.12323840707540512, 0.9979944229125977
657, 7, 0.45254260301589966, 0.4544810950756073, -0.1279447227716446, 0.992091178894043
657, 8, 0.43492183089256287, 0.4363991320133209, -0.1250917613506317, 0.9993593096733093
657, 9, 0.4443552494049072, 0.4544605612754822, -0.11255552619695663, 0.9917888045310974
657, 10, 0.4390846788883209, 0.4492475390434265, -0.11174972355365753, 0.9962014555931091
657, 11, 0.4715685248374939, 0.4489404559135437, -0.09528114646673203, 0.9982814788818359
657, 12, 0.4271283745765686, 0.4038982093334198, -0.090623639523983, 0.9994722008705139
657, 13, 0.48453372716903687, 0.4423361122608185, -0.049748245626688004, 0.6780451536178589
657, 14, 0.4241986870765686, 0.37988489866256714, -0.03352965787053108, 0.7731857895851135
657, 15, 0.4783976078033447, 0.45677879452705383, -0.016447795554995537, 0.7149482369422913
657, 16, 0.4244067072868347, 0.3982607424259186, 0.007231134921312332, 0.8191028237342834
657, 17, 0.480673223733902, 0.461312860250473, -0.01822640746831894, 0.8063610792160034
657, 18, 0.4228382706642151, 0.3981727957725525, 0.006221601739525795, 0.8493966460227966
657, 19, 0.4764496684074402, 0.45988044142723083, -0.02400996722280979, 0.7878828048706055
657, 20, 0.4252654016017914, 0.40443092584609985, 0.0023202497977763414, 0.824566125869751
657, 21, 0.47393423318862915, 0.45620205998420715, -0.01737150549888611, 0.6721535325050354
657, 22, 0.4272018373012543, 0.405672162771225, 0.007138488348573446, 0.8202373385429382
657, 23, 0.4726988673210144, 0.38646408915519714, 0.0002839748340193182, 0.9998904466629028
657, 24, 0.4497154653072357, 0.3648984730243683, -0.0002729417756199837, 0.9998779296875
657, 25, 0.48855096101760864, 0.43339645862579346, 0.05778203532099724, 0.6236136555671692
657, 26, 0.4386473596096039, 0.40825560688972473, 0.05779286101460457, 0.14176084101200104
657, 27, 0.49965614080429077, 0.42973729968070984, 0.14970779418945312, 0.6996179223060608
657, 28, 0.43676525354385376, 0.39645954966545105, 0.15576103329658508, 0.24530936777591705
657, 29, 0.4999791979789734, 0.42530789971351624, 0.16126199066638947, 0.7698333859443665
657, 30, 0.4357489049434662, 0.3894203305244446, 0.16678830981254578, 0.27622002363204956
657, 31, 0.5042641162872314, 0.441582053899765, 0.1735893338918686, 0.08112215995788574
657, 32, 0.43846139311790466, 0.41003137826919556, 0.1789700984954834, 0.026668250560760498
658, 0, 0.4422714114189148, 0.42995280027389526, -0.14598825573921204, 0.9765109419822693
658, 1, 0.4453480839729309, 0.4300258755683899, -0.1516840159893036, 0.9866062998771667
658, 2, 0.4470110535621643, 0.4315147399902344, -0.15172822773456573, 0.9830564856529236
658, 3, 0.4486668109893799, 0.43292540311813354, -0.15178515017032623, 0.9809167981147766
658, 4, 0.4406417906284332, 0.424223929643631, -0.15230628848075867, 0.9925795197486877
658, 5, 0.4393137991428375, 0.4219456613063812, -0.15234147012233734, 0.9920726418495178
658, 6, 0.43798914551734924, 0.41958847641944885, -0.15239301323890686, 0.992465615272522
658, 7, 0.455167680978775, 0.42940008640289307, -0.14630144834518433, 0.9593988060951233
658, 8, 0.43881988525390625, 0.4083349108695984, -0.1486089527606964, 0.9929701685905457
658, 9, 0.4464588761329651, 0.42990848422050476, -0.13963229954242706, 0.9640000462532043
658, 10, 0.44154682755470276, 0.42391151189804077, -0.14022016525268555, 0.9697357416152954
658, 11, 0.4762248396873474, 0.42976823449134827, -0.11064586788415909, 0.9935105443000793
658, 12, 0.43446820974349976, 0.38004276156425476, -0.1179473027586937, 0.9941483736038208
658, 13, 0.4889279007911682, 0.4506220817565918, -0.08129898458719254, 0.9856587052345276
658, 14, 0.416389524936676, 0.3750104606151581, -0.08847737312316895, 0.985970675945282
658, 15, 0.4799725115299225, 0.4644426703453064, -0.0804637223482132, 0.89984530210495
658, 16, 0.41449886560440063, 0.41123056411743164, -0.0770050585269928, 0.9809913635253906
658, 17, 0.4790821969509125, 0.47077396512031555, -0.0898933857679367, 0.8454079627990723
658, 18, 0.4107462763786316, 0.4186476767063141, -0.08644472062587738, 0.946366012096405
658, 19, 0.4749043881893158, 0.467089980840683, -0.09398805350065231, 0.8146439790725708
658, 20, 0.41519442200660706, 0.4231729805469513, -0.08905599266290665, 0.9319915175437927
658, 21, 0.4744533598423004, 0.46269646286964417, -0.08216497302055359, 0.7069429755210876
658, 22, 0.4178176522254944, 0.42147916555404663, -0.07769445329904556, 0.9225870370864868
658, 23, 0.4812363088130951, 0.38069581985473633, 0.0010633943602442741, 0.9997997879981995
658, 24, 0.4602174162864685, 0.3550359606742859, -0.0010516284964978695, 0.9995903372764587
658, 25, 0.49361366033554077, 0.42271143198013306, 0.07348547130823135, 0.48008832335472107
658, 26, 0.45072275400161743, 0.37921828031539917, 0.09022125601768494, 0.09166953712701797
658, 27, 0.5098448991775513, 0.43259185552597046, 0.18191298842430115, 0.43020346760749817
658, 28, 0.4548378586769104, 0.3722202777862549, 0.21781902015209198, 0.1284850537776947
658, 29, 0.5128285884857178, 0.4295763373374939, 0.19503022730350494, 0.5374357104301453
658, 30, 0.4556093215942383, 0.3674405813217163, 0.23213592171669006, 0.20873668789863586
658, 31, 0.5119367837905884, 0.4499610364437103, 0.20109984278678894, 0.03712889179587364
658, 32, 0.45409923791885376, 0.38064417243003845, 0.2400745153427124, 0.023004816845059395
659, 0, 0.4454604983329773, 0.4359775185585022, -0.17023275792598724, 0.9996445178985596
659, 1, 0.44979721307754517, 0.4310956299304962, -0.17361509799957275, 0.9996412992477417
659, 2, 0.45165079832077026, 0.43194571137428284, -0.1736428141593933, 0.9996349811553955
659, 3, 0.45348525047302246, 0.4327349066734314, -0.17369502782821655, 0.9997001886367798
659, 4, 0.4446212351322174, 0.4252977967262268, -0.17314313352108002, 0.9996888637542725
659, 5, 0.4433675706386566, 0.4228474199771881, -0.17316511273384094, 0.9996695518493652
659, 6, 0.4421338438987732, 0.420356422662735, -0.1731806993484497, 0.9996330738067627
659, 7, 0.4603995382785797, 0.42708665132522583, -0.16119690239429474, 0.9994152784347534
659, 8, 0.44361838698387146, 0.4076935946941376, -0.159343421459198, 0.9994354844093323
659, 9, 0.4498775899410248, 0.4371156394481659, -0.16218136250972748, 0.9990099668502808
659, 10, 0.44470077753067017, 0.43156254291534424, -0.16157224774360657, 0.9985513091087341
659, 11, 0.4774090647697449, 0.43146049976348877, -0.1259564608335495, 0.9986246824264526
659, 12, 0.44058340787887573, 0.38946977257728577, -0.12158968299627304, 0.9973166584968567
659, 13, 0.48532208800315857, 0.4679482877254486, -0.11216513812541962, 0.9989022016525269
659, 14, 0.41597023606300354, 0.3851296007633209, -0.11190934479236603, 0.9988518953323364
659, 15, 0.47090569138526917, 0.4709978401660919, -0.11194989830255508, 0.98911452293396
659, 16, 0.41953223943710327, 0.42487454414367676, -0.11906542629003525, 0.9896448850631714
659, 17, 0.46636563539505005, 0.4736836850643158, -0.12030135095119476, 0.9277557730674744
659, 18, 0.4173397421836853, 0.43590131402015686, -0.12788546085357666, 0.9289578199386597
659, 19, 0.46464213728904724, 0.4683605134487152, -0.11960755288600922, 0.8905567526817322
659, 20, 0.42187967896461487, 0.43690282106399536, -0.1271846741437912, 0.8918428421020508
659, 21, 0.4653450846672058, 0.4678593873977661, -0.11102814972400665, 0.8301728963851929
659, 22, 0.42293626070022583, 0.43463072180747986, -0.11805155128240585, 0.871679961681366
659, 23, 0.4842376112937927, 0.3890126645565033, -0.003927262034267187, 0.9999743700027466
659, 24, 0.4648485779762268, 0.3653305768966675, 0.0039906990714371204, 0.9999098777770996
659, 25, 0.5058140158653259, 0.4151704013347626, 0.06698667258024216, 0.7303689122200012
659, 26, 0.45520997047424316, 0.37222498655319214, 0.11142309010028839, 0.05359426140785217
659, 27, 0.5264407396316528, 0.42294391989707947, 0.1529259979724884, 0.45351648330688477
659, 28, 0.46298447251319885, 0.36105284094810486, 0.22839140892028809, 0.04835738241672516
659, 29, 0.5359978675842285, 0.4245077669620514, 0.1634349375963211, 0.7791598439216614
659, 30, 0.4651188254356384, 0.35717806220054626, 0.24136798083782196, 0.141149640083313
659, 31, 0.5342845916748047, 0.43998339772224426, 0.17722046375274658, 0.2543928325176239
659, 32, 0.46553030610084534, 0.36338838934898376, 0.2606271803379059, 0.043393462896347046
660, 0, 0.4383304715156555, 0.4042319357395172, -0.21956348419189453, 0.9999771118164062
660, 1, 0.44523972272872925, 0.40038061141967773, -0.22213122248649597, 0.9999585151672363
660, 2, 0.4470197558403015, 0.40275514125823975, -0.22217197716236115, 0.9999678134918213
660, 3, 0.44881850481033325, 0.4049997627735138, -0.22221525013446808, 0.9999456405639648
660, 4, 0.4408431649208069, 0.39121800661087036, -0.2232966423034668, 0.9999762773513794
660, 5, 0.43996405601501465, 0.38805368542671204, -0.22334174811840057, 0.9999858140945435
660, 6, 0.4390990734100342, 0.38481923937797546, -0.22336122393608093, 0.9999775886535645
660, 7, 0.4566025733947754, 0.4053685963153839, -0.1961449384689331, 0.9999399185180664
660, 8, 0.44242095947265625, 0.37587544322013855, -0.20117072761058807, 0.9999889135360718
660, 9, 0.4423040747642517, 0.4100973308086395, -0.20500989258289337, 0.9999700784683228
660, 10, 0.4376332759857178, 0.4008466899394989, -0.20637793838977814, 0.9999712705612183
660, 11, 0.47037357091903687, 0.4303494691848755, -0.15639546513557434, 0.9998173117637634
660, 12, 0.4404262900352478, 0.3591897189617157, -0.15938356518745422, 0.9999245405197144
660, 13, 0.468904584646225, 0.4940705895423889, -0.19213399291038513, 0.9998960494995117
660, 14, 0.40517157316207886, 0.35800254344940186, -0.19840247929096222, 0.9999700784683228
660, 15, 0.452286958694458, 0.4787025451660156, -0.2529390752315521, 0.9985610842704773
660, 16, 0.41445454955101013, 0.41422441601753235, -0.25328898429870605, 0.9993122816085815
660, 17, 0.4443909525871277, 0.4786999523639679, -0.26821368932724, 0.9848682880401611
660, 18, 0.4126352369785309, 0.43085533380508423, -0.269527792930603, 0.9901841282844543
660, 19, 0.4459540843963623, 0.4685014486312866, -0.2618868947029114, 0.9733536243438721
660, 20, 0.4190482199192047, 0.4306362271308899, -0.26611587405204773, 0.9824121594429016
660, 21, 0.4479280412197113, 0.46920230984687805, -0.25120094418525696, 0.947996199131012
660, 22, 0.4194177985191345, 0.427168071269989, -0.25226110219955444, 0.9772608876228333
660, 23, 0.48433056473731995, 0.3813231587409973, 0.0008289802935905755, 0.9999624490737915
660, 24, 0.46737560629844666, 0.3454233407974243, -0.0008205015328712761, 0.999966025352478
660, 25, 0.485403835773468, 0.4156742990016937, 0.09919030964374542, 0.11515580117702484
660, 26, 0.45923829078674316, 0.37493783235549927, 0.09511252492666245, 0.08674538135528564
660, 27, 0.5022388100624084, 0.4224727153778076, 0.23041030764579773, 0.04100686311721802
660, 28, 0.4744596481323242, 0.37398526072502136, 0.2218574583530426, 0.03514523431658745
660, 29, 0.5070642828941345, 0.4181727170944214, 0.24532060325145721, 0.20810331404209137
660, 30, 0.47950029373168945, 0.37084832787513733, 0.23626771569252014, 0.1486966758966446
660, 31, 0.5016274452209473, 0.43279629945755005, 0.2764642834663391, 0.05403207242488861
660, 32, 0.4760584831237793, 0.38217586278915405, 0.26520559191703796, 0.07672995328903198
661, 0, 0.43635374307632446, 0.42280489206314087, -0.1938973218202591, 0.999859094619751
661, 1, 0.4396253526210785, 0.4227193295955658, -0.20056171715259552, 0.9998886585235596
661, 2, 0.440687358379364, 0.4244755506515503, -0.2005646675825119, 0.9998953342437744
661, 3, 0.44176235795021057, 0.42616984248161316, -0.20058593153953552, 0.9998531341552734
661, 4, 0.4371034502983093, 0.4161262512207031, -0.20143863558769226, 0.9999159574508667
661, 5, 0.4365758001804352, 0.41367602348327637, -0.20146512985229492, 0.9999274015426636
661, 6, 0.4360586106777191, 0.4111677408218384, -0.2014506310224533, 0.9999202489852905
661, 7, 0.44718319177627563, 0.42506155371665955, -0.18779638409614563, 0.9997796416282654
661, 8, 0.43856555223464966, 0.4021983742713928, -0.19138868153095245, 0.9999071359634399
661, 9, 0.43927961587905884, 0.42378777265548706, -0.18341092765331268, 0.9995100498199463
661, 10, 0.43670615553855896, 0.417217880487442, -0.184581458568573, 0.999614953994751
661, 11, 0.4584487974643707, 0.4321916401386261, -0.1365690529346466, 0.9989495873451233
661, 12, 0.43880778551101685, 0.37976786494255066, -0.15009108185768127, 0.9993626475334167
661, 13, 0.4507681727409363, 0.45188936591148376, -0.09011365473270416, 0.9956940412521362
661, 14, 0.4190075993537903, 0.375823438167572, -0.11759784072637558, 0.9991254210472107
661, 15, 0.4354346692562103, 0.44233620166778564, -0.08551041036844254, 0.9793268442153931
661, 16, 0.4135870337486267, 0.39383429288864136, -0.12448708713054657, 0.9985028505325317
661, 17, 0.4324958324432373, 0.4445382356643677, -0.09713631868362427, 0.9626582860946655
661, 18, 0.41141849756240845, 0.39684173464775085, -0.14151521027088165, 0.9947841763496399
661, 19, 0.43265849351882935, 0.43883422017097473, -0.1042487770318985, 0.946765661239624
661, 20, 0.41372352838516235, 0.39870360493659973, -0.14462022483348846, 0.9923408031463623
661, 21, 0.4327191412448883, 0.43664830923080444, -0.08814699947834015, 0.9160282015800476
661, 22, 0.4146597385406494, 0.3995688557624817, -0.1258014589548111, 0.9895323514938354
661, 23, 0.473160982131958, 0.3921831250190735, 0.0019381936872377992, 0.9999063014984131
661, 24, 0.4621548652648926, 0.36727577447891235, -0.0019617488142102957, 0.9999138116836548
661, 25, 0.4691087603569031, 0.41370689868927, 0.12508058547973633, 0.23033010959625244
661, 26, 0.4511013627052307, 0.3783509135246277, 0.125137597322464, 0.13071759045124054
661, 27, 0.4694932997226715, 0.4005788564682007, 0.2823063135147095, 0.2318343222141266
661, 28, 0.45258277654647827, 0.36926597356796265, 0.285050630569458, 0.11131703853607178
661, 29, 0.4703526496887207, 0.39647766947746277, 0.3003295660018921, 0.3710268437862396
661, 30, 0.4534832835197449, 0.3649137616157532, 0.3027021288871765, 0.21530702710151672
661, 31, 0.46543940901756287, 0.4038104712963104, 0.3129898011684418, 0.06893089413642883
661, 32, 0.4499410092830658, 0.3749457001686096, 0.3149804174900055, 0.03293320909142494
662, 0, 0.43898072838783264, 0.4171999990940094, -0.23144957423210144, 0.9998816251754761
662, 1, 0.44341152906417847, 0.4181450307369232, -0.23661299049854279, 0.999786913394928
662, 2, 0.4447382986545563, 0.42042163014411926, -0.23664376139640808, 0.9998934268951416
662, 3, 0.44607409834861755, 0.42262208461761475, -0.23670831322669983, 0.9997971653938293
662, 4, 0.4402540326118469, 0.4093952476978302, -0.23790471255779266, 0.999874472618103
662, 5, 0.4396738111972809, 0.40617719292640686, -0.2379341572523117, 0.999927282333374
662, 6, 0.4391022324562073, 0.40291303396224976, -0.23793372511863708, 0.9998220801353455
662, 7, 0.4528101980686188, 0.4211350679397583, -0.21605603396892548, 0.9996604919433594
662, 8, 0.44248443841934204, 0.39166513085365295, -0.22122244536876678, 0.9998633861541748
662, 9, 0.4423908591270447, 0.4185486137866974, -0.21796074509620667, 0.9997612833976746
662, 10, 0.43920522928237915, 0.4095897376537323, -0.21940472722053528, 0.9995740056037903
662, 11, 0.4650469422340393, 0.4312739372253418, -0.16210392117500305, 0.999586284160614
662, 12, 0.4418027997016907, 0.3624662160873413, -0.17246682941913605, 0.9983428716659546
662, 13, 0.45394331216812134, 0.4747611880302429, -0.16175423562526703, 0.9998613595962524
662, 14, 0.41660362482070923, 0.3548566699028015, -0.16741743683815002, 0.9997209906578064
662, 15, 0.4367600381374359, 0.46376973390579224, -0.19552850723266602, 0.9988307356834412
662, 16, 0.41813191771507263, 0.39574071764945984, -0.19767418503761292, 0.9966132044792175
662, 17, 0.4302547574043274, 0.4651203155517578, -0.2107226550579071, 0.9888843297958374
662, 18, 0.41473522782325745, 0.4051673114299774, -0.215188667178154, 0.9677101373672485
662, 19, 0.43136629462242126, 0.45688650012016296, -0.21254929900169373, 0.9790917038917542
662, 20, 0.42003685235977173, 0.40716633200645447, -0.21472135186195374, 0.9412029981613159
662, 21, 0.4325144290924072, 0.4556106925010681, -0.19692198932170868, 0.9627068638801575
662, 22, 0.4209827780723572, 0.40648242831230164, -0.19760355353355408, 0.9278579950332642
662, 23, 0.48062166571617126, 0.38729649782180786, 0.0019370655063539743, 0.9999423027038574
662, 24, 0.4660484194755554, 0.35523533821105957, -0.0019201338291168213, 0.9997419714927673
662, 25, 0.4793146252632141, 0.4225609302520752, 0.11515720933675766, 0.24043698608875275
662, 26, 0.45901647210121155, 0.38911446928977966, 0.11940716207027435, 0.06364715844392776
662, 27, 0.48662978410720825, 0.4293002784252167, 0.26733478903770447, 0.2438456416130066
662, 28, 0.4636552929878235, 0.3845904469490051, 0.26838913559913635, 0.05513015389442444
662, 29, 0.49009376764297485, 0.42447611689567566, 0.2837600111961365, 0.5537760853767395
662, 30, 0.46568822860717773, 0.3786986768245697, 0.283847838640213, 0.14606091380119324
662, 31, 0.4841310977935791, 0.4450954496860504, 0.2915458083152771, 0.1415240317583084
662, 32, 0.46338099241256714, 0.3949078917503357, 0.28816473484039307, 0.06462641805410385
663, 0, 0.44239670038223267, 0.4130723178386688, -0.17995427548885345, 0.9916669726371765
663, 1, 0.4475303590297699, 0.41254866123199463, -0.18562665581703186, 0.9942095279693604
663, 2, 0.44896554946899414, 0.41548630595207214, -0.18562600016593933, 0.9935134053230286
663, 3, 0.4503933787345886, 0.418382465839386, -0.18565130233764648, 0.9885438084602356
663, 4, 0.4438297152519226, 0.4030197262763977, -0.18613530695438385, 0.9965242743492126
663, 5, 0.44278812408447266, 0.39966902136802673, -0.18618883192539215, 0.9971272349357605
663, 6, 0.4417484402656555, 0.3963174521923065, -0.18623821437358856, 0.996690034866333
663, 7, 0.45634740591049194, 0.42062538862228394, -0.16758111119270325, 0.9888269901275635
663, 8, 0.4429071545600891, 0.38702601194381714, -0.16971182823181152, 0.99781334400177
663, 9, 0.44524946808815, 0.41849324107170105, -0.16820350289344788, 0.9922733902931213
663, 10, 0.44111841917037964, 0.4083472490310669, -0.16894277930259705, 0.9954835176467896
663, 11, 0.46916550397872925, 0.44173920154571533, -0.11688607931137085, 0.996461808681488
663, 12, 0.43807825446128845, 0.3625229299068451, -0.1216183453798294, 0.9983691573143005
663, 13, 0.47835487127304077, 0.4594205319881439, -0.0663447305560112, 0.923313319683075
663, 14, 0.4235454499721527, 0.3584881126880646, -0.06976424157619476, 0.9564322233200073
663, 15, 0.47274380922317505, 0.45963254570961, -0.045796677470207214, 0.8303717970848083
663, 16, 0.41859760880470276, 0.3935677111148834, -0.036009013652801514, 0.9391201138496399
663, 17, 0.4741383492946625, 0.464404433965683, -0.04971300810575485, 0.8114873766899109
663, 18, 0.4157100319862366, 0.39656421542167664, -0.03779888525605202, 0.9286002516746521
663, 19, 0.4720223844051361, 0.4550454020500183, -0.054157860577106476, 0.7998985648155212
663, 20, 0.42065057158470154, 0.40318095684051514, -0.0431128591299057, 0.9256599545478821
663, 21, 0.47068777680397034, 0.4511089026927948, -0.046631813049316406, 0.6774150729179382
663, 22, 0.4226697087287903, 0.4043892025947571, -0.03675765171647072, 0.8999378681182861
663, 23, 0.474741131067276, 0.3952693045139313, 0.002355108270421624, 0.9989639520645142
663, 24, 0.4622059762477875, 0.3600812554359436, -0.002384765073657036, 0.9993413090705872
663, 25, 0.4606655538082123, 0.4215323030948639, 0.08210176229476929, 0.1499110609292984
663, 26, 0.44443178176879883, 0.3813991844654083, 0.07633869349956512, 0.24259746074676514
663, 27, 0.46766653656959534, 0.4007885754108429, 0.20540931820869446, 0.12430507689714432
663, 28, 0.45440950989723206, 0.36896011233329773, 0.19343338906764984, 0.19770373404026031
663, 29, 0.4704454839229584, 0.3957637846469879, 0.219590425491333, 0.13812321424484253
663, 30, 0.4572715163230896, 0.36624324321746826, 0.20713579654693604, 0.12744790315628052
663, 31, 0.4612860679626465, 0.40569251775741577, 0.22981950640678406, 0.02871037647128105
663, 32, 0.44867902994155884, 0.372858464717865, 0.21484152972698212, 0.03618887439370155
664, 0, 0.43647313117980957, 0.4285629987716675, -0.14863893389701843, 0.9974783062934875
664, 1, 0.43978339433670044, 0.4306718111038208, -0.15269440412521362, 0.9982213377952576
664, 2, 0.4405761659145355, 0.4330591559410095, -0.15271052718162537, 0.9975278973579407
664, 3, 0.4413693845272064, 0.43536293506622314, -0.15273769199848175, 0.9975302815437317
664, 4, 0.4380872845649719, 0.4228559732437134, -0.1536874771118164, 0.9995393753051758
664, 5, 0.4377898573875427, 0.4199588894844055, -0.15372706949710846, 0.9994631409645081
664, 6, 0.4374943673610687, 0.41701555252075195, -0.15377458930015564, 0.9994077682495117
664, 7, 0.4463418424129486, 0.43633127212524414, -0.14127150177955627, 0.9972774386405945
664, 8, 0.4402826428413391, 0.40885666012763977, -0.14514750242233276, 0.9997262358665466
664, 9, 0.43861064314842224, 0.43014657497406006, -0.14096438884735107, 0.998428463935852
664, 10, 0.436711847782135, 0.42200562357902527, -0.14214949309825897, 0.9990653395652771
664, 11, 0.45892319083213806, 0.4485405683517456, -0.10426174104213715, 0.9998363256454468
664, 12, 0.4434794783592224, 0.37795937061309814, -0.11221329867839813, 0.9998483657836914
664, 13, 0.4629431664943695, 0.4649864733219147, -0.06135033443570137, 0.9395672082901001
664, 14, 0.4390150010585785, 0.3465301990509033, -0.0662250816822052, 0.9935230016708374
664, 15, 0.4528469443321228, 0.4683503806591034, -0.029569918289780617, 0.8564229607582092
664, 16, 0.43544870615005493, 0.3531962037086487, -0.04588061571121216, 0.9752904772758484
664, 17, 0.45214471220970154, 0.4759140908718109, -0.03096059337258339, 0.8687397241592407
664, 18, 0.4347640872001648, 0.3515644669532776, -0.0537649467587471, 0.95998215675354
664, 19, 0.4504798948764801, 0.4690845012664795, -0.03862738981842995, 0.8501471877098083
664, 20, 0.433861643075943, 0.3589196801185608, -0.053664110600948334, 0.9467701315879822
664, 21, 0.45008593797683716, 0.4635467827320099, -0.031139258295297623, 0.7764814496040344
664, 22, 0.4346853196620941, 0.3611251711845398, -0.045400314033031464, 0.9327199459075928
664, 23, 0.4776502549648285, 0.3962130546569824, 0.0056123919785022736, 0.9999831914901733
664, 24, 0.46864834427833557, 0.3643338084220886, -0.0056159780360758305, 0.9999825954437256
664, 25, 0.49493226408958435, 0.4268210530281067, 0.0609954372048378, 0.7749840617179871
664, 26, 0.4751409888267517, 0.3855041563510895, 0.04963168501853943, 0.7044315338134766
664, 27, 0.5203630328178406, 0.4285137951374054, 0.14214137196540833, 0.8534338474273682
664, 28, 0.5034417510032654, 0.3996098041534424, 0.11959908157587051, 0.9388827085494995
664, 29, 0.5249595046043396, 0.42604583501815796, 0.15201187133789062, 0.9246290922164917
664, 30, 0.5071119666099548, 0.4006698727607727, 0.12771406769752502, 0.9098964929580688
664, 31, 0.5249391794204712, 0.4386577904224396, 0.15262103080749512, 0.23065267503261566
664, 32, 0.5110634565353394, 0.4126529395580292, 0.12461547553539276, 0.4279197156429291
665, 0, 0.43350282311439514, 0.4319567084312439, -0.13249342143535614, 0.9994578957557678
665, 1, 0.4361923336982727, 0.4336796998977661, -0.1393226981163025, 0.9994233846664429
665, 2, 0.4373970031738281, 0.4354284405708313, -0.1393362134695053, 0.9995827078819275
665, 3, 0.43859928846359253, 0.43712085485458374, -0.13935881853103638, 0.9991558790206909
665, 4, 0.4329332709312439, 0.4270528554916382, -0.13969382643699646, 0.9996315240859985
665, 5, 0.4320701062679291, 0.4244515001773834, -0.13972130417823792, 0.9997689127922058
665, 6, 0.43121567368507385, 0.4218071699142456, -0.1397455632686615, 0.9996680021286011
665, 7, 0.4446772634983063, 0.4349842369556427, -0.13400128483772278, 0.9994877576828003
665, 8, 0.4331483244895935, 0.4110454022884369, -0.1356147974729538, 0.9997724890708923
665, 9, 0.4369962811470032, 0.43138182163238525, -0.1261991411447525, 0.9985406398773193
665, 10, 0.43371695280075073, 0.4246978759765625, -0.1266719549894333, 0.9988638162612915
665, 11, 0.45992588996887207, 0.4349365532398224, -0.09814485162496567, 0.999097466468811
665, 12, 0.4365794062614441, 0.3815951347351074, -0.11074788868427277, 0.9992392063140869
665, 13, 0.4626372456550598, 0.44506216049194336, -0.05607105419039726, 0.9913252592086792
665, 14, 0.4257323741912842, 0.36758726835250854, -0.07218445092439651, 0.9706479907035828
665, 15, 0.4462762773036957, 0.45541220903396606, -0.04127040505409241, 0.9143676161766052
665, 16, 0.41836100816726685, 0.39681828022003174, -0.05329929664731026, 0.9680658578872681
665, 17, 0.44477200508117676, 0.4615705609321594, -0.04980888590216637, 0.9121268391609192
665, 18, 0.4151057302951813, 0.398956835269928, -0.06240158528089523, 0.9478737711906433
665, 19, 0.44243988394737244, 0.45533880591392517, -0.054018039256334305, 0.8889098167419434
665, 20, 0.41798678040504456, 0.4052799940109253, -0.0677451491355896, 0.9333393573760986
665, 21, 0.44215863943099976, 0.4507625699043274, -0.04289860650897026, 0.835436999797821
665, 22, 0.42001479864120483, 0.4064444601535797, -0.05529557541012764, 0.9231456518173218
665, 23, 0.47140398621559143, 0.38789451122283936, 0.008736596442759037, 0.9999462366104126
665, 24, 0.46057432889938354, 0.3635689318180084, -0.008748111315071583, 0.9999697208404541
665, 25, 0.4689987599849701, 0.409370094537735, 0.10619757324457169, 0.26066356897354126
665, 26, 0.4465472102165222, 0.37288886308670044, 0.07965582609176636, 0.48002177476882935
665, 27, 0.48216551542282104, 0.38714799284935, 0.22339992225170135, 0.6357241868972778
665, 28, 0.4615609049797058, 0.3451368510723114, 0.18964017927646637, 0.8137191534042358
665, 29, 0.4847695231437683, 0.3813105821609497, 0.23753765225410461, 0.7649280428886414
665, 30, 0.46568164229393005, 0.33903270959854126, 0.20202043652534485, 0.8123694062232971
665, 31, 0.4813510477542877, 0.3872906267642975, 0.24909940361976624, 0.06371773034334183
665, 32, 0.45829668641090393, 0.34212714433670044, 0.20815631747245789, 0.14094072580337524
666, 0, 0.4450649619102478, 0.4845731854438782, -0.054573822766542435, 0.9981429576873779
666, 1, 0.4460228979587555, 0.4899984896183014, -0.06178406625986099, 0.9989765882492065
666, 2, 0.4466213285923004, 0.49046313762664795, -0.061814211308956146, 0.9988106489181519
666, 3, 0.44722065329551697, 0.4908691942691803, -0.06184234470129013, 0.9987207055091858
666, 4, 0.44383668899536133, 0.4884212911128998, -0.06145069748163223, 0.9988534450531006
666, 5, 0.4431946873664856, 0.48781657218933105, -0.06144987791776657, 0.9984334111213684
666, 6, 0.44253355264663696, 0.4871711730957031, -0.06148693710565567, 0.9986072182655334
666, 7, 0.4497801661491394, 0.487007737159729, -0.07329828292131424, 0.999321460723877
666, 8, 0.44209057092666626, 0.48074066638946533, -0.07137920707464218, 0.999382495880127
666, 9, 0.4466915726661682, 0.47896257042884827, -0.056322358548641205, 0.9989479184150696
666, 10, 0.44470006227493286, 0.47728651762008667, -0.05570589378476143, 0.9990274906158447
666, 11, 0.46231546998023987, 0.45917773246765137, -0.060134343802928925, 0.9994931221008301
666, 12, 0.4394966661930084, 0.44613298773765564, -0.06517922133207321, 0.9995208978652954
666, 13, 0.4792281985282898, 0.4183650016784668, -0.032870177179574966, 0.9552691578865051
666, 14, 0.4355984330177307, 0.39374977350234985, -0.03803649917244911, 0.7523466944694519
666, 15, 0.4773541986942291, 0.39479801058769226, -0.004569188226014376, 0.7823916673660278
666, 16, 0.43170714378356934, 0.3720757067203522, -0.010221049189567566, 0.8757134675979614
666, 17, 0.47727450728416443, 0.3891580402851105, -0.006417555268853903, 0.7980112433433533
666, 18, 0.4302118718624115, 0.36507245898246765, -0.011367619037628174, 0.8575983643531799
666, 19, 0.47662314772605896, 0.3904617428779602, -0.009277809411287308, 0.7998189330101013
666, 20, 0.4308578372001648, 0.3708815574645996, -0.015186315402388573, 0.8455986380577087
666, 21, 0.47605109214782715, 0.3916240334510803, -0.005174252670258284, 0.7431458234786987
666, 22, 0.4323079586029053, 0.3732854723930359, -0.011145055294036865, 0.8373056650161743
666, 23, 0.46272140741348267, 0.40032777190208435, 0.0035464991815388203, 0.9998973608016968
666, 24, 0.45418229699134827, 0.39322227239608765, -0.0035025975666940212, 0.9998975992202759
666, 25, 0.46336737275123596, 0.4141368567943573, 0.0504724495112896, 0.37259095907211304
666, 26, 0.45637017488479614, 0.40160471200942993, 0.041362907737493515, 0.3665201663970947
666, 27, 0.46146392822265625, 0.3782878816127777, 0.10888107866048813, 0.8471714854240417
666, 28, 0.45824742317199707, 0.3704535663127899, 0.10201086848974228, 0.7359451651573181
666, 29, 0.45998525619506836, 0.3749814033508301, 0.11565198749303818, 0.9001941680908203
666, 30, 0.45724016427993774, 0.3651123344898224, 0.10874084383249283, 0.8183872699737549
666, 31, 0.46123987436294556, 0.36112144589424133, 0.12179239839315414, 0.28433695435523987
666, 32, 0.46068692207336426, 0.35870110988616943, 0.11175892502069473, 0.21382661163806915
667, 0, 0.4506382346153259, 0.44167178869247437, -0.14242081344127655, 0.9556654691696167
667, 1, 0.4540468156337738, 0.43745654821395874, -0.14910189807415009, 0.9648771286010742
667, 2, 0.45615020394325256, 0.4383029639720917, -0.1491258144378662, 0.9579155445098877
667, 3, 0.4582192897796631, 0.43906134366989136, -0.14916737377643585, 0.9423726201057434
667, 4, 0.44795694947242737, 0.434020072221756, -0.14843206107616425, 0.9855572581291199
667, 5, 0.445932537317276, 0.43252259492874146, -0.14844326674938202, 0.9844111204147339
667, 6, 0.44388681650161743, 0.43093493580818176, -0.14850319921970367, 0.9833388328552246
667, 7, 0.46365585923194885, 0.43495747447013855, -0.14707687497138977, 0.9416130185127258
667, 8, 0.44171342253685, 0.4219888150691986, -0.1433073878288269, 0.9920356869697571
667, 9, 0.45471614599227905, 0.44165128469467163, -0.13733011484146118, 0.9645282030105591
667, 10, 0.44774627685546875, 0.4382867217063904, -0.1364070028066635, 0.9799386262893677
667, 11, 0.480872243642807, 0.4363674223423004, -0.10807852447032928, 0.993979811668396
667, 12, 0.4346941113471985, 0.4045054018497467, -0.107685886323452, 0.9980937838554382
667, 13, 0.4930838942527771, 0.4378683865070343, -0.06813550740480423, 0.60208660364151
667, 14, 0.4275544285774231, 0.37945955991744995, -0.07380501180887222, 0.5345497727394104
667, 15, 0.484220027923584, 0.45120006799697876, -0.05449799448251724, 0.6979695558547974
667, 16, 0.42471104860305786, 0.3578649163246155, -0.06648027896881104, 0.8140873908996582
667, 17, 0.48598966002464294, 0.4574757516384125, -0.05990953370928764, 0.7935583591461182
667, 18, 0.42303666472435, 0.35016539692878723, -0.07555370777845383, 0.7787984609603882
667, 19, 0.4817665219306946, 0.45512130856513977, -0.0661238357424736, 0.7830091714859009
667, 20, 0.42446833848953247, 0.35169702768325806, -0.0780932828783989, 0.7227546572685242
667, 21, 0.4790249764919281, 0.450687438249588, -0.056192267686128616, 0.601616382598877
667, 22, 0.42641744017601013, 0.35578423738479614, -0.06744272261857986, 0.7166266441345215
667, 23, 0.4741322100162506, 0.38844186067581177, 0.0031733892392367125, 0.9997603297233582
667, 24, 0.4508582055568695, 0.375505268573761, -0.0031963535584509373, 0.9996854066848755
667, 25, 0.4916173815727234, 0.4349040687084198, 0.08225985616445541, 0.27864500880241394
667, 26, 0.4473852217197418, 0.4346419870853424, 0.07164685428142548, 0.15560176968574524
667, 27, 0.49650079011917114, 0.4236525595188141, 0.19602026045322418, 0.38120236992836
667, 28, 0.44555264711380005, 0.4188695251941681, 0.19814924895763397, 0.15266866981983185
667, 29, 0.49592599272727966, 0.41933029890060425, 0.20988182723522186, 0.39679282903671265
667, 30, 0.44526681303977966, 0.41282981634140015, 0.21205556392669678, 0.1620146930217743
667, 31, 0.4991893172264099, 0.43053755164146423, 0.22006459534168243, 0.02299307845532894
667, 32, 0.4458995759487152, 0.42805829644203186, 0.22412487864494324, 0.015036971308290958
668, 0, 0.43726834654808044, 0.4462026059627533, -0.1001036986708641, 0.9802131056785583
668, 1, 0.4342338442802429, 0.4506687521934509, -0.10647718608379364, 0.9910621643066406
668, 2, 0.4334421753883362, 0.45041629672050476, -0.10649503767490387, 0.9913420081138611
668, 3, 0.43266206979751587, 0.45014992356300354, -0.10653875768184662, 0.9918822646141052
668, 4, 0.43650108575820923, 0.451690673828125, -0.10596410930156708, 0.9889861345291138
668, 5, 0.4371681809425354, 0.45198854804039, -0.10601438581943512, 0.988520622253418
668, 6, 0.4378473162651062, 0.45227158069610596, -0.10603642463684082, 0.9869434833526611
668, 7, 0.4328874945640564, 0.44969019293785095, -0.10954166948795319, 0.9954747557640076
668, 8, 0.44019216299057007, 0.4525090456008911, -0.10781874507665634, 0.9936943650245667
668, 9, 0.43831363320350647, 0.44210121035575867, -0.09818967431783676, 0.9944303631782532
668, 10, 0.44045934081077576, 0.4434240460395813, -0.09768883138895035, 0.9943325519561768
668, 11, 0.4337097108364105, 0.43381673097610474, -0.0913095697760582, 0.9995195865631104
668, 12, 0.45781001448631287, 0.4423752725124359, -0.08079057186841965, 0.9961827397346497
668, 13, 0.4331669211387634, 0.4013751447200775, -0.05054875463247299, 0.2763521075248718
668, 14, 0.47512903809547424, 0.42917248606681824, -0.02934277057647705, 0.10747934132814407
668, 15, 0.4414800703525543, 0.36920297145843506, -0.024033037945628166, 0.44055473804473877
668, 16, 0.4728826582431793, 0.40979087352752686, 0.006767666898667812, 0.21084842085838318
668, 17, 0.4400182366371155, 0.3617545962333679, -0.026531148701906204, 0.4739868640899658
668, 18, 0.4739557206630707, 0.407153457403183, 0.010319361463189125, 0.2968468964099884
668, 19, 0.44370532035827637, 0.36463016271591187, -0.028950944542884827, 0.5292943120002747
668, 20, 0.470429003238678, 0.40954360365867615, 0.005657402332872152, 0.32475027441978455
668, 21, 0.4448530673980713, 0.36789512634277344, -0.023879216983914375, 0.44880035519599915
668, 22, 0.4695006012916565, 0.410420298576355, 0.006199323572218418, 0.26919254660606384
668, 23, 0.45390114188194275, 0.38205671310424805, -0.0015629136469215155, 0.9986476302146912
668, 24, 0.46609431505203247, 0.38647720217704773, 0.0015522774774581194, 0.9980317950248718
668, 25, 0.45189374685287476, 0.40408438444137573, 0.06630357354879379, 0.04961467161774635
668, 26, 0.4592916965484619, 0.4185241162776947, 0.07471222430467606, 0.019714243710041046
668, 27, 0.45640844106674194, 0.3946712613105774, 0.14634078741073608, 0.1649523228406906
668, 28, 0.4626625180244446, 0.4020778238773346, 0.1552816927433014, 0.02790851704776287
668, 29, 0.45632562041282654, 0.3952391445636749, 0.15547306835651398, 0.2431616485118866
668, 30, 0.461153507232666, 0.40073809027671814, 0.16425809264183044, 0.03113500401377678
668, 31, 0.45900121331214905, 0.38409334421157837, 0.15485823154449463, 0.11916042864322662
668, 32, 0.4663724899291992, 0.38876134157180786, 0.16297200322151184, 0.028826260939240456
669, 0, 0.4435351490974426, 0.4448443651199341, -0.1373775750398636, 0.9993744492530823
669, 1, 0.445378839969635, 0.44730037450790405, -0.1468471735715866, 0.9996089339256287
669, 2, 0.44660133123397827, 0.44881412386894226, -0.1468471884727478, 0.9995336532592773
669, 3, 0.4478222727775574, 0.45030641555786133, -0.14686793088912964, 0.9991875290870667
669, 4, 0.44173532724380493, 0.4422166049480438, -0.145734041929245, 0.9998248219490051
669, 5, 0.44046396017074585, 0.4402543902397156, -0.145798921585083, 0.9998412132263184
669, 6, 0.43918901681900024, 0.438259094953537, -0.1458543837070465, 0.9998206496238708
669, 7, 0.45165643095970154, 0.4494059383869171, -0.15067492425441742, 0.9993688464164734
669, 8, 0.4386304020881653, 0.43100595474243164, -0.14618194103240967, 0.9999204874038696
669, 9, 0.44670265913009644, 0.4441322684288025, -0.13393007218837738, 0.9990697503089905
669, 10, 0.44253024458885193, 0.438853919506073, -0.132755309343338, 0.999582827091217
669, 11, 0.4663345217704773, 0.4495605528354645, -0.1186058297753334, 0.9992190599441528
669, 12, 0.4371238350868225, 0.4025707542896271, -0.11147479712963104, 0.9998997449874878
669, 13, 0.4813194274902344, 0.4501390755176544, -0.059365205466747284, 0.6822754740715027
669, 14, 0.4387947618961334, 0.37993574142456055, -0.05937546491622925, 0.801723062992096
669, 15, 0.4755735993385315, 0.4544675052165985, -0.011478601954877377, 0.5215453505516052
669, 16, 0.4379597306251526, 0.37458372116088867, -0.02428821474313736, 0.6579508781433105
669, 17, 0.4768938422203064, 0.4591718912124634, -0.013836091384291649, 0.5965999960899353
669, 18, 0.4372272491455078, 0.3705466687679291, -0.0263679176568985, 0.6464067697525024
669, 19, 0.47396120429039, 0.4551912844181061, -0.01918921060860157, 0.5858296751976013
669, 20, 0.43721503019332886, 0.37396523356437683, -0.03173734247684479, 0.6095567941665649
669, 21, 0.4725765585899353, 0.45148158073425293, -0.01218357589095831, 0.4210236072540283
669, 22, 0.4384070932865143, 0.3768904507160187, -0.02549440786242485, 0.537663459777832
669, 23, 0.4715060293674469, 0.3874419629573822, -2.1607111193588935e-05, 0.9988319277763367
669, 24, 0.4608682096004486, 0.36711183190345764, 1.1478129636088852e-05, 0.9993081092834473
669, 25, 0.46152767539024353, 0.4226885437965393, 0.08250285685062408, 0.05052819103002548
669, 26, 0.4483188986778259, 0.40116122364997864, 0.09313125163316727, 0.03858383372426033
669, 27, 0.46267470717430115, 0.40430939197540283, 0.20089003443717957, 0.184083491563797
669, 28, 0.44932812452316284, 0.38888999819755554, 0.20553871989250183, 0.12428492307662964
669, 29, 0.46365538239479065, 0.399492084980011, 0.21456213295459747, 0.27619504928588867
669, 30, 0.45037564635276794, 0.38519638776779175, 0.2179557979106903, 0.16184377670288086
669, 31, 0.4600244462490082, 0.4090920388698578, 0.22238735854625702, 0.018322555348277092
669, 32, 0.44548100233078003, 0.393338680267334, 0.22399048507213593, 0.014665136113762856
670, 0, 0.4375508427619934, 0.4630119204521179, -0.09904050827026367, 0.9980011582374573
670, 1, 0.4402303695678711, 0.4657460153102875, -0.10791639983654022, 0.9979751706123352
670, 2, 0.44171467423439026, 0.4672949016094208, -0.1079198569059372, 0.9979878664016724
670, 3, 0.44318729639053345, 0.4688374102115631, -0.10792944580316544, 0.9966617822647095
670, 4, 0.4363657832145691, 0.4603227972984314, -0.10907714068889618, 0.9989880919456482
670, 5, 0.4352048933506012, 0.4582112729549408, -0.10912065207958221, 0.9991394281387329
670, 6, 0.4340291917324066, 0.45610058307647705, -0.10917727649211884, 0.9991389513015747
670, 7, 0.4489668309688568, 0.466614693403244, -0.11432526260614395, 0.9975462555885315
670, 8, 0.43501025438308716, 0.4474794566631317, -0.11999154090881348, 0.9994754195213318
670, 9, 0.4414883553981781, 0.4612445831298828, -0.09695412218570709, 0.9982301592826843
670, 10, 0.4373031556606293, 0.45574870705604553, -0.09860914945602417, 0.9990955591201782
670, 11, 0.46699562668800354, 0.46200719475746155, -0.08845594525337219, 0.9993789196014404
670, 12, 0.43504372239112854, 0.4093059003353119, -0.0981893241405487, 0.9999340772628784
670, 13, 0.48158320784568787, 0.45733147859573364, -0.030426274985074997, 0.5298305153846741
670, 14, 0.4366491734981537, 0.38231509923934937, -0.04734093323349953, 0.7766373753547668
670, 15, 0.4717082977294922, 0.4647608995437622, 0.025446642190217972, 0.24821509420871735
670, 16, 0.43787726759910583, 0.3901926279067993, -0.0024739946238696575, 0.534949541091919
670, 17, 0.4738765358924866, 0.46922963857650757, 0.026338869705796242, 0.304796040058136
670, 18, 0.4371371865272522, 0.3867661654949188, -0.004458349198102951, 0.5645081996917725
670, 19, 0.4695923328399658, 0.46333616971969604, 0.020282363519072533, 0.2788098454475403
670, 20, 0.4383510947227478, 0.3911023437976837, -0.009192322380840778, 0.5341625809669495
670, 21, 0.46775728464126587, 0.4591801166534424, 0.024589192122220993, 0.22853252291679382
670, 22, 0.43947654962539673, 0.39387011528015137, -0.003491926472634077, 0.49442586302757263
670, 23, 0.47386544942855835, 0.389179527759552, 0.010346490889787674, 0.9997723698616028
670, 24, 0.46096286177635193, 0.3647661507129669, -0.010387611575424671, 0.9999653100967407
670, 25, 0.4644779562950134, 0.43050655722618103, 0.09561274945735931, 0.09291911870241165
670, 26, 0.43774834275245667, 0.3898376524448395, 0.057462919503450394, 0.4692847728729248
670, 27, 0.4673917293548584, 0.3860114514827728, 0.20374341309070587, 0.27560868859291077
670, 28, 0.4406924843788147, 0.3373938798904419, 0.15094350278377533, 0.6946464776992798
670, 29, 0.46954384446144104, 0.37510669231414795, 0.21641871333122253, 0.324892520904541
670, 30, 0.4434109628200531, 0.32626038789749146, 0.16131693124771118, 0.601871132850647
670, 31, 0.4624907076358795, 0.38843125104904175, 0.22753655910491943, 0.06741902232170105
670, 32, 0.43214312195777893, 0.3349589705467224, 0.16635487973690033, 0.18263989686965942
671, 0, 0.44402065873146057, 0.4241684079170227, -0.1916990429162979, 0.9961649179458618
671, 1, 0.44714489579200745, 0.42822349071502686, -0.2030363529920578, 0.9963130354881287
671, 2, 0.4486373960971832, 0.4305981397628784, -0.20304027199745178, 0.9958387613296509
671, 3, 0.45013871788978577, 0.43291303515434265, -0.20307698845863342, 0.9923834204673767
671, 4, 0.44296103715896606, 0.42055192589759827, -0.20422527194023132, 0.998986542224884
671, 5, 0.44168347120285034, 0.41775184869766235, -0.2042759358882904, 0.9990942478179932
671, 6, 0.44039878249168396, 0.41489261388778687, -0.2043268233537674, 0.9987131357192993
671, 7, 0.455436646938324, 0.43297508358955383, -0.20283666253089905, 0.9869008660316467
671, 8, 0.44045019149780273, 0.40505191683769226, -0.20764780044555664, 0.998691976070404
671, 9, 0.4469308853149414, 0.42424720525741577, -0.18455304205417633, 0.9939754605293274
671, 10, 0.4424940049648285, 0.4162404239177704, -0.18613092601299286, 0.997238039970398
671, 11, 0.4709831774234772, 0.43632787466049194, -0.15719902515411377, 0.9974965453147888
671, 12, 0.43326783180236816, 0.3720632791519165, -0.16289599239826202, 0.9990979433059692
671, 13, 0.48350387811660767, 0.44660359621047974, -0.09104220569133759, 0.996898889541626
671, 14, 0.4234112799167633, 0.3510572016239166, -0.0955883041024208, 0.9792435765266418
671, 15, 0.4777161478996277, 0.4553903341293335, -0.05365902930498123, 0.946168839931488
671, 16, 0.42553383111953735, 0.36535441875457764, -0.06567079573869705, 0.9672374725341797
671, 17, 0.4796135425567627, 0.46119171380996704, -0.06215506047010422, 0.9290595650672913
671, 18, 0.4254632592201233, 0.3648194670677185, -0.07566612213850021, 0.9537535905838013
671, 19, 0.47761160135269165, 0.45780149102211, -0.06912987679243088, 0.9025999903678894
671, 20, 0.4276637136936188, 0.3688848316669464, -0.08157089352607727, 0.9374135136604309
671, 21, 0.4754939079284668, 0.45312368869781494, -0.0555390827357769, 0.8166369199752808
671, 22, 0.4288497567176819, 0.3710494041442871, -0.06718216091394424, 0.9157215356826782
671, 23, 0.47400110960006714, 0.3843196928501129, 0.00033058662666007876, 0.9991527795791626
671, 24, 0.4573884606361389, 0.3568665087223053, -0.00034775162930600345, 0.99824059009552
671, 25, 0.46675974130630493, 0.41869863867759705, 0.13202063739299774, 0.19739142060279846
671, 26, 0.44987058639526367, 0.39071109890937805, 0.14451557397842407, 0.08520316332578659
671, 27, 0.4743822515010834, 0.4100135266780853, 0.30727624893188477, 0.5502928495407104
671, 28, 0.4555794596672058, 0.38378021121025085, 0.3096903860569, 0.2715603709220886
671, 29, 0.47701993584632874, 0.4034353792667389, 0.32791057229042053, 0.6144204139709473
671, 30, 0.4564852714538574, 0.37762880325317383, 0.3281360864639282, 0.34250786900520325
671, 31, 0.470645010471344, 0.4246889650821686, 0.3384707272052765, 0.03535756468772888
671, 32, 0.4518401026725769, 0.3939194083213806, 0.33249664306640625, 0.01697191596031189
672, 0, 0.4380200505256653, 0.43683627247810364, -0.16288886964321136, 0.9999374151229858
672, 1, 0.43970274925231934, 0.4415648877620697, -0.1772029995918274, 0.9999403953552246
672, 2, 0.440843403339386, 0.4435689151287079, -0.1771918535232544, 0.9999363422393799
672, 3, 0.4419921040534973, 0.4455285370349884, -0.17719930410385132, 0.9998747110366821
672, 4, 0.43681973218917847, 0.4346916973590851, -0.17933236062526703, 0.9999845027923584
672, 5, 0.4361192286014557, 0.43221601843833923, -0.17938558757305145, 0.9999878406524658
672, 6, 0.4354177415370941, 0.42968669533729553, -0.17940443754196167, 0.999983549118042
672, 7, 0.4478408694267273, 0.44508323073387146, -0.1892896443605423, 0.999884843826294
672, 8, 0.4375216066837311, 0.4203589856624603, -0.198775053024292, 0.9999836683273315
672, 9, 0.4416533410549164, 0.43567734956741333, -0.15970192849636078, 0.9998577833175659
672, 10, 0.4388614296913147, 0.429015189409256, -0.1626092791557312, 0.9999485015869141
672, 11, 0.46445077657699585, 0.44484207034111023, -0.15167205035686493, 0.9994739890098572
672, 12, 0.44019022583961487, 0.3844216763973236, -0.16860520839691162, 0.9999245405197144
672, 13, 0.47622817754745483, 0.44494298100471497, -0.07765637338161469, 0.9951745867729187
672, 14, 0.4375595450401306, 0.3571608364582062, -0.10676851123571396, 0.9979275465011597
672, 15, 0.4677727222442627, 0.4563658535480499, -0.03708720952272415, 0.9246398210525513
672, 16, 0.43293362855911255, 0.36817100644111633, -0.076888307929039, 0.9882251024246216
672, 17, 0.4685846269130707, 0.46416565775871277, -0.04629368707537651, 0.9296389222145081
672, 18, 0.4308888018131256, 0.3663111925125122, -0.0893421471118927, 0.9826206564903259
672, 19, 0.4655439853668213, 0.46026358008384705, -0.05360354855656624, 0.9050542712211609
672, 20, 0.4321417808532715, 0.3719584047794342, -0.09433645755052567, 0.978766918182373
672, 21, 0.46449416875839233, 0.4547179341316223, -0.03934770077466965, 0.8632181286811829
672, 22, 0.433560311794281, 0.3738560676574707, -0.07844188809394836, 0.9731576442718506
672, 23, 0.4764862060546875, 0.3915415406227112, 0.004993879701942205, 0.9997212290763855
672, 24, 0.46733108162879944, 0.36584410071372986, -0.005036526825278997, 0.9997147917747498
672, 25, 0.4666966497898102, 0.4068913459777832, 0.15507717430591583, 0.1289699375629425
672, 26, 0.45786648988723755, 0.3743683993816376, 0.14464987814426422, 0.17241069674491882
672, 27, 0.4725513458251953, 0.40407902002334595, 0.32894814014434814, 0.2739275097846985
672, 28, 0.4564014971256256, 0.37550365924835205, 0.3188599646091461, 0.15218308568000793
672, 29, 0.4750845432281494, 0.4009935259819031, 0.3495192527770996, 0.36603739857673645
672, 30, 0.45688357949256897, 0.3729836344718933, 0.3388238847255707, 0.2575812339782715
672, 31, 0.4669662415981293, 0.41256192326545715, 0.3632907569408417, 0.03139353543519974
672, 32, 0.45008331537246704, 0.3809092342853546, 0.35038983821868896, 0.013753000646829605
673, 0, 0.44061368703842163, 0.4079929292201996, -0.20369300246238708, 0.9994507431983948
673, 1, 0.44304385781288147, 0.4116900563240051, -0.21054168045520782, 0.9996747970581055
673, 2, 0.4437376856803894, 0.4148983061313629, -0.21052810549736023, 0.9996525049209595
673, 3, 0.4444286823272705, 0.41805508732795715, -0.21055039763450623, 0.9993034601211548
673, 4, 0.4411855638027191, 0.4020877480506897, -0.21161869168281555, 0.9998495578765869
673, 5, 0.4406042993068695, 0.3988092541694641, -0.21166197955608368, 0.9998682737350464
673, 6, 0.44003719091415405, 0.3955092430114746, -0.21169395744800568, 0.9997997879981995
673, 7, 0.4475023150444031, 0.42318788170814514, -0.1942911446094513, 0.9992096424102783
673, 8, 0.4410399794578552, 0.3893280327320099, -0.19931678473949432, 0.9999392032623291
673, 9, 0.44231849908828735, 0.41316595673561096, -0.19187812507152557, 0.9992815852165222
673, 10, 0.4401066303253174, 0.4026057720184326, -0.19350497424602509, 0.9996275901794434
673, 11, 0.45522016286849976, 0.4433228075504303, -0.14081986248493195, 0.9992454051971436
673, 12, 0.4421803057193756, 0.3647170662879944, -0.14430175721645355, 0.9994816184043884
673, 13, 0.45767465233802795, 0.46444931626319885, -0.08853354305028915, 0.9846269488334656
673, 14, 0.44206875562667847, 0.35237863659858704, -0.07784516364336014, 0.9361132383346558
673, 15, 0.4476812481880188, 0.46452298760414124, -0.06330183893442154, 0.9025524854660034
673, 16, 0.4386674761772156, 0.3752630054950714, -0.04467865079641342, 0.910882830619812
673, 17, 0.4456249177455902, 0.4705168306827545, -0.070302315056324, 0.8025469779968262
673, 18, 0.4367237687110901, 0.3763987123966217, -0.049914877861738205, 0.8258793950080872
673, 19, 0.4454672336578369, 0.46197572350502014, -0.07682907581329346, 0.77740478515625
673, 20, 0.43895459175109863, 0.38223403692245483, -0.05584552884101868, 0.793969988822937
673, 21, 0.44581013917922974, 0.457416832447052, -0.06543733924627304, 0.6783072352409363
673, 22, 0.44025564193725586, 0.384530246257782, -0.045589081943035126, 0.7597953677177429
673, 23, 0.47436395287513733, 0.4011995196342468, -0.002449034247547388, 0.9996932744979858
673, 24, 0.46873751282691956, 0.36489394307136536, 0.0024329815059900284, 0.9996139407157898
673, 25, 0.46435993909835815, 0.4288448691368103, 0.09593864530324936, 0.6652556657791138
673, 26, 0.4587169289588928, 0.38944023847579956, 0.10956425964832306, 0.1796610951423645
673, 27, 0.4760332703590393, 0.4191834330558777, 0.24548988044261932, 0.6478456258773804
673, 28, 0.4702650010585785, 0.38847142457962036, 0.24828729033470154, 0.32666775584220886
673, 29, 0.47980403900146484, 0.41574913263320923, 0.2623581886291504, 0.6679670214653015
673, 30, 0.47286930680274963, 0.3850056231021881, 0.26334822177886963, 0.26973024010658264
673, 31, 0.47106871008872986, 0.42525237798690796, 0.26497727632522583, 0.16640183329582214
673, 32, 0.46657413244247437, 0.394543319940567, 0.25939998030662537, 0.05937228724360466
674, 0, 0.4413317143917084, 0.4080246090888977, -0.20615121722221375, 0.9988773465156555
674, 1, 0.4439542889595032, 0.4112502932548523, -0.21296367049217224, 0.999206006526947
674, 2, 0.44470882415771484, 0.4144878089427948, -0.21295873820781708, 0.9991468191146851
674, 3, 0.44546112418174744, 0.41767391562461853, -0.2129846066236496, 0.998357355594635
674, 4, 0.4420488476753235, 0.4014121890068054, -0.21378131210803986, 0.999653697013855
674, 5, 0.4414832592010498, 0.39798974990844727, -0.21382734179496765, 0.9996927976608276
674, 6, 0.4409315586090088, 0.39454251527786255, -0.21386747062206268, 0.9995488524436951
674, 7, 0.4488539695739746, 0.4223155081272125, -0.1964891105890274, 0.9979903697967529
674, 8, 0.4421481490135193, 0.38749825954437256, -0.20030970871448517, 0.9998154044151306
674, 9, 0.44318658113479614, 0.41317886114120483, -0.19413574039936066, 0.9982262253761292
674, 10, 0.44088369607925415, 0.40230318903923035, -0.19542653858661652, 0.9990144968032837
674, 11, 0.4572980999946594, 0.4434320330619812, -0.14346662163734436, 0.9982293248176575
674, 12, 0.4427375793457031, 0.36281317472457886, -0.14597459137439728, 0.9990744590759277
674, 13, 0.4599100947380066, 0.46485579013824463, -0.09421999752521515, 0.9865689277648926
674, 14, 0.43956226110458374, 0.3464805483818054, -0.08793162554502487, 0.9649649262428284
674, 15, 0.4494064450263977, 0.4628775715827942, -0.075362429022789, 0.9157949686050415
674, 16, 0.43664827942848206, 0.3684597313404083, -0.06401489675045013, 0.9539759159088135
674, 17, 0.4472595751285553, 0.4686211049556732, -0.08371767401695251, 0.8332138061523438
674, 18, 0.43496575951576233, 0.36956724524497986, -0.07115151733160019, 0.8972645401954651
674, 19, 0.44697436690330505, 0.4599057137966156, -0.09058306366205215, 0.8087074160575867
674, 20, 0.43733492493629456, 0.37524908781051636, -0.07692646235227585, 0.8760005831718445
674, 21, 0.4473957121372223, 0.4552370309829712, -0.07775131613016129, 0.7077920436859131
674, 22, 0.4386013150215149, 0.3774748146533966, -0.06520150601863861, 0.8483374118804932
674, 23, 0.475036084651947, 0.40161243081092834, -0.0032729387748986483, 0.9990667700767517
674, 24, 0.4682665765285492, 0.366070419549942, 0.0032751925755292177, 0.9989709854125977
674, 25, 0.46298545598983765, 0.4271159768104553, 0.09715426713228226, 0.5794696807861328
674, 26, 0.45698031783103943, 0.38954848051071167, 0.11286135017871857, 0.22490723431110382
674, 27, 0.4723943769931793, 0.41708412766456604, 0.24917837977409363, 0.5904156565666199
674, 28, 0.4665488302707672, 0.38756442070007324, 0.25282126665115356, 0.32737472653388977
674, 29, 0.47619518637657166, 0.4131110608577728, 0.2660256028175354, 0.5726218819618225
674, 30, 0.4689365029335022, 0.38379424810409546, 0.2680031955242157, 0.24105145037174225
674, 31, 0.46593084931373596, 0.42673876881599426, 0.2677292227745056, 0.12453633546829224
674, 32, 0.46216917037963867, 0.395749568939209, 0.264649361371994, 0.055970363318920135
675, 0, 0.44216132164001465, 0.4068821668624878, -0.19721674919128418, 0.991351842880249
675, 1, 0.4466862678527832, 0.4071817100048065, -0.20166940987110138, 0.9935532808303833
675, 2, 0.4478136897087097, 0.41033807396888733, -0.2016693651676178, 0.99208003282547
675, 3, 0.44892996549606323, 0.41343408823013306, -0.2016870230436325, 0.9843332171440125
675, 4, 0.4437183439731598, 0.3976176381111145, -0.20262551307678223, 0.9976460337638855
675, 5, 0.4427872598171234, 0.3943847715854645, -0.2026762217283249, 0.998008668422699
675, 6, 0.4418582022190094, 0.3911217153072357, -0.2027287483215332, 0.9973493814468384
675, 7, 0.4533289074897766, 0.4184253215789795, -0.17683832347393036, 0.9872363805770874
675, 8, 0.4422973692417145, 0.3844844698905945, -0.18050400912761688, 0.9992071986198425
675, 9, 0.44429096579551697, 0.4134196937084198, -0.18242056667804718, 0.990911602973938
675, 10, 0.440591037273407, 0.4030233919620514, -0.18369245529174805, 0.99592125415802
675, 11, 0.46326345205307007, 0.44625088572502136, -0.11943978071212769, 0.9948495030403137
675, 12, 0.4379485249519348, 0.363083153963089, -0.12358566373586655, 0.9987654685974121
675, 13, 0.4722200334072113, 0.47096946835517883, -0.06542310118675232, 0.8530040979385376
675, 14, 0.43276458978652954, 0.34821802377700806, -0.06065109372138977, 0.9516154527664185
675, 15, 0.4694420397281647, 0.4727475345134735, -0.03401067107915878, 0.8245400786399841
675, 16, 0.43784695863723755, 0.36062413454055786, -0.019539786502718925, 0.9385377168655396
675, 17, 0.47078967094421387, 0.47985395789146423, -0.03607917204499245, 0.8122779726982117
675, 18, 0.43837398290634155, 0.3596474826335907, -0.02057894691824913, 0.9160295128822327
675, 19, 0.46925145387649536, 0.46935001015663147, -0.03936535120010376, 0.8054336309432983
675, 20, 0.4413195252418518, 0.36353814601898193, -0.02471943385899067, 0.9046981930732727
675, 21, 0.46805745363235474, 0.4639098644256592, -0.034130729734897614, 0.651318371295929
675, 22, 0.4420994818210602, 0.36660122871398926, -0.01952364109456539, 0.8747847080230713
675, 23, 0.47245606780052185, 0.400866836309433, 0.002033864613622427, 0.9985113739967346
675, 24, 0.4620376527309418, 0.36681607365608215, -0.0020703556947410107, 0.9989379048347473
675, 25, 0.45872655510902405, 0.4342120587825775, 0.08392124623060226, 0.20045985281467438
675, 26, 0.4422823488712311, 0.39676955342292786, 0.08585008978843689, 0.16416114568710327
675, 27, 0.46652236580848694, 0.42268624901771545, 0.21840712428092957, 0.2138713151216507
675, 28, 0.44841432571411133, 0.38720211386680603, 0.2142096310853958, 0.1704503893852234
675, 29, 0.4689834713935852, 0.41961780190467834, 0.23409442603588104, 0.2573249340057373
675, 30, 0.4502190947532654, 0.3847852051258087, 0.22905805706977844, 0.14271263778209686
675, 31, 0.46234720945358276, 0.42812952399253845, 0.24635069072246552, 0.029223786666989326
675, 32, 0.44415050745010376, 0.3912309408187866, 0.2397421896457672, 0.02548137679696083
676, 0, 0.45035243034362793, 0.4429353177547455, -0.190748929977417, 0.9839824438095093
676, 1, 0.45479893684387207, 0.44192683696746826, -0.19425666332244873, 0.9827696084976196
676, 2, 0.4565325677394867, 0.4441576600074768, -0.19423644244670868, 0.9782865047454834
676, 3, 0.4582734704017639, 0.446286678314209, -0.19423727691173553, 0.9678981900215149
676, 4, 0.4498123526573181, 0.43436160683631897, -0.1936866044998169, 0.9890887141227722
676, 5, 0.44816750288009644, 0.43163684010505676, -0.19372956454753876, 0.9886313080787659
676, 6, 0.446542352437973, 0.4288741648197174, -0.1937882900238037, 0.9892874956130981
676, 7, 0.4635963439941406, 0.4435127377510071, -0.17031656205654144, 0.925472617149353
676, 8, 0.4456518590450287, 0.41619712114334106, -0.166596919298172, 0.9868574142456055
676, 9, 0.4535943865776062, 0.44394034147262573, -0.17732441425323486, 0.9473722577095032
676, 10, 0.4482736587524414, 0.43574967980384827, -0.1762806475162506, 0.9738336801528931
676, 11, 0.4790235161781311, 0.4523990750312805, -0.1216503158211708, 0.9685991406440735
676, 12, 0.432644784450531, 0.38439124822616577, -0.12453359365463257, 0.9949423670768738
676, 13, 0.48445671796798706, 0.49338454008102417, -0.10211727768182755, 0.6385229229927063
676, 14, 0.41203874349594116, 0.3973870575428009, -0.11556650698184967, 0.9083567261695862
676, 15, 0.4725225865840912, 0.4932112693786621, -0.11602494865655899, 0.6622356176376343
676, 16, 0.4142962396144867, 0.42776209115982056, -0.12762489914894104, 0.9801193475723267
676, 17, 0.4715578556060791, 0.4979158043861389, -0.12745250761508942, 0.6519046425819397
676, 18, 0.4115472733974457, 0.43390607833862305, -0.14057104289531708, 0.9596813321113586
676, 19, 0.4675109386444092, 0.48752474784851074, -0.13206921517848969, 0.6634270548820496
676, 20, 0.4188617765903473, 0.4379388689994812, -0.14324533939361572, 0.9586569666862488
676, 21, 0.46678122878074646, 0.4824921488761902, -0.11849145591259003, 0.5486411452293396
676, 22, 0.422123521566391, 0.43638622760772705, -0.12881045043468475, 0.9465252161026001
676, 23, 0.4857005178928375, 0.38660329580307007, -0.008159705437719822, 0.9638434648513794
676, 24, 0.4644133150577545, 0.35269635915756226, 0.008028493262827396, 0.9770598411560059
676, 25, 0.4648871421813965, 0.4423038959503174, 0.07398650050163269, 0.07575059682130814
676, 26, 0.4428764879703522, 0.40067294239997864, 0.07962217181921005, 0.04191989451646805
676, 27, 0.46705594658851624, 0.4419242739677429, 0.18588517606258392, 0.13461191952228546
676, 28, 0.4562686085700989, 0.41297242045402527, 0.19394339621067047, 0.0644354298710823
676, 29, 0.4684183597564697, 0.43704065680503845, 0.1977190226316452, 0.11466102302074432
676, 30, 0.4600098133087158, 0.41239428520202637, 0.20721392333507538, 0.07028724253177643
676, 31, 0.46088308095932007, 0.4603167772293091, 0.21230337023735046, 0.03825455904006958
676, 32, 0.455849826335907, 0.43103551864624023, 0.22524209320545197, 0.03217034414410591
677, 0, 0.4423602223396301, 0.42196300625801086, -0.20458491146564484, 0.9965804219245911
677, 1, 0.4462459683418274, 0.4198370575904846, -0.21451279520988464, 0.9978965520858765
677, 2, 0.4480615556240082, 0.42195531725883484, -0.2145013064146042, 0.9973286390304565
677, 3, 0.44985446333885193, 0.42403560876846313, -0.21451321244239807, 0.9953349232673645
677, 4, 0.4408904016017914, 0.4127205014228821, -0.21506428718566895, 0.9990863800048828
677, 5, 0.4391666054725647, 0.41014644503593445, -0.21511563658714294, 0.9992413520812988
677, 6, 0.4374360144138336, 0.40753304958343506, -0.21518459916114807, 0.9992671608924866
677, 7, 0.4554365277290344, 0.42617326974868774, -0.20839877426624298, 0.9985768795013428
677, 8, 0.4362385869026184, 0.4014812409877777, -0.21121922135353088, 0.9998154044151306
677, 9, 0.44640105962753296, 0.4263768494129181, -0.1959407478570938, 0.9988993406295776
677, 10, 0.44023704528808594, 0.41904863715171814, -0.19701476395130157, 0.9995476603507996
677, 11, 0.47043952345848083, 0.4452916383743286, -0.15583360195159912, 0.9990133047103882
677, 12, 0.4348723888397217, 0.3867150545120239, -0.1612709015607834, 0.9998787641525269
677, 13, 0.4777675271034241, 0.4415860176086426, -0.090194933116436, 0.578609824180603
677, 14, 0.4299996793270111, 0.3685359060764313, -0.10171538591384888, 0.9587138295173645
677, 15, 0.4713502824306488, 0.43162429332733154, -0.04921175539493561, 0.21649496257305145
677, 16, 0.4225919842720032, 0.36085212230682373, -0.06112588196992874, 0.9050496220588684
677, 17, 0.4736971855163574, 0.4317317008972168, -0.0504305362701416, 0.31104594469070435
677, 18, 0.41930586099624634, 0.3529464304447174, -0.06355945765972137, 0.8636695146560669
677, 19, 0.47042185068130493, 0.4244605302810669, -0.054272063076496124, 0.28475627303123474
677, 20, 0.41961902379989624, 0.35745713114738464, -0.06702770292758942, 0.8325834274291992
677, 21, 0.4682843089103699, 0.4226641058921814, -0.04876726493239403, 0.16957847774028778
677, 22, 0.42241722345352173, 0.36234191060066223, -0.06107162684202194, 0.7995073199272156
677, 23, 0.46923112869262695, 0.41195517778396606, 0.0072587886825203896, 0.9995611310005188
677, 24, 0.45504504442214966, 0.38396432995796204, -0.007194788195192814, 0.9998903274536133
677, 25, 0.45691627264022827, 0.4469899833202362, 0.11916296184062958, 0.25581929087638855
677, 26, 0.4379861354827881, 0.41550105810165405, 0.10016818344593048, 0.3412783443927765
677, 27, 0.46446195244789124, 0.42329785227775574, 0.2640441954135895, 0.4060916602611542
677, 28, 0.4427933096885681, 0.3928174376487732, 0.24142980575561523, 0.531999409198761
677, 29, 0.46789687871932983, 0.4172862470149994, 0.280478835105896, 0.4658720791339874
677, 30, 0.4466110169887543, 0.38780611753463745, 0.2573959231376648, 0.40326550602912903
677, 31, 0.4580066204071045, 0.42644813656806946, 0.2864464521408081, 0.03371501713991165
677, 32, 0.4344816207885742, 0.39639490842819214, 0.26181110739707947, 0.060050975531339645
678, 0, 0.4397194981575012, 0.46881863474845886, -0.21201331913471222, 0.9999986886978149
678, 1, 0.4405759871006012, 0.4755294919013977, -0.22384440898895264, 0.9999994039535522
678, 2, 0.44118842482566833, 0.4765845537185669, -0.22380700707435608, 0.9999990463256836
678, 3, 0.4417541027069092, 0.4776301980018616, -0.22380122542381287, 0.9999986886978149
678, 4, 0.4390292167663574, 0.47233492136001587, -0.22903187572956085, 0.9999997615814209
678, 5, 0.4387968182563782, 0.47141233086586, -0.2290457934141159, 0.9999996423721313
678, 6, 0.43857264518737793, 0.47047194838523865, -0.22899098694324493, 0.9999996423721313
678, 7, 0.4464038908481598, 0.4774840176105499, -0.22339126467704773, 0.9999988079071045
678, 8, 0.4412149488925934, 0.46565455198287964, -0.24626561999320984, 0.9999995231628418
678, 9, 0.44242921471595764, 0.46564245223999023, -0.2036384642124176, 0.999991774559021
678, 10, 0.4415278434753418, 0.4629559814929962, -0.21044453978538513, 0.999996542930603
678, 11, 0.4639596939086914, 0.4672083556652069, -0.16820596158504486, 0.9999780654907227
678, 12, 0.4414718747138977, 0.43331801891326904, -0.22213086485862732, 0.9999932050704956
678, 13, 0.4782615602016449, 0.4383177161216736, -0.09064128994941711, 0.9977892637252808
678, 14, 0.4426097273826599, 0.39541566371917725, -0.17310017347335815, 0.9996869564056396
678, 15, 0.4776378273963928, 0.42620185017585754, -0.05529152229428291, 0.9484754204750061
678, 16, 0.43253880739212036, 0.3686459958553314, -0.13906897604465485, 0.999497652053833
678, 17, 0.477491557598114, 0.4282529652118683, -0.06698479503393173, 0.9359126091003418
678, 18, 0.42828887701034546, 0.365157812833786, -0.15784455835819244, 0.9974914789199829
678, 19, 0.47659820318222046, 0.4284822344779968, -0.0709686353802681, 0.90061354637146
678, 20, 0.42707687616348267, 0.369165301322937, -0.159513458609581, 0.9963400363922119
678, 21, 0.4762325882911682, 0.4260340929031372, -0.05669451877474785, 0.8259877562522888
678, 22, 0.43061456084251404, 0.37216269969940186, -0.13947011530399323, 0.9931054711341858
678, 23, 0.4695243835449219, 0.41556549072265625, 0.013072388246655464, 0.99997878074646
678, 24, 0.4622172713279724, 0.3992527425289154, -0.013152098283171654, 0.9999548196792603
678, 25, 0.4690009653568268, 0.40155690908432007, 0.21905310451984406, 0.056368470191955566
678, 26, 0.45624789595603943, 0.38408055901527405, 0.1865101009607315, 0.05583949387073517
678, 27, 0.4725695252418518, 0.381877601146698, 0.42286619544029236, 0.474500447511673
678, 28, 0.46298927068710327, 0.3775694668292999, 0.39686283469200134, 0.4127867519855499
678, 29, 0.4749241769313812, 0.37903159856796265, 0.4463638663291931, 0.6090301275253296
678, 30, 0.4646317958831787, 0.3743135631084442, 0.4209517538547516, 0.568189799785614
678, 31, 0.46807342767715454, 0.37674200534820557, 0.4636947512626648, 0.013265477493405342
678, 32, 0.45977550745010376, 0.37601086497306824, 0.43450433015823364, 0.014862573705613613
679, 0, 0.4447324872016907, 0.4349873960018158, -0.2564132511615753, 0.9977326393127441
679, 1, 0.44878536462783813, 0.4328199625015259, -0.26196348667144775, 0.995434582233429
679, 2, 0.45045727491378784, 0.4339737296104431, -0.2620125412940979, 0.9937607645988464
679, 3, 0.4521346986293793, 0.4350584149360657, -0.2620871067047119, 0.9945406317710876
679, 4, 0.44453057646751404, 0.42833060026168823, -0.2633937895298004, 0.9974219799041748
679, 5, 0.4432705342769623, 0.4264448881149292, -0.26343634724617004, 0.9965971112251282
679, 6, 0.4419693052768707, 0.42454269528388977, -0.2634829878807068, 0.9969088435173035
679, 7, 0.4577983021736145, 0.4307125508785248, -0.23992161452770233, 0.9761137366294861
679, 8, 0.4420599341392517, 0.41500571370124817, -0.245081827044487, 0.9955081939697266
679, 9, 0.4480898976325989, 0.43511319160461426, -0.24246570467948914, 0.9974181652069092
679, 10, 0.44276151061058044, 0.4303537905216217, -0.24397747218608856, 0.9972224235534668
679, 11, 0.4742383360862732, 0.43774983286857605, -0.18501140177249908, 0.9988614320755005
679, 12, 0.4320887625217438, 0.3997049629688263, -0.1891402155160904, 0.999369204044342
679, 13, 0.4878165125846863, 0.4651266634464264, -0.18366608023643494, 0.9517281651496887
679, 14, 0.4153820872306824, 0.41133907437324524, -0.1835215538740158, 0.9963494539260864
679, 15, 0.48187056183815, 0.4867379367351532, -0.23036488890647888, 0.9713082909584045
679, 16, 0.40467768907546997, 0.45109128952026367, -0.21323958039283752, 0.9983682036399841
679, 17, 0.4833395481109619, 0.4953073263168335, -0.25507667660713196, 0.9685651063919067
679, 18, 0.3991324305534363, 0.4599039852619171, -0.2374963015317917, 0.9965682029724121
679, 19, 0.47909989953041077, 0.4930277466773987, -0.26314955949783325, 0.9658622145652771
679, 20, 0.40382152795791626, 0.46533676981925964, -0.24557018280029297, 0.9958915710449219
679, 21, 0.4777051508426666, 0.4883492887020111, -0.23590748012065887, 0.9314470291137695
679, 22, 0.40723806619644165, 0.4629442095756531, -0.21819695830345154, 0.9936956763267517
679, 23, 0.47158026695251465, 0.38377371430397034, 0.0007568756700493395, 0.9994101524353027
679, 24, 0.45169273018836975, 0.3732842206954956, -0.0007046008831821382, 0.9995775818824768
679, 25, 0.47543033957481384, 0.4490009844303131, 0.0756455510854721, 0.09717357158660889
679, 26, 0.44524282217025757, 0.44736623764038086, 0.06979722529649734, 0.17000949382781982
679, 27, 0.4683454632759094, 0.47161924839019775, 0.22716350853443146, 0.13526597619056702
679, 28, 0.4504168629646301, 0.4664023518562317, 0.20517854392528534, 0.09341628849506378
679, 29, 0.46745428442955017, 0.47044530510902405, 0.24276109039783478, 0.1879093497991562
679, 30, 0.45092782378196716, 0.4644593596458435, 0.21878257393836975, 0.0937623456120491
679, 31, 0.4666213095188141, 0.49715888500213623, 0.22733116149902344, 0.15450730919837952
679, 32, 0.45216503739356995, 0.48908698558807373, 0.20045176148414612, 0.1315363198518753
680, 0, 0.4607716202735901, 0.47036463022232056, -0.21593400835990906, 0.9973118305206299
680, 1, 0.45555752515792847, 0.4818327724933624, -0.22640661895275116, 0.999214768409729
680, 2, 0.45258694887161255, 0.4813098609447479, -0.22640247642993927, 0.9992586970329285
680, 3, 0.44964322447776794, 0.48072847723960876, -0.22655506432056427, 0.9991917014122009
680, 4, 0.4632440209388733, 0.48436033725738525, -0.22172312438488007, 0.9991590976715088
680, 5, 0.4657732844352722, 0.48543956875801086, -0.22174549102783203, 0.9991980195045471
680, 6, 0.4682769775390625, 0.48647817969322205, -0.2216964066028595, 0.999064028263092
680, 7, 0.4424137473106384, 0.4792017340660095, -0.22313353419303894, 0.9994620680809021
680, 8, 0.469311386346817, 0.4861117899417877, -0.19989491999149323, 0.9991426467895508
680, 9, 0.45515623688697815, 0.4591687023639679, -0.20818667113780975, 0.9958556294441223
680, 10, 0.46371597051620483, 0.46125108003616333, -0.20147693157196045, 0.9968544840812683
680, 11, 0.43039923906326294, 0.45173361897468567, -0.17308135330677032, 0.9994783997535706
680, 12, 0.4731523096561432, 0.4718325734138489, -0.1414298713207245, 0.9996401071548462
680, 13, 0.41888898611068726, 0.45438605546951294, -0.1211443766951561, 0.8678048849105835
680, 14, 0.48673683404922485, 0.4704349935054779, -0.06669263541698456, 0.37443670630455017
680, 15, 0.43649792671203613, 0.5015245079994202, -0.05477017164230347, 0.6259046196937561
680, 16, 0.47152647376060486, 0.5144410729408264, -0.02217762917280197, 0.3119144141674042
680, 17, 0.43880265951156616, 0.5112748146057129, -0.05104147270321846, 0.44533571600914
680, 18, 0.47022953629493713, 0.5264497995376587, -0.020565656945109367, 0.25065356492996216
680, 19, 0.44268494844436646, 0.518896222114563, -0.05172080546617508, 0.4079800248146057
680, 20, 0.46779003739356995, 0.5271201729774475, -0.021612390875816345, 0.25551971793174744
680, 21, 0.44232621788978577, 0.5144206285476685, -0.052201442420482635, 0.37047019600868225
680, 22, 0.4663611948490143, 0.5225743651390076, -0.02009892277419567, 0.2265811711549759
680, 23, 0.443195641040802, 0.3822411000728607, -0.015807993710041046, 0.999969482421875
680, 24, 0.4649277627468109, 0.40153011679649353, 0.01614285074174404, 0.9999836683273315
680, 25, 0.46602338552474976, 0.42701858282089233, -0.0006384964217431843, 0.641302764415741
680, 26, 0.4888831079006195, 0.472700297832489, -0.013071653433144093, 0.4912675619125366
680, 27, 0.491158664226532, 0.49184730648994446, 0.0591389462351799, 0.1717502921819687
680, 28, 0.5033739805221558, 0.4955921471118927, -0.07641974836587906, 0.18590933084487915
680, 29, 0.4947975277900696, 0.4901807904243469, 0.06821213662624359, 0.19393441081047058
680, 30, 0.5041190981864929, 0.48179930448532104, -0.08036443591117859, 0.1899920105934143
680, 31, 0.5075510740280151, 0.5388420224189758, 0.07001602649688721, 0.2170245498418808
680, 32, 0.5081716775894165, 0.5414547324180603, -0.09253867715597153, 0.2996296286582947
681, 0, 0.45351988077163696, 0.4675073027610779, -0.39692339301109314, 0.9973393082618713
681, 1, 0.46054044365882874, 0.45683279633522034, -0.40170183777809143, 0.9960336089134216
681, 2, 0.464242160320282, 0.45706260204315186, -0.40172284841537476, 0.9958544969558716
681, 3, 0.4693477749824524, 0.4542389214038849, -0.4017724394798279, 0.9953896999359131
681, 4, 0.45040446519851685, 0.45307931303977966, -0.40219536423683167, 0.996697187423706
681, 5, 0.44722405076026917, 0.450912207365036, -0.40225592255592346, 0.9969936609268188
681, 6, 0.4440251290798187, 0.44872552156448364, -0.40230196714401245, 0.9962587356567383
681, 7, 0.4778286814689636, 0.4417140483856201, -0.35751262307167053, 0.9829555749893188
681, 8, 0.44033879041671753, 0.4277516305446625, -0.3585190176963806, 0.9949421286582947
681, 9, 0.4605918824672699, 0.46559131145477295, -0.3737182915210724, 0.9961845278739929
681, 10, 0.4489527642726898, 0.46099841594696045, -0.37395256757736206, 0.9957450032234192
681, 11, 0.5034388899803162, 0.4460490047931671, -0.2622016966342926, 0.9770277738571167
681, 12, 0.4192734658718109, 0.40633147954940796, -0.25467467308044434, 0.9806925654411316
681, 13, 0.5074158906936646, 0.527527391910553, -0.23811021447181702, 0.8309399485588074
681, 14, 0.4001998007297516, 0.46497616171836853, -0.22202470898628235, 0.9448547959327698
681, 15, 0.5008704662322998, 0.5926494002342224, -0.3203662633895874, 0.9257104992866516
681, 16, 0.4160154461860657, 0.5361987948417664, -0.2810092568397522, 0.9837681651115417
681, 17, 0.5035631060600281, 0.6111059188842773, -0.3608989715576172, 0.9152265787124634
681, 18, 0.4140416085720062, 0.5543273687362671, -0.31886932253837585, 0.9693349003791809
681, 19, 0.4963241219520569, 0.6044694781303406, -0.37536224722862244, 0.9163903594017029
681, 20, 0.4249320924282074, 0.553437352180481, -0.3401981294155121, 0.9659349322319031
681, 21, 0.4937747120857239, 0.5965543389320374, -0.3306284248828888, 0.8967632055282593
681, 22, 0.42892152070999146, 0.5463359951972961, -0.2922545075416565, 0.961492657661438
681, 23, 0.49687233567237854, 0.36958470940589905, -0.012572916224598885, 0.9939209222793579
681, 24, 0.4553534984588623, 0.3562973737716675, 0.012724323198199272, 0.9935957789421082
681, 25, 0.5148559808731079, 0.521276593208313, 0.0040046642534434795, 0.47961464524269104
681, 26, 0.4597310423851013, 0.5052497982978821, 0.037653110921382904, 0.2595365345478058
681, 27, 0.5248217582702637, 0.6087580919265747, 0.16177041828632355, 0.38774818181991577
681, 28, 0.48933273553848267, 0.5921394228935242, 0.20065386593341827, 0.15142975747585297
681, 29, 0.527090311050415, 0.6187372803688049, 0.17615759372711182, 0.3280503749847412
681, 30, 0.4979194700717926, 0.6036692261695862, 0.2162603884935379, 0.15727785229682922
681, 31, 0.5207794308662415, 0.6545880436897278, 0.11899647861719131, 0.6099792718887329
681, 32, 0.48468828201293945, 0.631536602973938, 0.16411449015140533, 0.2362484484910965
682, 0, 0.45392027497291565, 0.4607490003108978, -0.20824769139289856, 0.9993597865104675
682, 1, 0.4534689784049988, 0.4627285301685333, -0.21022982895374298, 0.9992712140083313
682, 2, 0.45320963859558105, 0.46331655979156494, -0.2102496325969696, 0.9989479184150696
682, 3, 0.4529605805873871, 0.463836133480072, -0.21030831336975098, 0.9990922212600708
682, 4, 0.45392122864723206, 0.46108007431030273, -0.20947596430778503, 0.9996579885482788
682, 5, 0.4540380537509918, 0.46036937832832336, -0.209574893116951, 0.9995757937431335
682, 6, 0.4541204571723938, 0.45966532826423645, -0.2096319943666458, 0.9996663331985474
682, 7, 0.45182204246520996, 0.46077343821525574, -0.1825433373451233, 0.9973209500312805
682, 8, 0.45267072319984436, 0.45472609996795654, -0.17877048254013062, 0.9995036125183105
682, 9, 0.4531111717224121, 0.4580704867839813, -0.19393543899059296, 0.998989999294281
682, 10, 0.45358848571777344, 0.45573970675468445, -0.1929679960012436, 0.9995996356010437
682, 11, 0.4545743465423584, 0.44921815395355225, -0.13466718792915344, 0.9993545413017273
682, 12, 0.4488587975502014, 0.4468611478805542, -0.12649989128112793, 0.9998816251754761
682, 13, 0.45734649896621704, 0.47467273473739624, -0.13278698921203613, 0.8095778226852417
682, 14, 0.45391884446144104, 0.4593356251716614, -0.10160042345523834, 0.8732591867446899
682, 15, 0.4498539865016937, 0.5245776176452637, -0.1594787985086441, 0.8123464584350586
682, 16, 0.43571382761001587, 0.49940845370292664, -0.11012865602970123, 0.8817110061645508
682, 17, 0.4500545859336853, 0.5384395122528076, -0.17709662020206451, 0.7385312914848328
682, 18, 0.42955532670021057, 0.5075966119766235, -0.12638723850250244, 0.8042433261871338
682, 19, 0.4462193548679352, 0.5389131307601929, -0.18371029198169708, 0.7168494462966919
682, 20, 0.42993372678756714, 0.5112723112106323, -0.12727215886116028, 0.7866546511650085
682, 21, 0.4458373486995697, 0.5325261950492859, -0.16379547119140625, 0.660666823387146
682, 22, 0.4318038821220398, 0.5076023936271667, -0.11109182983636856, 0.7377080917358398
682, 23, 0.4669880270957947, 0.3826029598712921, -0.008461259305477142, 0.999893069267273
682, 24, 0.46262359619140625, 0.3886113166809082, 0.008587094955146313, 0.9999785423278809
682, 25, 0.4827457070350647, 0.45511138439178467, 0.033479541540145874, 0.4051833152770996
682, 26, 0.47128015756607056, 0.4583621025085449, -0.03403029218316078, 0.5894027948379517
682, 27, 0.5041943788528442, 0.4881872534751892, 0.11914243549108505, 0.3142207860946655
682, 28, 0.49886059761047363, 0.4910098910331726, -0.016866343095898628, 0.39100882411003113
682, 29, 0.5073060989379883, 0.4859282076358795, 0.12752674520015717, 0.24791046977043152
682, 30, 0.5043931007385254, 0.4879299998283386, -0.015831563621759415, 0.2754429578781128
682, 31, 0.5110297799110413, 0.5221808552742004, 0.10163512080907822, 0.4002707302570343
682, 32, 0.5031124949455261, 0.5251014232635498, -0.0522640235722065, 0.5177258849143982
683, 0, 0.45690250396728516, 0.42117664217948914, -0.30514654517173767, 0.9996707439422607
683, 1, 0.4602051377296448, 0.4131755530834198, -0.3073555529117584, 0.9996823072433472
683, 2, 0.46223634481430054, 0.41262146830558777, -0.30739325284957886, 0.9995602965354919
683, 3, 0.4642738401889801, 0.41198891401290894, -0.30746614933013916, 0.9995879530906677
683, 4, 0.4544740617275238, 0.4127211570739746, -0.3081449866294861, 0.9997525811195374
683, 5, 0.45267075300216675, 0.4118318259716034, -0.30818405747413635, 0.9996534585952759
683, 6, 0.4507976472377777, 0.4110580384731293, -0.30822843313217163, 0.9996904134750366
683, 7, 0.46969881653785706, 0.40130695700645447, -0.2738565504550934, 0.9981295466423035
683, 8, 0.448188841342926, 0.39938998222351074, -0.2767760455608368, 0.9995430707931519
683, 9, 0.46097421646118164, 0.41954344511032104, -0.2876071631908417, 0.9993067979812622
683, 10, 0.454026460647583, 0.41901177167892456, -0.28842008113861084, 0.9989989399909973
683, 11, 0.48594850301742554, 0.4054596424102783, -0.19790330529212952, 0.9896798729896545
683, 12, 0.43695878982543945, 0.3997689187526703, -0.21228201687335968, 0.9864532351493835
683, 13, 0.49079352617263794, 0.4647832214832306, -0.18486598134040833, 0.8726818561553955
683, 14, 0.4263376295566559, 0.4561019837856293, -0.19692973792552948, 0.9840659499168396
683, 15, 0.4924764633178711, 0.5154023170471191, -0.23162510991096497, 0.9666773080825806
683, 16, 0.42614394426345825, 0.5144331455230713, -0.22615905106067657, 0.9927911758422852
683, 17, 0.4966595768928528, 0.5276062488555908, -0.2594667077064514, 0.9397890567779541
683, 18, 0.4218481481075287, 0.5309610366821289, -0.254692405462265, 0.9900012016296387
683, 19, 0.4911208748817444, 0.5270736813545227, -0.2684066891670227, 0.939005434513092
683, 20, 0.42842918634414673, 0.5286095142364502, -0.2633538246154785, 0.9891051650047302
683, 21, 0.48788982629776, 0.5218716263771057, -0.23824243247509003, 0.9040446877479553
683, 22, 0.4317165017127991, 0.5232765674591064, -0.23174095153808594, 0.9863668084144592
683, 23, 0.4778977334499359, 0.37868934869766235, 0.005335190799087286, 0.9992403984069824
683, 24, 0.4509281516075134, 0.38126370310783386, -0.005254778545349836, 0.9993801116943359
683, 25, 0.49525022506713867, 0.456281840801239, 0.07698614150285721, 0.16148607432842255
683, 26, 0.4507755637168884, 0.4825808107852936, 0.057236187160015106, 0.4068649411201477
683, 27, 0.47832685708999634, 0.49898529052734375, 0.2401680052280426, 0.10753143578767776
683, 28, 0.4558212161064148, 0.50055992603302, 0.21119424700737, 0.131623774766922
683, 29, 0.47431737184524536, 0.5023156404495239, 0.25674331188201904, 0.06062861531972885
683, 30, 0.4559449255466461, 0.49922528862953186, 0.2261938750743866, 0.1214527040719986
683, 31, 0.48008203506469727, 0.5261790156364441, 0.2291535884141922, 0.35008910298347473
683, 32, 0.4589248597621918, 0.5244749188423157, 0.1988987922668457, 0.3125794231891632
684, 0, 0.46278896927833557, 0.43729639053344727, -0.24262568354606628, 0.9996140599250793
684, 1, 0.4656657576560974, 0.42960989475250244, -0.2494175136089325, 0.9995738863945007
684, 2, 0.46753615140914917, 0.4284766614437103, -0.24942104518413544, 0.9994284510612488
684, 3, 0.46940165758132935, 0.4272983968257904, -0.24946340918540955, 0.9994668364524841
684, 4, 0.4602225422859192, 0.4306640923023224, -0.25080904364585876, 0.9996492862701416
684, 5, 0.45857304334640503, 0.43025487661361694, -0.25082695484161377, 0.9995598196983337
684, 6, 0.45691490173339844, 0.4298582375049591, -0.2508123219013214, 0.999599277973175
684, 7, 0.4741615355014801, 0.4165613353252411, -0.23666903376579285, 0.9986042380332947
684, 8, 0.45429515838623047, 0.4195193946361542, -0.24297527968883514, 0.9989199638366699
684, 9, 0.4662622809410095, 0.43443045020103455, -0.23268482089042664, 0.9994261264801025
684, 10, 0.4600082337856293, 0.43552616238594055, -0.23455283045768738, 0.9993197917938232
684, 11, 0.4881981313228607, 0.41054707765579224, -0.18095681071281433, 0.9671874046325684
684, 12, 0.44251304864883423, 0.4213385581970215, -0.1902121901512146, 0.9874963760375977
684, 13, 0.5038438439369202, 0.43325531482696533, -0.14602185785770416, 0.8950937390327454
684, 14, 0.42414236068725586, 0.4706951975822449, -0.1756167709827423, 0.9841157793998718
684, 15, 0.5155820250511169, 0.4657376706600189, -0.1395053267478943, 0.9211969375610352
684, 16, 0.4191161096096039, 0.5254647731781006, -0.18667027354240417, 0.9950811862945557
684, 17, 0.5227181911468506, 0.4709256589412689, -0.15423917770385742, 0.8487353920936584
684, 18, 0.41508013010025024, 0.540385901927948, -0.2082279473543167, 0.9915388226509094
684, 19, 0.5189455151557922, 0.4749518632888794, -0.16341939568519592, 0.8365456461906433
684, 20, 0.420868456363678, 0.5384448170661926, -0.2140984982252121, 0.990740180015564
684, 21, 0.5145758986473083, 0.4724488854408264, -0.143600732088089, 0.7485584616661072
684, 22, 0.42297786474227905, 0.5329748392105103, -0.1904294192790985, 0.9861352443695068
684, 23, 0.4777047038078308, 0.3886003792285919, 0.005414322949945927, 0.9980902075767517
684, 24, 0.45297107100486755, 0.39423492550849915, -0.005372435785830021, 0.9981777667999268
684, 25, 0.4969210624694824, 0.46213874220848083, 0.027701329439878464, 0.17634743452072144
684, 26, 0.44708162546157837, 0.4828035533428192, 0.0317029133439064, 0.8683894276618958
684, 27, 0.4826834797859192, 0.5100700855255127, 0.13423536717891693, 0.162029430270195
684, 28, 0.4377562999725342, 0.521297812461853, 0.12648051977157593, 0.4476127326488495
684, 29, 0.4780097007751465, 0.5118187069892883, 0.14557991921901703, 0.09878795593976974
684, 30, 0.4358651041984558, 0.5211883783340454, 0.13611485064029694, 0.21466167271137238
684, 31, 0.48640793561935425, 0.5417114496231079, 0.12124286592006683, 0.4068309962749481
684, 32, 0.43910351395606995, 0.5515941977500916, 0.11364700645208359, 0.6056298613548279
685, 0, 0.46390098333358765, 0.4306590259075165, -0.23432591557502747, 0.9993022680282593
685, 1, 0.4656239151954651, 0.42053595185279846, -0.24133515357971191, 0.998816967010498
685, 2, 0.467623770236969, 0.41952377557754517, -0.24134115874767303, 0.9983854293823242
685, 3, 0.4696112275123596, 0.4184756278991699, -0.24137809872627258, 0.9990575909614563
685, 4, 0.459911584854126, 0.42197325825691223, -0.24293720722198486, 0.9992682337760925
685, 5, 0.45798811316490173, 0.4220205843448639, -0.24296660721302032, 0.9990074038505554
685, 6, 0.4560609757900238, 0.42207980155944824, -0.24297885596752167, 0.9992311000823975
685, 7, 0.47353148460388184, 0.41111326217651367, -0.2292240411043167, 0.9969984292984009
685, 8, 0.4531570374965668, 0.41614529490470886, -0.23699674010276794, 0.9987258315086365
685, 9, 0.46842288970947266, 0.4307100176811218, -0.2247253954410553, 0.9989386200904846
685, 10, 0.4613622725009918, 0.432616263628006, -0.22708538174629211, 0.9987346529960632
685, 11, 0.48806828260421753, 0.41931313276290894, -0.17675530910491943, 0.9861438274383545
685, 12, 0.44507208466529846, 0.42494285106658936, -0.19112609326839447, 0.9940640330314636
685, 13, 0.4965711236000061, 0.46187472343444824, -0.16335877776145935, 0.9252339601516724
685, 14, 0.4298339784145355, 0.47661498188972473, -0.18748734891414642, 0.9855528473854065
685, 15, 0.5064085125923157, 0.5043250322341919, -0.18589536845684052, 0.9152156114578247
685, 16, 0.42121514678001404, 0.5368379950523376, -0.20526888966560364, 0.9761531352996826
685, 17, 0.5139206647872925, 0.5103901624679565, -0.20428867638111115, 0.8798749446868896
685, 18, 0.41652268171310425, 0.5517948269844055, -0.2292146235704422, 0.960934042930603
685, 19, 0.5097371339797974, 0.5119056105613708, -0.21157491207122803, 0.8821981549263
685, 20, 0.422548770904541, 0.5494278073310852, -0.23182407021522522, 0.9634221196174622
685, 21, 0.5053982734680176, 0.5096369385719299, -0.1901305615901947, 0.7782492637634277
685, 22, 0.4251754879951477, 0.5446081161499023, -0.20818960666656494, 0.9431220889091492
685, 23, 0.47606438398361206, 0.39240023493766785, 0.007892301306128502, 0.9982255101203918
685, 24, 0.4536299705505371, 0.3950026333332062, -0.007900282740592957, 0.9977080821990967
685, 25, 0.477394163608551, 0.4595710039138794, 0.06465578079223633, 0.03620321303606033
685, 26, 0.4445303976535797, 0.473008930683136, 0.04932994395494461, 0.16518361866474152
685, 27, 0.4590473771095276, 0.4994397759437561, 0.19327911734580994, 0.017187030985951424
685, 28, 0.4427943825721741, 0.5023859739303589, 0.17566503584384918, 0.03227517753839493
685, 29, 0.45450225472450256, 0.5020566582679749, 0.20652583241462708, 0.012428021989762783
685, 30, 0.44167643785476685, 0.5044524073600769, 0.18821477890014648, 0.017076639458537102
685, 31, 0.4612879157066345, 0.5267615914344788, 0.1875556856393814, 0.09792717546224594
685, 32, 0.4467698037624359, 0.5275002717971802, 0.16946826875209808, 0.10055802762508392
686, 0, 0.47115856409072876, 0.430588036775589, -0.21997718513011932, 0.9995943903923035
686, 1, 0.47273096442222595, 0.42214685678482056, -0.2283911406993866, 0.9991312623023987
686, 2, 0.47433003783226013, 0.42081207036972046, -0.22841422259807587, 0.9988921284675598
686, 3, 0.47590723633766174, 0.4193899929523468, -0.22847704589366913, 0.9991896748542786
686, 4, 0.4679517149925232, 0.4246803820133209, -0.2293863743543625, 0.9993639588356018
686, 5, 0.4663239121437073, 0.42503026127815247, -0.22939391434192657, 0.9990600943565369
686, 6, 0.46465715765953064, 0.4253580868244171, -0.22942392528057098, 0.9993005990982056
686, 7, 0.47803717851638794, 0.4116325378417969, -0.2242150753736496, 0.9979421496391296
686, 8, 0.4610920548439026, 0.4206000566482544, -0.22905561327934265, 0.9979186654090881
686, 9, 0.47352537512779236, 0.4292730987071991, -0.2130003720521927, 0.999396800994873
686, 10, 0.4678512215614319, 0.4326725900173187, -0.21448329091072083, 0.9991959929466248
686, 11, 0.4906443953514099, 0.4111660122871399, -0.1850820779800415, 0.9967792630195618
686, 12, 0.45080938935279846, 0.4312654733657837, -0.18574155867099762, 0.997622549533844
686, 13, 0.5138862729072571, 0.44529449939727783, -0.17774732410907745, 0.9972355961799622
686, 14, 0.44147738814353943, 0.48432838916778564, -0.190281942486763, 0.9880322217941284
686, 15, 0.5361288189888, 0.4741903841495514, -0.18995355069637299, 0.984723687171936
686, 16, 0.4387926161289215, 0.5484657287597656, -0.20873579382896423, 0.9819028377532959
686, 17, 0.5456753373146057, 0.4775405824184418, -0.20828112959861755, 0.9564578533172607
686, 18, 0.43545690178871155, 0.5659074187278748, -0.23173776268959045, 0.9514039754867554
686, 19, 0.5424020886421204, 0.47839775681495667, -0.21052436530590057, 0.9485691785812378
686, 20, 0.4394415020942688, 0.5633267164230347, -0.23220619559288025, 0.9444055557250977
686, 21, 0.5372499823570251, 0.47753363847732544, -0.19196949899196625, 0.8752557635307312
686, 22, 0.44152674078941345, 0.557844340801239, -0.21093228459358215, 0.9247753024101257
686, 23, 0.47358518838882446, 0.39678093791007996, 0.0047875805757939816, 0.9988059997558594
686, 24, 0.4552749991416931, 0.40336987376213074, -0.004780226852744818, 0.9982213377952576
686, 25, 0.473822683095932, 0.4590860605239868, 0.08041524887084961, 0.07376032322645187
686, 26, 0.45594877004623413, 0.46795159578323364, 0.08270344138145447, 0.17383284866809845
686, 27, 0.46206751465797424, 0.49975287914276123, 0.22189322113990784, 0.06471501290798187
686, 28, 0.4550291895866394, 0.49687549471855164, 0.22093653678894043, 0.0502411350607872
686, 29, 0.4585309624671936, 0.5045019388198853, 0.23724010586738586, 0.0673588216304779
686, 30, 0.4536171853542328, 0.4995771646499634, 0.23510785400867462, 0.060132093727588654
686, 31, 0.4653657078742981, 0.517427921295166, 0.22441796958446503, 0.07895863056182861
686, 32, 0.461304247379303, 0.5146766304969788, 0.21892407536506653, 0.06611666828393936
687, 0, 0.4716726243495941, 0.4425770342350006, -0.0978088527917862, 0.766071617603302
687, 1, 0.4704209268093109, 0.44168826937675476, -0.10334815829992294, 0.8527470231056213
687, 2, 0.47052645683288574, 0.44128528237342834, -0.10339657217264175, 0.8484247326850891
687, 3, 0.47063761949539185, 0.4408922493457794, -0.10346939414739609, 0.7746195197105408
687, 4, 0.4703105092048645, 0.44100087881088257, -0.10608333349227905, 0.8132649660110474
687, 5, 0.47015100717544556, 0.44055870175361633, -0.10609336197376251, 0.8283941149711609
687, 6, 0.4699605107307434, 0.4401394724845886, -0.10609928518533707, 0.8247747421264648
687, 7, 0.4716323912143707, 0.4364759624004364, -0.10256358236074448, 0.8784094452857971
687, 8, 0.4706079959869385, 0.43330034613609314, -0.11408878862857819, 0.8490233421325684
687, 9, 0.47250309586524963, 0.4389133155345917, -0.0933884009718895, 0.9259002208709717
687, 10, 0.4718993306159973, 0.43934136629104614, -0.09701523184776306, 0.9320285320281982
687, 11, 0.4751106798648834, 0.4302656948566437, -0.08258908987045288, 0.9979106783866882
687, 12, 0.47556203603744507, 0.4221586585044861, -0.09819863736629486, 0.9994833469390869
687, 13, 0.45686787366867065, 0.4666518270969391, -0.07104352116584778, 0.40884754061698914
687, 14, 0.4823177456855774, 0.44620922207832336, -0.080424465239048, 0.9544828534126282
687, 15, 0.4375656247138977, 0.49180904030799866, -0.08259846270084381, 0.7247971296310425
687, 16, 0.4825499653816223, 0.4791629910469055, -0.06394800543785095, 0.9788084030151367
687, 17, 0.4344073235988617, 0.4983294606208801, -0.091453917324543, 0.5418224334716797
687, 18, 0.4837602972984314, 0.4869673550128937, -0.07053723931312561, 0.9440036416053772
687, 19, 0.4341355860233307, 0.49953493475914, -0.09885282814502716, 0.492524653673172
687, 20, 0.48412013053894043, 0.4885784983634949, -0.07127410173416138, 0.9370375871658325
687, 21, 0.4344116747379303, 0.49576857686042786, -0.08590399473905563, 0.4546137750148773
687, 22, 0.48327985405921936, 0.48704978823661804, -0.0634918212890625, 0.9418054819107056
687, 23, 0.4645233154296875, 0.41277360916137695, 0.005861114710569382, 0.9999097585678101
687, 24, 0.46144455671310425, 0.4119933545589447, -0.0057145399041473866, 0.9999814033508301
687, 25, 0.4651523530483246, 0.45948854088783264, 0.00041270971996709704, 0.48199132084846497
687, 26, 0.4602504372596741, 0.47270721197128296, -0.014282447285950184, 0.7062366604804993
687, 27, 0.443122535943985, 0.5195279717445374, 0.04515749216079712, 0.6040379405021667
687, 28, 0.4443477690219879, 0.5197442173957825, 0.04554344713687897, 0.8900186419487
687, 29, 0.43976616859436035, 0.5250195264816284, 0.0502767339348793, 0.7681094408035278
687, 30, 0.44029563665390015, 0.5259593725204468, 0.051787327975034714, 0.7191247940063477
687, 31, 0.43868011236190796, 0.5470829606056213, 0.030887538567185402, 0.8209859132766724
687, 32, 0.44829803705215454, 0.5356953144073486, 0.029718805104494095, 0.9028700590133667
688, 0, 0.46665215492248535, 0.4738308787345886, -0.049503255635499954, 0.9475641250610352
688, 1, 0.4662860333919525, 0.47542810440063477, -0.047268714755773544, 0.9619752764701843
688, 2, 0.4655371606349945, 0.4753977954387665, -0.04730017110705376, 0.9636707901954651
688, 3, 0.4647861421108246, 0.4753047227859497, -0.047357603907585144, 0.9640348553657532
688, 4, 0.46883076429367065, 0.4745059013366699, -0.048912107944488525, 0.9267493486404419
688, 5, 0.4696894586086273, 0.47375234961509705, -0.048898521810770035, 0.9101290106773376
688, 6, 0.4705139994621277, 0.4729663133621216, -0.04895268380641937, 0.8804672956466675
688, 7, 0.46380990743637085, 0.4679338335990906, -0.03174920380115509, 0.9165535569190979
688, 8, 0.4717196524143219, 0.46492353081703186, -0.03770337626338005, 0.7476176023483276
688, 9, 0.46480026841163635, 0.46800974011421204, -0.042702630162239075, 0.9462862610816956
688, 10, 0.46784457564353943, 0.46641162037849426, -0.04455173388123512, 0.842644453048706
688, 11, 0.45475077629089355, 0.4452958106994629, -0.018626350909471512, 0.9909752011299133
688, 12, 0.4770507216453552, 0.4441499412059784, -0.027133148163557053, 0.9890102744102478
688, 13, 0.44234856963157654, 0.4354826509952545, -0.03615373745560646, 0.03572050854563713
688, 14, 0.4929223656654358, 0.4413292706012726, -0.04815559834241867, 0.28538545966148376
688, 15, 0.4533595144748688, 0.4704331159591675, -0.03950052708387375, 0.12017324566841125
688, 16, 0.5024006962776184, 0.4891265332698822, -0.040451642125844955, 0.2625111937522888
688, 17, 0.45591840147972107, 0.4775969982147217, -0.037814587354660034, 0.13067573308944702
688, 18, 0.5057365894317627, 0.5053364634513855, -0.0400579608976841, 0.17484480142593384
688, 19, 0.4564593732357025, 0.4826909303665161, -0.03405790403485298, 0.11494720727205276
688, 20, 0.505791425704956, 0.5011690258979797, -0.03421807289123535, 0.1418989896774292
688, 21, 0.4561735689640045, 0.4794192314147949, -0.03753206878900528, 0.10743503272533417
688, 22, 0.5032283663749695, 0.4968016445636749, -0.03801390901207924, 0.19635246694087982
688, 23, 0.4584856927394867, 0.4132533669471741, 0.001667421543970704, 0.9859139919281006
688, 24, 0.47290849685668945, 0.4074638783931732, -0.001684748218394816, 0.9852780699729919
688, 25, 0.4524368345737457, 0.4669184684753418, -0.052541010081768036, 0.1925152987241745
688, 26, 0.497100293636322, 0.44082120060920715, -0.034210097044706345, 0.2548961937427521
688, 27, 0.43988481163978577, 0.501914381980896, -0.0708734467625618, 0.05561697110533714
688, 28, 0.4993616044521332, 0.4638769030570984, -0.06885883212089539, 0.15516813099384308
688, 29, 0.43747425079345703, 0.5003436207771301, -0.07106491923332214, 0.1416182667016983
688, 30, 0.4974985122680664, 0.4614914357662201, -0.07053855061531067, 0.14551346004009247
688, 31, 0.4396516680717468, 0.531339704990387, -0.07832810282707214, 0.2139667570590973
688, 32, 0.5066460967063904, 0.49201419949531555, -0.0778106302022934, 0.28673186898231506
689, 0, 0.47067394852638245, 0.484741747379303, -0.23864102363586426, 0.9998459815979004
689, 1, 0.47270989418029785, 0.4804742932319641, -0.24925997853279114, 0.9997655749320984
689, 2, 0.4747506082057953, 0.47945186495780945, -0.24926967918872833, 0.9997394680976868
689, 3, 0.47679591178894043, 0.47839945554733276, -0.24930329620838165, 0.9997279047966003
689, 4, 0.4665471911430359, 0.48198068141937256, -0.2480211704969406, 0.9998018145561218
689, 5, 0.464373916387558, 0.48196941614151, -0.248063325881958, 0.999779999256134
689, 6, 0.4621964395046234, 0.4819830060005188, -0.24809198081493378, 0.9998027682304382
689, 7, 0.4794390797615051, 0.4653118848800659, -0.24185964465141296, 0.9991030693054199
689, 8, 0.4567883014678955, 0.4712490141391754, -0.2367502897977829, 0.9996662139892578
689, 9, 0.47378164529800415, 0.47844064235687256, -0.2293401062488556, 0.9996101260185242
689, 10, 0.4668649733066559, 0.4803016185760498, -0.2278061807155609, 0.999631404876709
689, 11, 0.49676957726478577, 0.44086965918540955, -0.18893808126449585, 0.9980302453041077
689, 12, 0.44101232290267944, 0.45350125432014465, -0.19079101085662842, 0.9990419745445251
689, 13, 0.5224940180778503, 0.4614453911781311, -0.17664138972759247, 0.9819973111152649
689, 14, 0.428256094455719, 0.5014405250549316, -0.18344709277153015, 0.9911841750144958
689, 15, 0.5261629819869995, 0.5067983865737915, -0.22486428916454315, 0.9852414727210999
689, 16, 0.43862706422805786, 0.5503668785095215, -0.22954443097114563, 0.9918087124824524
689, 17, 0.531667947769165, 0.5151225924491882, -0.25428974628448486, 0.976254940032959
689, 18, 0.4370768964290619, 0.5634731650352478, -0.26071345806121826, 0.9844783544540405
689, 19, 0.5239208936691284, 0.5180782079696655, -0.2657508850097656, 0.9759969711303711
689, 20, 0.4443756639957428, 0.558972179889679, -0.2708888649940491, 0.9847570657730103
689, 21, 0.5204330682754517, 0.5147558450698853, -0.23208515346050262, 0.9514620304107666
689, 22, 0.44643253087997437, 0.5534704923629761, -0.23638291656970978, 0.977691650390625
689, 23, 0.4771347641944885, 0.38409852981567383, 0.002950629685074091, 0.9988943934440613
689, 24, 0.4499102234840393, 0.39049220085144043, -0.0029893224127590656, 0.9989756345748901
689, 25, 0.4888480603694916, 0.4511149525642395, 0.10420729964971542, 0.048632506281137466
689, 26, 0.45310431718826294, 0.47208085656166077, 0.10170717537403107, 0.08965332806110382
689, 27, 0.48298829793930054, 0.4788815677165985, 0.2832461893558502, 0.0788128525018692
689, 28, 0.4560873508453369, 0.49689289927482605, 0.2808949947357178, 0.04845186322927475
689, 29, 0.48126882314682007, 0.479228675365448, 0.30145353078842163, 0.0842680111527443
689, 30, 0.45524081587791443, 0.49753111600875854, 0.29885968565940857, 0.054169341921806335
689, 31, 0.4854806959629059, 0.5046074390411377, 0.28000572323799133, 0.11205223947763443
689, 32, 0.46076124906539917, 0.5201271772384644, 0.2774684727191925, 0.06973043829202652
690, 0, 0.4714840054512024, 0.47556909918785095, -0.1837623119354248, 0.9993952512741089
690, 1, 0.47366613149642944, 0.46869295835494995, -0.19551055133342743, 0.9992671608924866
690, 2, 0.4757513403892517, 0.4675358533859253, -0.1955341398715973, 0.9991248250007629
690, 3, 0.4778291583061218, 0.4662971794605255, -0.1955638974905014, 0.9992685914039612
690, 4, 0.4670669436454773, 0.47057339549064636, -0.19401001930236816, 0.9993672966957092
690, 5, 0.46487513184547424, 0.4705369174480438, -0.19402876496315002, 0.9991877675056458
690, 6, 0.4626408517360687, 0.4704621732234955, -0.1940324753522873, 0.999350368976593
690, 7, 0.481218159198761, 0.4537070691585541, -0.20349304378032684, 0.9979426264762878
690, 8, 0.45753735303878784, 0.45960289239883423, -0.19698572158813477, 0.9984498023986816
690, 9, 0.47480493783950806, 0.47047436237335205, -0.18127095699310303, 0.9990835189819336
690, 10, 0.467679500579834, 0.47295647859573364, -0.17949838936328888, 0.9991287589073181
690, 11, 0.5000517964363098, 0.434527724981308, -0.16497935354709625, 0.9944530129432678
690, 12, 0.44340935349464417, 0.4457573890686035, -0.15982267260551453, 0.9965673685073853
690, 13, 0.5336868166923523, 0.45331335067749023, -0.1419358104467392, 0.9854046702384949
690, 14, 0.42795413732528687, 0.4869254231452942, -0.14758993685245514, 0.9851322770118713
690, 15, 0.5395863056182861, 0.4950578808784485, -0.14590640366077423, 0.9813115000724792
690, 16, 0.4267135560512543, 0.5443758964538574, -0.16814382374286652, 0.9899923205375671
690, 17, 0.5448846220970154, 0.5048702359199524, -0.1622752696275711, 0.9699081182479858
690, 18, 0.42277804017066956, 0.5584431290626526, -0.18943239748477936, 0.9780812859535217
690, 19, 0.5413851141929626, 0.5030536651611328, -0.1689717024564743, 0.9680864214897156
690, 20, 0.42927274107933044, 0.5576328635215759, -0.19526736438274384, 0.9767226576805115
690, 21, 0.5366847515106201, 0.5006593465805054, -0.14893604815006256, 0.9261265397071838
690, 22, 0.43204063177108765, 0.5526977777481079, -0.17224428057670593, 0.9708325862884521
690, 23, 0.4783729910850525, 0.38688045740127563, 0.003583268029615283, 0.9968324303627014
690, 24, 0.4522877633571625, 0.3945155143737793, -0.003535814117640257, 0.9969559907913208
690, 25, 0.48861923813819885, 0.45690226554870605, 0.06712133437395096, 0.1041480153799057
690, 26, 0.4583997130393982, 0.4819878339767456, 0.0646742433309555, 0.21272358298301697
690, 27, 0.4807299077510834, 0.5019973516464233, 0.19383886456489563, 0.1212451383471489
690, 28, 0.4624132513999939, 0.5128368139266968, 0.19133129715919495, 0.12302098423242569
690, 29, 0.4778124690055847, 0.5037567019462585, 0.20690612494945526, 0.1356089860200882
690, 30, 0.46176642179489136, 0.5124577283859253, 0.20414021611213684, 0.1173570305109024
690, 31, 0.48295730352401733, 0.5324630737304688, 0.18970949947834015, 0.09834576398134232
690, 32, 0.46754828095436096, 0.5393964648246765, 0.1887037605047226, 0.11583159863948822
691, 0, 0.46940869092941284, 0.4893210828304291, -0.184400275349617, 0.9999986886978149
691, 1, 0.4711213707923889, 0.48331359028816223, -0.19335095584392548, 0.999996542930603
691, 2, 0.4726904034614563, 0.4819280803203583, -0.1934213936328888, 0.9999973773956299
691, 3, 0.47428521513938904, 0.48042526841163635, -0.19344305992126465, 0.9999938011169434
691, 4, 0.46591606736183167, 0.4855666756629944, -0.19169126451015472, 0.9999964237213135
691, 5, 0.46403735876083374, 0.4855625033378601, -0.19170400500297546, 0.9999977350234985
691, 6, 0.46208328008651733, 0.4856322407722473, -0.1917160600423813, 0.9999964237213135
691, 7, 0.4749498963356018, 0.46907466650009155, -0.19699536263942719, 0.9999891519546509
691, 8, 0.4570980668067932, 0.4763954281806946, -0.1891750991344452, 0.9999957084655762
691, 9, 0.4710395932197571, 0.48364511132240295, -0.18051980435848236, 0.9999955892562866
691, 10, 0.46511954069137573, 0.48582154512405396, -0.1780533343553543, 0.9999966621398926
691, 11, 0.48247089982032776, 0.4484231173992157, -0.1471119225025177, 0.9999570846557617
691, 12, 0.4436597228050232, 0.46429336071014404, -0.1590503305196762, 0.9999558925628662
691, 13, 0.49971336126327515, 0.4767701327800751, -0.15503694117069244, 0.9938160181045532
691, 14, 0.4392453134059906, 0.5027549266815186, -0.16582399606704712, 0.9986440539360046
691, 15, 0.4906998574733734, 0.5012689828872681, -0.20174935460090637, 0.998643696308136
691, 16, 0.45170989632606506, 0.5252587199211121, -0.20698487758636475, 0.9993653893470764
691, 17, 0.4894794523715973, 0.5127831697463989, -0.22113212943077087, 0.993871808052063
691, 18, 0.45273423194885254, 0.5410714149475098, -0.23076042532920837, 0.9971760511398315
691, 19, 0.4848531186580658, 0.5122873783111572, -0.22623184323310852, 0.9914175271987915
691, 20, 0.4567331373691559, 0.5328195095062256, -0.2337203323841095, 0.9958695769309998
691, 21, 0.48507219552993774, 0.5093058347702026, -0.20543250441551208, 0.9817284941673279
691, 22, 0.45699483156204224, 0.5276821851730347, -0.20952296257019043, 0.9937955141067505
691, 23, 0.4723462164402008, 0.4048723578453064, 0.008102950640022755, 0.9999988079071045
691, 24, 0.45053714513778687, 0.4097411632537842, -0.008037764579057693, 0.9999982118606567
691, 25, 0.486886590719223, 0.4436454474925995, 0.09453146904706955, 0.4512697756290436
691, 26, 0.4435679316520691, 0.4894627332687378, 0.01677682437002659, 0.8875311613082886
691, 27, 0.4898046553134918, 0.46016204357147217, 0.23504595458507538, 0.14328686892986298
691, 28, 0.4255322515964508, 0.5274041295051575, 0.11955486238002777, 0.5422437191009521
691, 29, 0.48753657937049866, 0.45876720547676086, 0.25031474232673645, 0.260609894990921
691, 30, 0.41990119218826294, 0.5202313661575317, 0.13037540018558502, 0.7874208092689514
691, 31, 0.49488991498947144, 0.4722527861595154, 0.2548900246620178, 0.1881340891122818
691, 32, 0.4299812912940979, 0.5647032260894775, 0.1252085268497467, 0.7109207510948181
692, 0, 0.47213277220726013, 0.4717205762863159, -0.22087278962135315, 0.999996542930603
692, 1, 0.4741572439670563, 0.4675805866718292, -0.2297970950603485, 0.9999943971633911
692, 2, 0.47586601972579956, 0.4670587182044983, -0.22983935475349426, 0.9999920129776001
692, 3, 0.47756925225257874, 0.46642374992370605, -0.22989626228809357, 0.9999935626983643
692, 4, 0.46915704011917114, 0.46803271770477295, -0.22899119555950165, 0.999996542930603
692, 5, 0.4673517644405365, 0.4677480459213257, -0.22900906205177307, 0.9999953508377075
692, 6, 0.4654926359653473, 0.4674316346645355, -0.2290223091840744, 0.9999966621398926
692, 7, 0.47928863763809204, 0.45780956745147705, -0.22488324344158173, 0.9999732971191406
692, 8, 0.4612572193145752, 0.460099458694458, -0.22074219584465027, 0.999992847442627
692, 9, 0.4741102159023285, 0.46852385997772217, -0.21314089000225067, 0.9999914169311523
692, 10, 0.468266099691391, 0.4693261981010437, -0.2118782103061676, 0.9999898672103882
692, 11, 0.4929404854774475, 0.44092899560928345, -0.17792582511901855, 0.9998063445091248
692, 12, 0.4460170865058899, 0.4519427418708801, -0.17893248796463013, 0.9998458623886108
692, 13, 0.5173075795173645, 0.4590168297290802, -0.17629775404930115, 0.992007851600647
692, 14, 0.4320552945137024, 0.4918423891067505, -0.17918109893798828, 0.9976029992103577
692, 15, 0.5321858525276184, 0.4968210458755493, -0.21856875717639923, 0.9971852898597717
692, 16, 0.4335443377494812, 0.5411978363990784, -0.21629853546619415, 0.9987686276435852
692, 17, 0.5397899746894836, 0.5076798796653748, -0.24443571269512177, 0.9956472516059875
692, 18, 0.4298556447029114, 0.5581341981887817, -0.24400870501995087, 0.9964621663093567
692, 19, 0.5347639322280884, 0.5107464790344238, -0.2514367699623108, 0.9953280687332153
692, 20, 0.4355847239494324, 0.5557845234870911, -0.24926939606666565, 0.9961866736412048
692, 21, 0.5307697057723999, 0.5067555904388428, -0.22359028458595276, 0.9872041344642639
692, 22, 0.43803825974464417, 0.5495465397834778, -0.22086885571479797, 0.994156002998352
692, 23, 0.471505731344223, 0.393154114484787, 0.0024713799357414246, 0.9999243021011353
692, 24, 0.44889888167381287, 0.40142327547073364, -0.002466492587700486, 0.9998825788497925
692, 25, 0.49383383989334106, 0.4402766227722168, 0.08555001765489578, 0.11910688132047653
692, 26, 0.45361247658729553, 0.4768484830856323, 0.08023776113986969, 0.17930486798286438
692, 27, 0.4976869523525238, 0.44793280959129333, 0.2474551647901535, 0.10364791750907898
692, 28, 0.45364242792129517, 0.4965197741985321, 0.2395266741514206, 0.0662098154425621
692, 29, 0.49694639444351196, 0.44857195019721985, 0.2646334171295166, 0.09552078694105148
692, 30, 0.4519885182380676, 0.49701178073883057, 0.25602975487709045, 0.09206804633140564
692, 31, 0.5062061548233032, 0.4579359292984009, 0.2534582316875458, 0.09502612799406052
692, 32, 0.46135830879211426, 0.5135694742202759, 0.245717853307724, 0.09186116605997086
693, 0, 0.4699483811855316, 0.4720287024974823, -0.26198047399520874, 0.9999754428863525
693, 1, 0.47157636284828186, 0.466304749250412, -0.2690005302429199, 0.9999573230743408
693, 2, 0.47348254919052124, 0.4653213918209076, -0.26905545592308044, 0.9999364614486694
693, 3, 0.4753724932670593, 0.46423667669296265, -0.2691348195075989, 0.9999483823776245
693, 4, 0.4661801755428314, 0.46741726994514465, -0.2688552141189575, 0.9999737739562988
693, 5, 0.4643406271934509, 0.46719539165496826, -0.26887643337249756, 0.9999655485153198
693, 6, 0.4624567925930023, 0.46692124009132385, -0.2688983678817749, 0.999976396560669
693, 7, 0.4785545766353607, 0.4532424807548523, -0.2539701759815216, 0.9997920393943787
693, 8, 0.45901140570640564, 0.45756995677948, -0.2529618740081787, 0.9999446868896484
693, 9, 0.4732885956764221, 0.46720919013023376, -0.2506945729255676, 0.9999489784240723
693, 10, 0.46694475412368774, 0.46905776858329773, -0.2503293752670288, 0.999943733215332
693, 11, 0.49613437056541443, 0.4339366853237152, -0.19893956184387207, 0.9995953440666199
693, 12, 0.44747376441955566, 0.4469304084777832, -0.2050163447856903, 0.9996516704559326
693, 13, 0.519217848777771, 0.4569418728351593, -0.19894546270370483, 0.9986787438392639
693, 14, 0.43179959058761597, 0.48609405755996704, -0.2128078043460846, 0.9979965090751648
693, 15, 0.5294365882873535, 0.4907717704772949, -0.2402731478214264, 0.9981667995452881
693, 16, 0.43197593092918396, 0.5305867791175842, -0.25053077936172485, 0.9986968636512756
693, 17, 0.535965085029602, 0.5012148022651672, -0.26665544509887695, 0.9961122870445251
693, 18, 0.42867451906204224, 0.5463393926620483, -0.2791535556316376, 0.9955379962921143
693, 19, 0.5313770174980164, 0.5027252435684204, -0.2731867730617523, 0.9955283999443054
693, 20, 0.43343138694763184, 0.5439343452453613, -0.2836109697818756, 0.9945623278617859
693, 21, 0.5275264978408813, 0.4986850619316101, -0.2452271729707718, 0.9858604669570923
693, 22, 0.435799777507782, 0.5380414724349976, -0.2548809349536896, 0.9915210008621216
693, 23, 0.4774881899356842, 0.3906008303165436, 0.005091269500553608, 0.9998501539230347
693, 24, 0.45429787039756775, 0.40128186345100403, -0.005074205342680216, 0.9997833371162415
693, 25, 0.49634265899658203, 0.4466943144798279, 0.090823233127594, 0.1187950000166893
693, 26, 0.4600294530391693, 0.48306533694267273, 0.08035442233085632, 0.286391019821167
693, 27, 0.4959734082221985, 0.4555773437023163, 0.2623269259929657, 0.09009981900453568
693, 28, 0.46112555265426636, 0.4896867871284485, 0.2445237636566162, 0.0857720598578453
693, 29, 0.4944436550140381, 0.45488059520721436, 0.28019022941589355, 0.08621717989444733
693, 30, 0.4593657851219177, 0.486510694026947, 0.2614130675792694, 0.10560385882854462
693, 31, 0.5037056803703308, 0.4702279269695282, 0.2688964009284973, 0.08040864765644073
693, 32, 0.46860986948013306, 0.5079577565193176, 0.25113824009895325, 0.10579982399940491
694, 0, 0.47450345754623413, 0.4740773141384125, -0.2210535705089569, 0.9999706745147705
694, 1, 0.47661933302879333, 0.4693342447280884, -0.22957511246204376, 0.9999685287475586
694, 2, 0.4784504771232605, 0.4680385887622833, -0.2295982539653778, 0.9999663829803467
694, 3, 0.4802786707878113, 0.46672090888023376, -0.2296524941921234, 0.9999661445617676
694, 4, 0.4709374010562897, 0.4713200330734253, -0.2289002388715744, 0.9999772310256958
694, 5, 0.4689597487449646, 0.471316397190094, -0.228929802775383, 0.9999743700027466
694, 6, 0.4669594168663025, 0.47133010625839233, -0.22893409430980682, 0.9999743700027466
694, 7, 0.48249882459640503, 0.4534614086151123, -0.22142834961414337, 0.9999210834503174
694, 8, 0.46154794096946716, 0.4610835313796997, -0.21831545233726501, 0.9999551773071289
694, 9, 0.4768065810203552, 0.46752822399139404, -0.21228507161140442, 0.9999480247497559
694, 10, 0.47054362297058105, 0.46982356905937195, -0.21137723326683044, 0.9999442100524902
694, 11, 0.4972282946109772, 0.4285823404788971, -0.1705458164215088, 0.999121367931366
694, 12, 0.44489821791648865, 0.44719964265823364, -0.17256005108356476, 0.9992713332176208
694, 13, 0.5233108997344971, 0.44965672492980957, -0.1447260081768036, 0.9943336248397827
694, 14, 0.43253129720687866, 0.493362694978714, -0.15251003205776215, 0.9921332001686096
694, 15, 0.5352941751480103, 0.5020323395729065, -0.15984655916690826, 0.9936264753341675
694, 16, 0.4357140064239502, 0.552949845790863, -0.17323708534240723, 0.9918078780174255
694, 17, 0.5431621670722961, 0.5139260292053223, -0.18110939860343933, 0.9885246157646179
694, 18, 0.4316595494747162, 0.5710320472717285, -0.19764885306358337, 0.9847448468208313
694, 19, 0.5363824963569641, 0.5181286931037903, -0.19015969336032867, 0.9875756502151489
694, 20, 0.43784958124160767, 0.5669509172439575, -0.2033093273639679, 0.9843466281890869
694, 21, 0.5319149494171143, 0.5136219263076782, -0.16480092704296112, 0.9721106290817261
694, 22, 0.4406076967716217, 0.5599353313446045, -0.1773381382226944, 0.9753506779670715
694, 23, 0.47783389687538147, 0.388466477394104, 0.0033347043208777905, 0.9997996687889099
694, 24, 0.45448213815689087, 0.39889147877693176, -0.003330166917294264, 0.9997434020042419
694, 25, 0.4936762750148773, 0.4540387988090515, 0.08284734934568405, 0.13715380430221558
694, 26, 0.4643689692020416, 0.48670494556427, 0.07472551614046097, 0.24827693402767181
694, 27, 0.49473676085472107, 0.4699357748031616, 0.23965594172477722, 0.12437920272350311
694, 28, 0.4748171269893646, 0.49093955755233765, 0.23385949432849884, 0.07888248562812805
694, 29, 0.49412959814071655, 0.468941330909729, 0.256631076335907, 0.10696665197610855
694, 30, 0.47469133138656616, 0.48708614706993103, 0.2504197955131531, 0.0672590434551239
694, 31, 0.49972447752952576, 0.49166184663772583, 0.24749621748924255, 0.17275370657444
694, 32, 0.48296207189559937, 0.511957049369812, 0.2423628568649292, 0.11253049224615097
695, 0, 0.4732121527194977, 0.48478496074676514, -0.30570557713508606, 0.9924659729003906
695, 1, 0.4733148515224457, 0.4801400601863861, -0.3130156397819519, 0.9970847964286804
695, 2, 0.47433751821517944, 0.4789435863494873, -0.3130249083042145, 0.9963796734809875
695, 3, 0.4753595292568207, 0.47772467136383057, -0.3131484091281891, 0.9957635402679443
695, 4, 0.46949952840805054, 0.48179468512535095, -0.3115150034427643, 0.9965839385986328
695, 5, 0.4681573808193207, 0.4816344678401947, -0.3116135895252228, 0.9966095685958862
695, 6, 0.4668201804161072, 0.481444388628006, -0.31162750720977783, 0.9968372583389282
695, 7, 0.4764668345451355, 0.4660622477531433, -0.28835970163345337, 0.9948480129241943
695, 8, 0.46264925599098206, 0.47149887681007385, -0.2813728153705597, 0.9963324666023254
695, 9, 0.4751724302768707, 0.4782311022281647, -0.29053860902786255, 0.9946999549865723
695, 10, 0.471050888299942, 0.4800156056880951, -0.28860223293304443, 0.9945452213287354
695, 11, 0.48170146346092224, 0.44759124517440796, -0.19640272855758667, 0.99285489320755
695, 12, 0.4597095549106598, 0.45230069756507874, -0.2087380439043045, 0.9970955848693848
695, 13, 0.4719822406768799, 0.45312121510505676, -0.10873502492904663, 0.11671504378318787
695, 14, 0.45508670806884766, 0.4832797646522522, -0.12809690833091736, 0.8096919655799866
695, 15, 0.45792827010154724, 0.4536398649215698, -0.07168421894311905, 0.12132597714662552
695, 16, 0.4612516760826111, 0.5321508049964905, -0.08297988027334213, 0.9144443869590759
695, 17, 0.45510134100914, 0.4548998177051544, -0.07618214935064316, 0.11306096613407135
695, 18, 0.4613099992275238, 0.5478724837303162, -0.09113433957099915, 0.887715220451355
695, 19, 0.45309171080589294, 0.45330989360809326, -0.09233969449996948, 0.11484616249799728
695, 20, 0.4653065800666809, 0.5429949760437012, -0.10014434158802032, 0.8921756744384766
695, 21, 0.4533654749393463, 0.45267513394355774, -0.07695038616657257, 0.10564768314361572
695, 22, 0.4654201865196228, 0.5375189781188965, -0.0851164162158966, 0.8696693778038025
695, 23, 0.4690672755241394, 0.3805801272392273, 0.0014349404955282807, 0.9992114305496216
695, 24, 0.45935362577438354, 0.3818666636943817, -0.0012915842235088348, 0.9996556043624878
695, 25, 0.484358549118042, 0.4975537657737732, 0.07872030884027481, 0.2000211477279663
695, 26, 0.46817031502723694, 0.5137979984283447, 0.07373292744159698, 0.31761372089385986
695, 27, 0.49085894227027893, 0.4954829216003418, 0.2555464506149292, 0.08036977052688599
695, 28, 0.4794759750366211, 0.5015803575515747, 0.23509982228279114, 0.10142531991004944
695, 29, 0.4906652569770813, 0.48762640357017517, 0.2748035490512848, 0.07300388813018799
695, 30, 0.47968512773513794, 0.48919570446014404, 0.25284457206726074, 0.06308457255363464
695, 31, 0.49580588936805725, 0.5191951990127563, 0.2706049084663391, 0.1765141785144806
695, 32, 0.48358893394470215, 0.5291268229484558, 0.24880817532539368, 0.18539412319660187
696, 0, 0.46616309881210327, 0.4559464454650879, -0.2853235602378845, 0.9999810457229614
696, 1, 0.46823763847351074, 0.44708192348480225, -0.2887051999568939, 0.9999805688858032
696, 2, 0.4704757332801819, 0.4461095929145813, -0.2887142300605774, 0.9999736547470093
696, 3, 0.4727078080177307, 0.4450990557670593, -0.2887655794620514, 0.9999759197235107
696, 4, 0.46188831329345703, 0.4483069181442261, -0.28902775049209595, 0.9999836683273315
696, 5, 0.4597502648830414, 0.4483183026313782, -0.2890755236148834, 0.9999780654907227
696, 6, 0.4576074481010437, 0.44833627343177795, -0.28909265995025635, 0.9999810457229614
696, 7, 0.4773051142692566, 0.43362537026405334, -0.2526693344116211, 0.9999113082885742
696, 8, 0.45405322313308716, 0.4387504458427429, -0.25481343269348145, 0.9999756813049316
696, 9, 0.4710600972175598, 0.45314544439315796, -0.2661992907524109, 0.9999408721923828
696, 10, 0.4639032483100891, 0.45495864748954773, -0.2667991518974304, 0.9999486207962036
696, 11, 0.5001983642578125, 0.42587029933929443, -0.19066371023654938, 0.9990876913070679
696, 12, 0.440202534198761, 0.4307015836238861, -0.1981811374425888, 0.9994009733200073
696, 13, 0.5213690400123596, 0.47121521830558777, -0.19576804339885712, 0.9702786207199097
696, 14, 0.42640572786331177, 0.486513614654541, -0.20396485924720764, 0.9966668486595154
696, 15, 0.5191619396209717, 0.5376421809196472, -0.26114198565483093, 0.9838018417358398
696, 16, 0.43704062700271606, 0.5479273796081543, -0.2508399784564972, 0.992681086063385
696, 17, 0.5227847099304199, 0.5548590421676636, -0.2921874523162842, 0.9711369276046753
696, 18, 0.4342297613620758, 0.5661532282829285, -0.281515508890152, 0.983833372592926
696, 19, 0.5137597322463989, 0.5536289215087891, -0.3000049889087677, 0.9720690846443176
696, 20, 0.4416714608669281, 0.5602018237113953, -0.287495493888855, 0.9842165112495422
696, 21, 0.5110574960708618, 0.5466867089271545, -0.26788008213043213, 0.949321448802948
696, 22, 0.44456663727760315, 0.5532457232475281, -0.2559553384780884, 0.97529536485672
696, 23, 0.4811132848262787, 0.36831873655319214, 0.0016145335976034403, 0.9995799660682678
696, 24, 0.4515726566314697, 0.3725481629371643, -0.0016635500360280275, 0.999617338180542
696, 25, 0.4952661395072937, 0.43208974599838257, 0.11795695871114731, 0.0654686689376831
696, 26, 0.4570370316505432, 0.4504280388355255, 0.11549372971057892, 0.14181417226791382
696, 27, 0.4899669289588928, 0.4413914680480957, 0.31515178084373474, 0.03717949241399765
696, 28, 0.4618162512779236, 0.44995778799057007, 0.3051520586013794, 0.05676131322979927
696, 29, 0.4889492094516754, 0.4401288628578186, 0.3359643816947937, 0.03948206454515457
696, 30, 0.4627842307090759, 0.4497372508049011, 0.3252027928829193, 0.05531610548496246
696, 31, 0.4911312162876129, 0.4607720971107483, 0.32387876510620117, 0.07012081146240234
696, 32, 0.4624471068382263, 0.4619356393814087, 0.31365975737571716, 0.07325372099876404
697, 0, 0.46497392654418945, 0.4899740517139435, -0.15599821507930756, 0.9999994039535522
697, 1, 0.4681522846221924, 0.487909197807312, -0.1635941118001938, 0.9999988079071045
697, 2, 0.4699462950229645, 0.4872702360153198, -0.16361723840236664, 0.9999990463256836
697, 3, 0.47174954414367676, 0.4865970313549042, -0.16365620493888855, 0.9999983310699463
697, 4, 0.46272382140159607, 0.48813509941101074, -0.16392719745635986, 0.9999991655349731
697, 5, 0.4609130918979645, 0.4875248372554779, -0.16393429040908813, 0.9999994039535522
697, 6, 0.45908111333847046, 0.48693427443504333, -0.16394491493701935, 0.9999988079071045
697, 7, 0.47417011857032776, 0.47526612877845764, -0.16348695755004883, 0.999996542930603
697, 8, 0.4549780488014221, 0.4763332009315491, -0.16425350308418274, 0.9999982118606567
697, 9, 0.4668464660644531, 0.48424530029296875, -0.1505110263824463, 0.9999973773956299
697, 10, 0.4609530568122864, 0.4837889075279236, -0.1505623459815979, 0.9999961853027344
697, 11, 0.48713213205337524, 0.4449160397052765, -0.12704846262931824, 0.9999207258224487
697, 12, 0.437458336353302, 0.45573633909225464, -0.13870838284492493, 0.9999085664749146
697, 13, 0.5078921318054199, 0.4683791995048523, -0.13349094986915588, 0.9994528889656067
697, 14, 0.42134660482406616, 0.49145036935806274, -0.1413579285144806, 0.9999079704284668
697, 15, 0.49632683396339417, 0.5169005393981934, -0.1739586591720581, 0.9977772831916809
697, 16, 0.44207945466041565, 0.5318731069564819, -0.17973586916923523, 0.9994389414787292
697, 17, 0.49445825815200806, 0.5356942415237427, -0.19182825088500977, 0.984355092048645
697, 18, 0.44318658113479614, 0.5506374835968018, -0.20032528042793274, 0.9943986535072327
697, 19, 0.48721083998680115, 0.5352210998535156, -0.1952124983072281, 0.9785580039024353
697, 20, 0.45003238320350647, 0.5432254076004028, -0.2024141252040863, 0.9922828078269958
697, 21, 0.48736947774887085, 0.5289520025253296, -0.17709702253341675, 0.9691706299781799
697, 22, 0.45025211572647095, 0.5364333391189575, -0.18185512721538544, 0.9900321960449219
697, 23, 0.47663506865501404, 0.3984026312828064, 0.005762187298387289, 0.9999945163726807
697, 24, 0.45059069991111755, 0.40266335010528564, -0.005778787191957235, 0.9999595880508423
697, 25, 0.4987923502922058, 0.4336201548576355, 0.08388260751962662, 0.5199599266052246
697, 26, 0.452522337436676, 0.46466317772865295, 0.07694245129823685, 0.45325717329978943
697, 27, 0.49916499853134155, 0.44087350368499756, 0.22502951323986053, 0.14007793366909027
697, 28, 0.44036102294921875, 0.4902016818523407, 0.21780863404273987, 0.08951317518949509
697, 29, 0.4967649579048157, 0.4392445981502533, 0.24131128191947937, 0.23509520292282104
697, 30, 0.4370531141757965, 0.48751160502433777, 0.23259826004505157, 0.21470268070697784
697, 31, 0.506163477897644, 0.4498097598552704, 0.24995163083076477, 0.1263902485370636
697, 32, 0.44456881284713745, 0.510616660118103, 0.23886141180992126, 0.15078672766685486
698, 0, 0.46502408385276794, 0.468819797039032, -0.3056354820728302, 0.9960816502571106
698, 1, 0.4628971219062805, 0.4721616208553314, -0.31303027272224426, 0.9972507357597351
698, 2, 0.46251076459884644, 0.47189298272132874, -0.31298619508743286, 0.9964520931243896
698, 3, 0.46212100982666016, 0.4715792238712311, -0.31306692957878113, 0.9965013265609741
698, 4, 0.4633144438266754, 0.47225919365882874, -0.3105279207229614, 0.9982123374938965
698, 5, 0.4633723199367523, 0.4720458984375, -0.31063973903656006, 0.9981245398521423
698, 6, 0.4634407162666321, 0.47180745005607605, -0.3106907308101654, 0.9986411929130554
698, 7, 0.46133655309677124, 0.4656638205051422, -0.28596317768096924, 0.9956645369529724
698, 8, 0.4622390866279602, 0.4655023217201233, -0.2752048075199127, 0.9988297820091248
698, 9, 0.46471625566482544, 0.4620874524116516, -0.28930169343948364, 0.9942910671234131
698, 10, 0.4655521810054779, 0.4626024067401886, -0.2863216996192932, 0.9970325231552124
698, 11, 0.46477746963500977, 0.45014092326164246, -0.2066963165998459, 0.9847694635391235
698, 12, 0.46854686737060547, 0.4378667175769806, -0.20794403553009033, 0.9986404776573181
698, 13, 0.4513741135597229, 0.4776788353919983, -0.1358441561460495, 0.4635850191116333
698, 14, 0.4867015480995178, 0.450194776058197, -0.14385002851486206, 0.7554164528846741
698, 15, 0.45225200057029724, 0.5147454738616943, -0.09006607532501221, 0.2845650613307953
698, 16, 0.4950020909309387, 0.4864899814128876, -0.10551605373620987, 0.8078025579452515
698, 17, 0.4539566934108734, 0.5284759402275085, -0.09623338282108307, 0.20988063514232635
698, 18, 0.49618181586265564, 0.49809709191322327, -0.1135542020201683, 0.7045512795448303
698, 19, 0.4540351927280426, 0.5221271514892578, -0.09932363778352737, 0.2085704654455185
698, 20, 0.49715477228164673, 0.4949144124984741, -0.12116191536188126, 0.7222415804862976
698, 21, 0.45352405309677124, 0.5155293345451355, -0.09034709632396698, 0.1860305368900299
698, 22, 0.4961511492729187, 0.48985493183135986, -0.10754802078008652, 0.7099483013153076
698, 23, 0.46467676758766174, 0.35315242409706116, 0.0007984944386407733, 0.9959413409233093
698, 24, 0.4623965322971344, 0.35122764110565186, -0.0007362071191892028, 0.9985201954841614
698, 25, 0.46917399764060974, 0.4422028958797455, 0.12902909517288208, 0.11757851392030716
698, 26, 0.4561808705329895, 0.45054107904434204, 0.1245630756020546, 0.15012815594673157
698, 27, 0.47917264699935913, 0.43171021342277527, 0.30317312479019165, 0.05651364475488663
698, 28, 0.4674615263938904, 0.4379202127456665, 0.293403685092926, 0.052378099411726
698, 29, 0.4808123707771301, 0.4236016273498535, 0.3215009868144989, 0.042810577899217606
698, 30, 0.4682430624961853, 0.4304664731025696, 0.312478244304657, 0.037898432463407516
698, 31, 0.481407105922699, 0.45397549867630005, 0.31080642342567444, 0.07825996726751328
698, 32, 0.46895354986190796, 0.4546184837818146, 0.30801060795783997, 0.06855673342943192
699, 0, 0.4729342460632324, 0.4854011535644531, -0.5540906190872192, 0.9999723434448242
699, 1, 0.48098039627075195, 0.47395578026771545, -0.5539992451667786, 0.9999784231185913
699, 2, 0.48528018593788147, 0.4719339907169342, -0.5540041923522949, 0.9999719858169556
699, 3, 0.4890536665916443, 0.47006362676620483, -0.5541108846664429, 0.9999648332595825
699, 4, 0.4708026349544525, 0.477429062128067, -0.5542540550231934, 0.9999781847000122
699, 5, 0.46595293283462524, 0.47788771986961365, -0.5543078780174255, 0.9999724626541138
699, 6, 0.46334123611450195, 0.4779406189918518, -0.5542903542518616, 0.9999674558639526
699, 7, 0.4915827214717865, 0.44208455085754395, -0.4711642861366272, 0.9998936653137207
699, 8, 0.4555634558200836, 0.44840970635414124, -0.4732593894004822, 0.9999547004699707
699, 9, 0.47844356298446655, 0.4754711091518402, -0.5145232677459717, 0.9998717308044434
699, 10, 0.46819987893104553, 0.4769350290298462, -0.5151646137237549, 0.9998375177383423
699, 11, 0.514208197593689, 0.412572979927063, -0.34705549478530884, 0.997386634349823
699, 12, 0.4291025996208191, 0.4162502586841583, -0.35522300004959106, 0.9969319105148315
699, 13, 0.5345560312271118, 0.508683443069458, -0.3634880781173706, 0.9891858696937561
699, 14, 0.40962785482406616, 0.5053830742835999, -0.39837148785591125, 0.9654112458229065
699, 15, 0.5127509236335754, 0.5855899453163147, -0.4676937460899353, 0.9900257587432861
699, 16, 0.4429369866847992, 0.5696860551834106, -0.5333957672119141, 0.9835980534553528
699, 17, 0.5130948424339294, 0.6068454384803772, -0.5144485235214233, 0.9753106832504272
699, 18, 0.44645872712135315, 0.5912593007087708, -0.5866081118583679, 0.9593035578727722
699, 19, 0.5032309889793396, 0.6005839109420776, -0.5256176590919495, 0.9730596542358398
699, 20, 0.454012930393219, 0.5792513489723206, -0.5899994373321533, 0.9474602937698364
699, 21, 0.5002785325050354, 0.5927627086639404, -0.47691279649734497, 0.9505181908607483
699, 22, 0.4553301930427551, 0.5719572305679321, -0.5396092534065247, 0.9304713606834412
699, 23, 0.484065443277359, 0.3130399286746979, 0.00030662896460853517, 0.9977288842201233
699, 24, 0.4453459680080414, 0.3171826899051666, -0.00043564109364524484, 0.9982103109359741
699, 25, 0.49635934829711914, 0.43424275517463684, 0.20714278519153595, 0.09642194211483002
699, 26, 0.45637863874435425, 0.44116032123565674, 0.19658450782299042, 0.1004299744963646
699, 27, 0.4898606240749359, 0.44475334882736206, 0.5424816012382507, 0.05112898349761963
699, 28, 0.46132373809814453, 0.448182076215744, 0.5340625047683716, 0.02905651368200779
699, 29, 0.48768168687820435, 0.43534934520721436, 0.5770640969276428, 0.05216863378882408
699, 30, 0.4614175260066986, 0.4395534098148346, 0.5686264038085938, 0.030223850160837173
699, 31, 0.4916687607765198, 0.4803646206855774, 0.5677484273910522, 0.12175873667001724
699, 32, 0.4636462330818176, 0.4768866300582886, 0.5626406669616699, 0.058756906539201736
700, 0, 0.4757940173149109, 0.48284393548965454, -0.5689079165458679, 0.9999632835388184
700, 1, 0.48231738805770874, 0.4728600084781647, -0.56864994764328, 0.9999788999557495
700, 2, 0.4868775010108948, 0.4674248993396759, -0.5686706900596619, 0.9999765157699585
700, 3, 0.49046605825424194, 0.4649795889854431, -0.5687996745109558, 0.9999731779098511
700, 4, 0.4686034619808197, 0.47727203369140625, -0.5692318677902222, 0.999974250793457
700, 5, 0.46461230516433716, 0.4757751524448395, -0.5692938566207886, 0.9999709129333496
700, 6, 0.4596100449562073, 0.476673424243927, -0.5692654252052307, 0.999964714050293
700, 7, 0.4943059980869293, 0.43994081020355225, -0.4847272038459778, 0.9999271631240845
700, 8, 0.44978827238082886, 0.45912307500839233, -0.4884435534477234, 0.9999572038650513
700, 9, 0.4787183701992035, 0.47747373580932617, -0.5291237235069275, 0.9998917579650879
700, 10, 0.4677143692970276, 0.47804683446884155, -0.5302901268005371, 0.999847412109375
700, 11, 0.5162677764892578, 0.40717676281929016, -0.36452311277389526, 0.9975066781044006
700, 12, 0.42682185769081116, 0.4096553325653076, -0.37018632888793945, 0.9972862005233765
700, 13, 0.54046630859375, 0.5101184844970703, -0.40397411584854126, 0.9931641221046448
700, 14, 0.4050922393798828, 0.5089717507362366, -0.4294911026954651, 0.9845320582389832
700, 15, 0.5123238563537598, 0.5837064981460571, -0.5270598530769348, 0.9896162748336792
700, 16, 0.4402596354484558, 0.5667715668678284, -0.5800016522407532, 0.9851679801940918
700, 17, 0.5111745595932007, 0.6049880981445312, -0.5738796591758728, 0.9743204712867737
700, 18, 0.44509202241897583, 0.5864037275314331, -0.6328864693641663, 0.9561558961868286
700, 19, 0.5011321306228638, 0.5944761037826538, -0.5822360515594482, 0.9705370664596558
700, 20, 0.451833575963974, 0.572742223739624, -0.6351752877235413, 0.9413833022117615
700, 21, 0.4989147186279297, 0.587138295173645, -0.5349239110946655, 0.9450380206108093
700, 22, 0.45281943678855896, 0.5670119524002075, -0.5857490301132202, 0.9251436591148376
700, 23, 0.4892045855522156, 0.3028143644332886, -0.00182337686419487, 0.9982540011405945
700, 24, 0.4398096203804016, 0.31790682673454285, 0.001768228830769658, 0.9985051155090332
700, 25, 0.4965583384037018, 0.41865548491477966, 0.1977580189704895, 0.11467765271663666
700, 26, 0.4544483721256256, 0.41594985127449036, 0.2075313776731491, 0.08947467058897018
700, 27, 0.49445992708206177, 0.42230552434921265, 0.5289181470870972, 0.0598953552544117
700, 28, 0.4614027440547943, 0.41958367824554443, 0.5489599704742432, 0.03333171457052231
700, 29, 0.4933127760887146, 0.4112929403781891, 0.5625085234642029, 0.0780421793460846
700, 30, 0.4622740149497986, 0.41116100549697876, 0.5842869877815247, 0.0380399152636528
700, 31, 0.4945264458656311, 0.45981505513191223, 0.5585456490516663, 0.0907515212893486
700, 32, 0.46222400665283203, 0.447162002325058, 0.5861788988113403, 0.049476128071546555
701, 0, 0.4723500609397888, 0.4783085584640503, -0.5540366768836975, 0.9999430179595947
701, 1, 0.4789963662624359, 0.4695962369441986, -0.5540118217468262, 0.9999505281448364
701, 2, 0.4835416376590729, 0.4677753746509552, -0.5540078282356262, 0.9999395608901978
701, 3, 0.48707252740859985, 0.4632282555103302, -0.5541119575500488, 0.9999252557754517
701, 4, 0.46532636880874634, 0.47341445088386536, -0.5555515885353088, 0.999956488609314
701, 5, 0.461384117603302, 0.4739932715892792, -0.5555861592292786, 0.9999459981918335
701, 6, 0.4566604495048523, 0.47252923250198364, -0.5555470585823059, 0.9999338388442993
701, 7, 0.49205321073532104, 0.4414435625076294, -0.46851223707199097, 0.9997534155845642
701, 8, 0.4483404755592346, 0.45482656359672546, -0.4762234687805176, 0.9999016523361206
701, 9, 0.47543030977249146, 0.470522403717041, -0.512825608253479, 0.9997841715812683
701, 10, 0.4642755389213562, 0.47077569365501404, -0.5151200890541077, 0.9997426867485046
701, 11, 0.51595139503479, 0.4160546660423279, -0.33743977546691895, 0.9955376386642456
701, 12, 0.42598047852516174, 0.4097613990306854, -0.34962132573127747, 0.9935256242752075
701, 13, 0.5324357151985168, 0.5228074193000793, -0.33255821466445923, 0.9900259971618652
701, 14, 0.4075644016265869, 0.512029767036438, -0.37259289622306824, 0.9791657328605652
701, 15, 0.5068050026893616, 0.5932214856147766, -0.42020291090011597, 0.9887343645095825
701, 16, 0.4389379620552063, 0.5706641674041748, -0.4917899966239929, 0.9789264798164368
701, 17, 0.5056003928184509, 0.6154567003250122, -0.46387869119644165, 0.9642001986503601
701, 18, 0.4418383240699768, 0.5912445783615112, -0.5422567129135132, 0.9384806156158447
701, 19, 0.49643316864967346, 0.6053768396377563, -0.47499966621398926, 0.9615004658699036
701, 20, 0.4490966200828552, 0.5766611099243164, -0.5450735688209534, 0.9229605793952942
701, 21, 0.4938744902610779, 0.5976855754852295, -0.42867574095726013, 0.9324378371238708
701, 22, 0.450767457485199, 0.570470929145813, -0.4968779981136322, 0.8991186618804932
701, 23, 0.49528342485427856, 0.3119550347328186, 0.002495069056749344, 0.995932400226593
701, 24, 0.4447757303714752, 0.31524384021759033, -0.002647730987519026, 0.9968697428703308
701, 25, 0.5020669102668762, 0.43848055601119995, 0.21046538650989532, 0.1422274112701416
701, 26, 0.452233225107193, 0.44183507561683655, 0.1925424039363861, 0.12663525342941284
701, 27, 0.49552685022354126, 0.46125444769859314, 0.5479527115821838, 0.06980803608894348
701, 28, 0.458756685256958, 0.46415460109710693, 0.5478211045265198, 0.031665440648794174
701, 29, 0.49443286657333374, 0.4543296694755554, 0.5829063057899475, 0.06150127947330475
701, 30, 0.460378497838974, 0.45720604062080383, 0.5845083594322205, 0.03691444918513298
701, 31, 0.4951251149177551, 0.49805915355682373, 0.5705577731132507, 0.17912700772285461
701, 32, 0.45783472061157227, 0.49971336126327515, 0.5780139565467834, 0.074458546936512
702, 0, 0.46738043427467346, 0.4789387583732605, -0.411841481924057, 0.9995525479316711
702, 1, 0.4714581370353699, 0.4636274576187134, -0.41369420289993286, 0.9995903372764587
702, 2, 0.47815030813217163, 0.4687560200691223, -0.41369134187698364, 0.9995765089988708
702, 3, 0.48179441690444946, 0.4669710397720337, -0.4137459695339203, 0.999416708946228
702, 4, 0.46154075860977173, 0.46608760952949524, -0.41291123628616333, 0.9996320009231567
702, 5, 0.45849061012268066, 0.4657514691352844, -0.41295361518859863, 0.9996480941772461
702, 6, 0.45543551445007324, 0.4654000699520111, -0.41292858123779297, 0.9995644688606262
702, 7, 0.4839197099208832, 0.43695467710494995, -0.354816734790802, 0.9981793165206909
702, 8, 0.44894495606422424, 0.44632893800735474, -0.35154637694358826, 0.9994379878044128
702, 9, 0.4730605483055115, 0.47056469321250916, -0.3829157054424286, 0.9988964796066284
702, 10, 0.46259790658950806, 0.47319525480270386, -0.38192662596702576, 0.9989504218101501
702, 11, 0.5035701394081116, 0.41822466254234314, -0.25061118602752686, 0.9939224123954773
702, 12, 0.4276568293571472, 0.42475205659866333, -0.26338085532188416, 0.996077835559845
702, 13, 0.5171194672584534, 0.5152384638786316, -0.24902483820915222, 0.9830169081687927
702, 14, 0.41575536131858826, 0.5148390531539917, -0.2717374563217163, 0.9799479246139526
702, 15, 0.49185624718666077, 0.5531274080276489, -0.3224297761917114, 0.97749263048172
702, 16, 0.44720035791397095, 0.5551956295967102, -0.33973297476768494, 0.9737981557846069
702, 17, 0.4893811345100403, 0.5680862665176392, -0.35294193029403687, 0.9255369901657104
702, 18, 0.4516657888889313, 0.573789656162262, -0.3738892078399658, 0.9132189154624939
702, 19, 0.4816989302635193, 0.5571465492248535, -0.36039525270462036, 0.9151557683944702
702, 20, 0.45888128876686096, 0.5591810941696167, -0.37857627868652344, 0.8953978419303894
702, 21, 0.48089686036109924, 0.5520875453948975, -0.32805418968200684, 0.8820858001708984
702, 22, 0.45918840169906616, 0.5522286891937256, -0.3436625003814697, 0.8821509480476379
702, 23, 0.4796876907348633, 0.32179880142211914, 0.0030204118229448795, 0.9922898411750793
702, 24, 0.44291695952415466, 0.32675325870513916, -0.0030509468633681536, 0.9960545301437378
702, 25, 0.4916355609893799, 0.44052642583847046, 0.15203166007995605, 0.1292569637298584
702, 26, 0.45220446586608887, 0.448821097612381, 0.11662203073501587, 0.1632649302482605
702, 27, 0.4856211245059967, 0.46647655963897705, 0.3853577971458435, 0.05593133717775345
702, 28, 0.4579213559627533, 0.46612676978111267, 0.3543791174888611, 0.0337243378162384
702, 29, 0.4834342896938324, 0.45994657278060913, 0.40908804535865784, 0.06132709980010986
702, 30, 0.4589352011680603, 0.46059414744377136, 0.3792266249656677, 0.03375627472996712
702, 31, 0.487774521112442, 0.5022763013839722, 0.4087720811367035, 0.2645847797393799
702, 32, 0.4609801173210144, 0.4934714138507843, 0.38268715143203735, 0.1317135989665985
703, 0, 0.474836528301239, 0.46673205494880676, -0.4894462525844574, 0.9990572333335876
703, 1, 0.4812158942222595, 0.46109724044799805, -0.49353843927383423, 0.9994606375694275
703, 2, 0.4832248091697693, 0.45919451117515564, -0.49351805448532104, 0.9993000030517578
703, 3, 0.4868830740451813, 0.4571601450443268, -0.49358701705932617, 0.9992645382881165
703, 4, 0.47123757004737854, 0.4647751748561859, -0.4938136041164398, 0.9994331002235413
703, 5, 0.4693022668361664, 0.46546199917793274, -0.49387893080711365, 0.9992778897285461
703, 6, 0.4634363055229187, 0.45450693368911743, -0.4938812851905823, 0.9993317723274231
703, 7, 0.49030059576034546, 0.4288978576660156, -0.4290158748626709, 0.9975300431251526
703, 8, 0.45550546050071716, 0.4372609853744507, -0.4316820502281189, 0.9991820454597473
703, 9, 0.4789958894252777, 0.45999017357826233, -0.45706120133399963, 0.9983657002449036
703, 10, 0.46871843934059143, 0.4618432819843292, -0.45787376165390015, 0.9983969330787659
703, 11, 0.5059309601783752, 0.4119194447994232, -0.3027673363685608, 0.9959052801132202
703, 12, 0.4289981722831726, 0.4151355028152466, -0.31786155700683594, 0.9971325397491455
703, 13, 0.5215643644332886, 0.4831623435020447, -0.27860817313194275, 0.8799501657485962
703, 14, 0.4254966676235199, 0.4859883487224579, -0.30633172392845154, 0.8487434983253479
703, 15, 0.5036150217056274, 0.5377230644226074, -0.34154292941093445, 0.9347755908966064
703, 16, 0.44910722970962524, 0.5455989241600037, -0.376505970954895, 0.9374164342880249
703, 17, 0.5043850541114807, 0.5524308085441589, -0.3782302141189575, 0.8876221179962158
703, 18, 0.4498750567436218, 0.5663557052612305, -0.4173322319984436, 0.8927525281906128
703, 19, 0.4950028359889984, 0.5477445125579834, -0.3931080996990204, 0.8893960118293762
703, 20, 0.45760589838027954, 0.5561210513114929, -0.42480286955833435, 0.8846847414970398
703, 21, 0.4926477372646332, 0.5425511598587036, -0.35087254643440247, 0.8414163589477539
703, 22, 0.45955199003219604, 0.5481921434402466, -0.38250991702079773, 0.8493357300758362
703, 23, 0.47964662313461304, 0.3158121109008789, 0.0038017898332327604, 0.9964886903762817
703, 24, 0.4450875222682953, 0.31350913643836975, -0.0038416713941842318, 0.9984099864959717
703, 25, 0.49322548508644104, 0.4304981529712677, 0.18497714400291443, 0.1553896963596344
703, 26, 0.4530025124549866, 0.42770785093307495, 0.1354059875011444, 0.1664399802684784
703, 27, 0.4908739924430847, 0.443279892206192, 0.47575005888938904, 0.05399658530950546
703, 28, 0.46282142400741577, 0.4384912848472595, 0.42602652311325073, 0.03234470635652542
703, 29, 0.4897933006286621, 0.43709975481033325, 0.5053894519805908, 0.04395188018679619
703, 30, 0.4657706618309021, 0.4332391917705536, 0.45616331696510315, 0.02452722378075123
703, 31, 0.49291396141052246, 0.47398293018341064, 0.48657888174057007, 0.1978488713502884
703, 32, 0.46024590730667114, 0.46653252840042114, 0.4404011368751526, 0.09343400597572327
704, 0, 0.46821680665016174, 0.4555565416812897, 0.20461848378181458, 0.9962900876998901
704, 1, 0.4648725390434265, 0.4553997814655304, 0.2211499661207199, 0.9965804219245911
704, 2, 0.4634832739830017, 0.4556804597377777, 0.22110025584697723, 0.995832622051239
704, 3, 0.46207863092422485, 0.4558737874031067, 0.2210918664932251, 0.9972795844078064
704, 4, 0.46858125925064087, 0.4540349841117859, 0.22184380888938904, 0.9962350726127625
704, 5, 0.4696659445762634, 0.45331093668937683, 0.22184744477272034, 0.9966042041778564
704, 6, 0.4707135558128357, 0.45252883434295654, 0.2217808961868286, 0.9976940751075745
704, 7, 0.45905327796936035, 0.4490574300289154, 0.26553142070770264, 0.9972020387649536
704, 8, 0.4727988839149475, 0.44357743859291077, 0.26942017674446106, 0.9965142607688904
704, 9, 0.466793954372406, 0.4500083923339844, 0.21760518848896027, 0.9950926303863525
704, 10, 0.4704750180244446, 0.4485313296318054, 0.21807095408439636, 0.9924261569976807
704, 11, 0.4487670361995697, 0.43352189660072327, 0.24028770625591278, 0.9914916157722473
704, 12, 0.4877365231513977, 0.41099464893341064, 0.2345588654279709, 0.9990398287773132
704, 13, 0.4228290021419525, 0.5002629160881042, 0.20493921637535095, 0.9598008990287781
704, 14, 0.5025880336761475, 0.452931672334671, 0.1979687660932541, 0.6770653128623962
704, 15, 0.4440895915031433, 0.5706666111946106, 0.2100333869457245, 0.8421722054481506
704, 16, 0.5127604603767395, 0.5270720720291138, 0.23794344067573547, 0.5863523483276367
704, 17, 0.4492051601409912, 0.5910190939903259, 0.20899847149848938, 0.8305662870407104
704, 18, 0.5154076814651489, 0.5519728064537048, 0.24314340949058533, 0.6228575706481934
704, 19, 0.45372670888900757, 0.5914576053619385, 0.22333499789237976, 0.7917695045471191
704, 20, 0.5143121480941772, 0.5512442588806152, 0.254342257976532, 0.5774117112159729
704, 21, 0.4536117911338806, 0.5818188786506653, 0.21570268273353577, 0.7290431261062622
704, 22, 0.5114185214042664, 0.5428285002708435, 0.24262914061546326, 0.5115126967430115
704, 23, 0.4464908540248871, 0.3463633358478546, 0.0032696586567908525, 0.9897316098213196
704, 24, 0.4707823395729065, 0.33887574076652527, -0.0033541813027113676, 0.9946085214614868
704, 25, 0.4590511918067932, 0.47215282917022705, -0.078095942735672, 0.9428329467773438
704, 26, 0.4781390130519867, 0.47932255268096924, -0.05578691512346268, 0.9498118162155151
704, 27, 0.4711352288722992, 0.5279358625411987, -0.23564676940441132, 0.720777153968811
704, 28, 0.46430864930152893, 0.5353200435638428, -0.2350323498249054, 0.5144932866096497
704, 29, 0.4717137813568115, 0.5202112197875977, -0.25357311964035034, 0.9241089224815369
704, 30, 0.45717477798461914, 0.5310221314430237, -0.2532701790332794, 0.9258300065994263
704, 31, 0.48170262575149536, 0.5764518976211548, -0.3045233190059662, 0.9543153047561646
704, 32, 0.46506267786026, 0.5807562470436096, -0.2972126305103302, 0.946122944355011
705, 0, 0.4652375280857086, 0.4620758593082428, -0.29223665595054626, 0.9991355538368225
705, 1, 0.4669385850429535, 0.4546293616294861, -0.2959078848361969, 0.9994069337844849
705, 2, 0.4687439799308777, 0.4538467526435852, -0.2959130108356476, 0.9992527365684509
705, 3, 0.4705358147621155, 0.45302775502204895, -0.29597708582878113, 0.9992960691452026
705, 4, 0.4619477391242981, 0.45524051785469055, -0.29709550738334656, 0.9996163845062256
705, 5, 0.46026116609573364, 0.45500773191452026, -0.2971540689468384, 0.9995051622390747
705, 6, 0.45856618881225586, 0.4547662138938904, -0.29717350006103516, 0.9995393753051758
705, 7, 0.47425785660743713, 0.44314658641815186, -0.25784432888031006, 0.9982900023460388
705, 8, 0.4558769166469574, 0.44540613889694214, -0.26341286301612854, 0.9995446801185608
705, 9, 0.46874624490737915, 0.4585893750190735, -0.272007554769516, 0.9984449744224548
705, 10, 0.4628733992576599, 0.4600699543952942, -0.2737291157245636, 0.9987767338752747
705, 11, 0.48821407556533813, 0.44292423129081726, -0.18224205076694489, 0.9951287508010864
705, 12, 0.4465884268283844, 0.4336879849433899, -0.1946633905172348, 0.997080385684967
705, 13, 0.4951491951942444, 0.5035232305526733, -0.15342336893081665, 0.7728710770606995
705, 14, 0.4291183352470398, 0.48333385586738586, -0.15259508788585663, 0.9003111124038696
705, 15, 0.4975496232509613, 0.5559123754501343, -0.19376984238624573, 0.9066271185874939
705, 16, 0.43648606538772583, 0.5321803092956543, -0.1590108722448349, 0.9566765427589417
705, 17, 0.5022963285446167, 0.5701039433479309, -0.22066357731819153, 0.876390814781189
705, 18, 0.4334862232208252, 0.5456886887550354, -0.18243685364723206, 0.9345967769622803
705, 19, 0.49688148498535156, 0.566343367099762, -0.22968284785747528, 0.8881251215934753
705, 20, 0.4393891394138336, 0.5423754453659058, -0.1914389580488205, 0.9383300542831421
705, 21, 0.49369555711746216, 0.5606440305709839, -0.20003369450569153, 0.8330352306365967
705, 22, 0.4417950510978699, 0.5376098155975342, -0.16376902163028717, 0.9150117635726929
705, 23, 0.46904635429382324, 0.3628700375556946, 0.0006295068887993693, 0.9985705614089966
705, 24, 0.45108065009117126, 0.362700879573822, -0.0006204490782693028, 0.9989303946495056
705, 25, 0.47925806045532227, 0.4525660574436188, 0.10451143980026245, 0.13442862033843994
705, 26, 0.4555078148841858, 0.46108490228652954, 0.10377206653356552, 0.13333173096179962
705, 27, 0.47802695631980896, 0.44967323541641235, 0.28038305044174194, 0.0762043446302414
705, 28, 0.46081987023353577, 0.45058250427246094, 0.2787361443042755, 0.06203146278858185
705, 29, 0.4773779511451721, 0.44490233063697815, 0.2985018491744995, 0.05469878762960434
705, 30, 0.4612787365913391, 0.4477199614048004, 0.2972533702850342, 0.03318015858530998
705, 31, 0.4805785119533539, 0.4705473482608795, 0.2880267798900604, 0.14986979961395264
705, 32, 0.461585134267807, 0.461814284324646, 0.2878221869468689, 0.10015429556369781
706, 0, 0.47072821855545044, 0.46963343024253845, -0.3355109691619873, 0.9984020590782166
706, 1, 0.4734363555908203, 0.45860764384269714, -0.33711978793144226, 0.9990134239196777
706, 2, 0.47573310136795044, 0.4570190906524658, -0.3371133804321289, 0.9987332224845886
706, 3, 0.47801485657691956, 0.45536133646965027, -0.33716410398483276, 0.9986547231674194
706, 4, 0.46671539545059204, 0.4606870412826538, -0.33736172318458557, 0.9991057515144348
706, 5, 0.4644477963447571, 0.4605919420719147, -0.3374008238315582, 0.9988366961479187
706, 6, 0.46217218041419983, 0.4604792594909668, -0.33737912774086, 0.998930037021637
706, 7, 0.4816429615020752, 0.4367201626300812, -0.28673675656318665, 0.9955311417579651
706, 8, 0.4563561975955963, 0.4447575509548187, -0.28765735030174255, 0.9985508322715759
706, 9, 0.4738171696662903, 0.4625471234321594, -0.3111105263233185, 0.99647456407547
706, 10, 0.4664422869682312, 0.46489521861076355, -0.31130942702293396, 0.9967949986457825
706, 11, 0.49644356966018677, 0.42273372411727905, -0.18994523584842682, 0.9872461557388306
706, 12, 0.436260849237442, 0.4234921336174011, -0.21542437374591827, 0.9864469766616821
706, 13, 0.496189683675766, 0.5021972060203552, -0.1684810370206833, 0.5951547026634216
706, 14, 0.43450552225112915, 0.48872458934783936, -0.19263318181037903, 0.7286490797996521
706, 15, 0.483745813369751, 0.5522342920303345, -0.22877879440784454, 0.8664278388023376
706, 16, 0.4486413598060608, 0.5433491468429565, -0.22094278037548065, 0.9412137269973755
706, 17, 0.4848857522010803, 0.568278431892395, -0.25890451669692993, 0.8412181735038757
706, 18, 0.4483107924461365, 0.5628304481506348, -0.2511600852012634, 0.9079760313034058
706, 19, 0.477816641330719, 0.5629904270172119, -0.27282875776290894, 0.8602579236030579
706, 20, 0.4563996195793152, 0.553996741771698, -0.2610395848751068, 0.909977376461029
706, 21, 0.47537359595298767, 0.5550794005393982, -0.2379743754863739, 0.8150871396064758
706, 22, 0.45812979340553284, 0.5448392033576965, -0.2272307425737381, 0.8913819193840027
706, 23, 0.47060832381248474, 0.3378324806690216, 0.005444874055683613, 0.9930791258811951
706, 24, 0.4423072338104248, 0.33881640434265137, -0.005474520847201347, 0.9956589937210083
706, 25, 0.4948579668998718, 0.44677355885505676, 0.11653287708759308, 0.17614613473415375
706, 26, 0.45693469047546387, 0.4585614800453186, 0.07931330054998398, 0.30640822649002075
706, 27, 0.487028032541275, 0.4511831998825073, 0.3116663694381714, 0.0980614572763443
706, 28, 0.46044325828552246, 0.4563005566596985, 0.2724537253379822, 0.10694271326065063
706, 29, 0.483928918838501, 0.4445723295211792, 0.33167797327041626, 0.06013213470578194
706, 30, 0.4606166481971741, 0.4494350552558899, 0.29296812415122986, 0.0512937530875206
706, 31, 0.48977357149124146, 0.4810161292552948, 0.3168092668056488, 0.21711447834968567
706, 32, 0.46025529503822327, 0.4808598756790161, 0.28133490681648254, 0.18637323379516602
707, 0, 0.4689668118953705, 0.4759428799152374, -0.3821184039115906, 0.9996378421783447
707, 1, 0.4723232388496399, 0.46084240078926086, -0.3843114972114563, 0.9996954202651978
707, 2, 0.47909241914749146, 0.46817290782928467, -0.3843044340610504, 0.999692440032959
707, 3, 0.48244768381118774, 0.46170076727867126, -0.38436204195022583, 0.9995706677436829
707, 4, 0.4635041356086731, 0.4634660482406616, -0.3840365707874298, 0.9997425675392151
707, 5, 0.46076512336730957, 0.4632330536842346, -0.3840813934803009, 0.9997400641441345
707, 6, 0.4580237865447998, 0.4629795551300049, -0.38406386971473694, 0.999677300453186
707, 7, 0.48371416330337524, 0.4351050555706024, -0.3287072777748108, 0.9986283779144287
707, 8, 0.45202475786209106, 0.44491851329803467, -0.3276374638080597, 0.9996039271354675
707, 9, 0.4741094708442688, 0.46826931834220886, -0.3546801507472992, 0.9988118410110474
707, 10, 0.46472352743148804, 0.47099733352661133, -0.35427698493003845, 0.9989321827888489
707, 11, 0.5047462582588196, 0.4197738766670227, -0.22624847292900085, 0.9944028258323669
707, 12, 0.43026894330978394, 0.4235846996307373, -0.2429177463054657, 0.9935257434844971
707, 13, 0.5202433466911316, 0.4956231713294983, -0.20902156829833984, 0.9314809441566467
707, 14, 0.41903311014175415, 0.4978313744068146, -0.23200377821922302, 0.9538943767547607
707, 15, 0.5023590922355652, 0.5432270765304565, -0.2752418518066406, 0.9582659006118774
707, 16, 0.43995505571365356, 0.5494384765625, -0.2789793610572815, 0.9714193344116211
707, 17, 0.501419186592102, 0.5593764781951904, -0.30416062474250793, 0.9067888855934143
707, 18, 0.4408412575721741, 0.5688213109970093, -0.3096511960029602, 0.929248034954071
707, 19, 0.4923805296421051, 0.5528050661087036, -0.31393447518348694, 0.9032267332077026
707, 20, 0.4500262141227722, 0.5585553646087646, -0.3167024552822113, 0.9217163920402527
707, 21, 0.49077898263931274, 0.546418309211731, -0.28177130222320557, 0.8665211796760559
707, 22, 0.45160287618637085, 0.5505839586257935, -0.283570259809494, 0.9024903178215027
707, 23, 0.47543078660964966, 0.3371448516845703, 0.006037611048668623, 0.9891470670700073
707, 24, 0.44043484330177307, 0.34053876996040344, -0.0060381474904716015, 0.9940235018730164
707, 25, 0.49355921149253845, 0.4456804096698761, 0.12680043280124664, 0.11566733568906784
707, 26, 0.4507218301296234, 0.4643050730228424, 0.0925709530711174, 0.1928735226392746
707, 27, 0.48484092950820923, 0.4607886075973511, 0.3342045843601227, 0.05367396026849747
707, 28, 0.45865193009376526, 0.46319612860679626, 0.30695855617523193, 0.05141095444560051
707, 29, 0.48115596175193787, 0.45471441745758057, 0.35558271408081055, 0.048782724887132645
707, 30, 0.4598875641822815, 0.4559096097946167, 0.329816609621048, 0.03803094103932381
707, 31, 0.48835664987564087, 0.49237388372421265, 0.35439541935920715, 0.22179514169692993
707, 32, 0.46138638257980347, 0.48690712451934814, 0.3323456645011902, 0.16569505631923676
708, 0, 0.46783319115638733, 0.4579712450504303, -0.33003684878349304, 0.9990111589431763
708, 1, 0.4705563187599182, 0.4449893832206726, -0.33512595295906067, 0.9994290471076965
708, 2, 0.47318023443222046, 0.443350613117218, -0.33511215448379517, 0.9992809891700745
708, 3, 0.47578829526901245, 0.4416462481021881, -0.335133820772171, 0.9992462396621704
708, 4, 0.463036447763443, 0.44743505120277405, -0.33682093024253845, 0.9994422793388367
708, 5, 0.4605468213558197, 0.44754889607429504, -0.3368634283542633, 0.9993365406990051
708, 6, 0.45805320143699646, 0.4476425051689148, -0.3368265926837921, 0.9993928670883179
708, 7, 0.48067671060562134, 0.42586588859558105, -0.29250863194465637, 0.9976035952568054
708, 8, 0.4528366029262543, 0.4348463714122772, -0.30101630091667175, 0.999338686466217
708, 9, 0.4728154242038727, 0.4540136456489563, -0.30768701434135437, 0.9989145994186401
708, 10, 0.4640733301639557, 0.45675787329673767, -0.3100740909576416, 0.9992263317108154
708, 11, 0.4958958625793457, 0.41995328664779663, -0.19209671020507812, 0.9943101406097412
708, 12, 0.4381391406059265, 0.4226054847240448, -0.2208997905254364, 0.9956594109535217
708, 13, 0.5020962953567505, 0.49223288893699646, -0.14091603457927704, 0.6710014343261719
708, 14, 0.44396090507507324, 0.4881126284599304, -0.15955226123332977, 0.8572590947151184
708, 15, 0.4989542067050934, 0.5372474193572998, -0.1747213900089264, 0.7952492237091064
708, 16, 0.4607695937156677, 0.538446843624115, -0.15316563844680786, 0.9466630816459656
708, 17, 0.5022822618484497, 0.5511208772659302, -0.20217642188072205, 0.7011443376541138
708, 18, 0.45968276262283325, 0.5584292411804199, -0.17701660096645355, 0.8999009728431702
708, 19, 0.4950830936431885, 0.5461006164550781, -0.21414124965667725, 0.7174330949783325
708, 20, 0.46800047159194946, 0.5482813119888306, -0.19170893728733063, 0.8992551565170288
708, 21, 0.4923531115055084, 0.5403664708137512, -0.182754248380661, 0.6588608026504517
708, 22, 0.4701279103755951, 0.5397482514381409, -0.1599172204732895, 0.882638692855835
708, 23, 0.47435837984085083, 0.35095611214637756, 0.009553497657179832, 0.9968580007553101
708, 24, 0.4462323784828186, 0.348202109336853, -0.009521512314677238, 0.9981746673583984
708, 25, 0.494019091129303, 0.45882365107536316, 0.10875879228115082, 0.14361660182476044
708, 26, 0.4561100900173187, 0.4785059094429016, 0.05160272866487503, 0.33494457602500916
708, 27, 0.4895327687263489, 0.482077956199646, 0.3059828579425812, 0.07345455139875412
708, 28, 0.465446412563324, 0.48349320888519287, 0.2470223605632782, 0.07595214992761612
708, 29, 0.48764610290527344, 0.4795522093772888, 0.3263291120529175, 0.04312989488244057
708, 30, 0.467323362827301, 0.4753160774707794, 0.2679740786552429, 0.03989117592573166
708, 31, 0.489096075296402, 0.5104787349700928, 0.3038896918296814, 0.22410953044891357
708, 32, 0.46280279755592346, 0.5125481486320496, 0.24976105988025665, 0.18693779408931732
709, 0, 0.4647921621799469, 0.4709952771663666, -0.28476858139038086, 0.93120276927948
709, 1, 0.45980745553970337, 0.47847113013267517, -0.29322776198387146, 0.9741432666778564
709, 2, 0.4577764868736267, 0.4781627953052521, -0.2932051420211792, 0.9670252203941345
709, 3, 0.45576316118240356, 0.4778193533420563, -0.29332900047302246, 0.9712648987770081
709, 4, 0.4650655686855316, 0.4798029661178589, -0.2911132574081421, 0.9761147499084473
709, 5, 0.4665728509426117, 0.48036351799964905, -0.29123905301094055, 0.9727879166603088
709, 6, 0.46810656785964966, 0.48089516162872314, -0.29128775000572205, 0.9739766716957092
709, 7, 0.45069193840026855, 0.4765651226043701, -0.2737451195716858, 0.9754487872123718
709, 8, 0.4690040946006775, 0.4804595112800598, -0.26472708582878113, 0.9738518595695496
709, 9, 0.46187838912010193, 0.4637930989265442, -0.2707928717136383, 0.9495102763175964
709, 10, 0.467646986246109, 0.46541187167167664, -0.26831740140914917, 0.9576414823532104
709, 11, 0.440803200006485, 0.46266934275627136, -0.21220645308494568, 0.9931245446205139
709, 12, 0.4840092062950134, 0.4592064619064331, -0.19206751883029938, 0.9976072311401367
709, 13, 0.42375531792640686, 0.4439108073711395, -0.13207146525382996, 0.1456449329853058
709, 14, 0.5106036067008972, 0.4403206408023834, -0.13438789546489716, 0.29017308354377747
709, 15, 0.4329489767551422, 0.41850483417510986, -0.06544342637062073, 0.12094670534133911
709, 16, 0.5015326738357544, 0.4463177025318146, -0.11417440325021744, 0.39622819423675537
709, 17, 0.4328254759311676, 0.4135294556617737, -0.06273547559976578, 0.08901767432689667
709, 18, 0.5011754631996155, 0.45050016045570374, -0.11528851836919785, 0.30720821022987366
709, 19, 0.43619483709335327, 0.4145573377609253, -0.06746535003185272, 0.08378710597753525
709, 20, 0.4989932179450989, 0.4526282548904419, -0.1203470230102539, 0.3177347779273987
709, 21, 0.43719714879989624, 0.41608500480651855, -0.06409446150064468, 0.07307752966880798
709, 22, 0.49780434370040894, 0.450984925031662, -0.11446981132030487, 0.2627173066139221
709, 23, 0.44756022095680237, 0.37692680954933167, -0.010789464227855206, 0.998871386051178
709, 24, 0.4662185311317444, 0.37852540612220764, 0.010726362466812134, 0.9989172220230103
709, 25, 0.45141658186912537, 0.4734284281730652, 0.05963180214166641, 0.12135525047779083
709, 26, 0.47064170241355896, 0.47521358728408813, 0.1361050009727478, 0.032025277614593506
709, 27, 0.47106045484542847, 0.4712672233581543, 0.21658901870250702, 0.06777352094650269
709, 28, 0.47326427698135376, 0.4724641442298889, 0.25937384366989136, 0.02933637797832489
709, 29, 0.47395309805870056, 0.4641849100589752, 0.23443159461021423, 0.11664232611656189
709, 30, 0.47074446082115173, 0.4639703035354614, 0.2744597792625427, 0.04036562144756317
709, 31, 0.4785824716091156, 0.4918132424354553, 0.23191122710704803, 0.0681581199169159
709, 32, 0.4770480990409851, 0.49286800622940063, 0.27271023392677307, 0.032916054129600525
710, 0, 0.4668270945549011, 0.4621753394603729, -0.36393943428993225, 0.998862624168396
710, 1, 0.4700472950935364, 0.4513906240463257, -0.36744481325149536, 0.9993709921836853
710, 2, 0.4726153314113617, 0.4501323699951172, -0.3674386143684387, 0.9991770386695862
710, 3, 0.47517067193984985, 0.44877591729164124, -0.367481529712677, 0.9990752935409546
710, 4, 0.46288833022117615, 0.4528225064277649, -0.36852800846099854, 0.9994706511497498
710, 5, 0.4605759084224701, 0.4525887668132782, -0.3685908317565918, 0.999369204044342
710, 6, 0.4582427442073822, 0.45234382152557373, -0.36858659982681274, 0.9994208812713623
710, 7, 0.4798395037651062, 0.4323902130126953, -0.31689944863319397, 0.9965584874153137
710, 8, 0.4531556963920593, 0.4383772611618042, -0.32196733355522156, 0.9993914365768433
710, 9, 0.4710844159126282, 0.45729950070381165, -0.3382844924926758, 0.9983189702033997
710, 10, 0.4627653956413269, 0.458604097366333, -0.339663028717041, 0.9987592697143555
710, 11, 0.49356991052627563, 0.4224984347820282, -0.2099330723285675, 0.9900431632995605
710, 12, 0.43700867891311646, 0.4200124144554138, -0.23860132694244385, 0.992820680141449
710, 13, 0.49678969383239746, 0.5051520466804504, -0.1753888726234436, 0.7383145689964294
710, 14, 0.4464092254638672, 0.4873559772968292, -0.19613534212112427, 0.7834829688072205
710, 15, 0.49471336603164673, 0.5629461407661438, -0.23780569434165955, 0.8854463696479797
710, 16, 0.46802687644958496, 0.5456894040107727, -0.2220161408185959, 0.9261210560798645
710, 17, 0.49902814626693726, 0.5795601606369019, -0.27308744192123413, 0.827904224395752
710, 18, 0.46811047196388245, 0.5669819116592407, -0.25537043809890747, 0.8788188695907593
710, 19, 0.49173206090927124, 0.5757573843002319, -0.2867278754711151, 0.8369215726852417
710, 20, 0.4761682152748108, 0.558080792427063, -0.2692042887210846, 0.8780261278152466
710, 21, 0.4885494112968445, 0.5687519907951355, -0.24772576987743378, 0.7865636944770813
710, 22, 0.4778473377227783, 0.5492398738861084, -0.22979870438575745, 0.8693763613700867
710, 23, 0.4734939932823181, 0.34461286664009094, 0.008343322202563286, 0.9970877766609192
710, 24, 0.44492214918136597, 0.3443024754524231, -0.008284232579171658, 0.9986091256141663
710, 25, 0.4943443834781647, 0.45209044218063354, 0.13088388741016388, 0.1300169825553894
710, 26, 0.4528500437736511, 0.4701911211013794, 0.0707319900393486, 0.2402135282754898
710, 27, 0.4866529405117035, 0.4727392792701721, 0.35931774973869324, 0.06386829912662506
710, 28, 0.45927363634109497, 0.4816087484359741, 0.28424686193466187, 0.048130493611097336
710, 29, 0.4839093089103699, 0.4711042642593384, 0.38248008489608765, 0.037666745483875275
710, 30, 0.4598023295402527, 0.47788697481155396, 0.3062655031681061, 0.030748939141631126
710, 31, 0.4897979199886322, 0.5002421736717224, 0.35407885909080505, 0.20469844341278076
710, 32, 0.46008238196372986, 0.5070477724075317, 0.27884185314178467, 0.13152696192264557
711, 0, 0.4709407687187195, 0.45476171374320984, -0.3500133752822876, 0.9986065030097961
711, 1, 0.469076931476593, 0.45812106132507324, -0.3535493314266205, 0.9990204572677612
711, 2, 0.46841710805892944, 0.4580783545970917, -0.3535034954547882, 0.9989780187606812
711, 3, 0.4677495062351227, 0.4579840898513794, -0.3535970449447632, 0.9987540245056152
711, 4, 0.4707193970680237, 0.4579664468765259, -0.35092127323150635, 0.999344527721405
711, 5, 0.4711681306362152, 0.45778796076774597, -0.35100823640823364, 0.9993667006492615
711, 6, 0.47160759568214417, 0.4575643837451935, -0.35101017355918884, 0.9993240833282471
711, 7, 0.46519699692726135, 0.45201975107192993, -0.30770522356033325, 0.9978932738304138
711, 8, 0.4703303277492523, 0.45135921239852905, -0.29653388261795044, 0.9995121955871582
711, 9, 0.4688211977481842, 0.448355495929718, -0.3268454670906067, 0.9960210919380188
711, 10, 0.4707585871219635, 0.448019802570343, -0.32385310530662537, 0.9976658821105957
711, 11, 0.4618549942970276, 0.4398692548274994, -0.21349449455738068, 0.9905101656913757
711, 12, 0.47230252623558044, 0.4277839958667755, -0.21329176425933838, 0.9981151819229126
711, 13, 0.4464379847049713, 0.5156749486923218, -0.14674781262874603, 0.6727783679962158
711, 14, 0.49700528383255005, 0.47064951062202454, -0.12479273974895477, 0.5806511640548706
711, 15, 0.45104923844337463, 0.5732625722885132, -0.1111089438199997, 0.4697602391242981
711, 16, 0.5047856569290161, 0.50481778383255, -0.0834728330373764, 0.6073161959648132
711, 17, 0.45308414101600647, 0.5921114087104797, -0.1216980442404747, 0.33185631036758423
711, 18, 0.5063526034355164, 0.5180462002754211, -0.09487920999526978, 0.4862968921661377
711, 19, 0.454956591129303, 0.5862354636192322, -0.12909618020057678, 0.3264040946960449
711, 20, 0.5048854947090149, 0.5124629735946655, -0.10290555655956268, 0.4968600869178772
711, 21, 0.4540715217590332, 0.5789697766304016, -0.11405148357152939, 0.30678650736808777
711, 22, 0.5038643479347229, 0.5078572034835815, -0.08596555143594742, 0.48859333992004395
711, 23, 0.45794159173965454, 0.35060372948646545, -0.0005927648162469268, 0.9984207153320312
711, 24, 0.4613872170448303, 0.34743139147758484, 0.000716444686986506, 0.999237060546875
711, 25, 0.4711161255836487, 0.4574770927429199, 0.1399293839931488, 0.1932729333639145
711, 26, 0.4711255133152008, 0.4530259966850281, 0.12847262620925903, 0.2103315144777298
711, 27, 0.4813850522041321, 0.48851478099823, 0.330959290266037, 0.09326799213886261
711, 28, 0.4737929403781891, 0.48778313398361206, 0.2899346649646759, 0.08122910559177399
711, 29, 0.48250946402549744, 0.48530691862106323, 0.351004421710968, 0.09294657409191132
711, 30, 0.4715222418308258, 0.4864652752876282, 0.3072946071624756, 0.06076764687895775
711, 31, 0.48600977659225464, 0.5173258185386658, 0.3280569314956665, 0.19768056273460388
711, 32, 0.47615891695022583, 0.5129401087760925, 0.28009334206581116, 0.14739485085010529
712, 0, 0.47794684767723083, 0.4799191653728485, -0.5081075429916382, 0.9991989731788635
712, 1, 0.481945276260376, 0.4681887626647949, -0.5101179480552673, 0.9995699524879456
712, 2, 0.48463645577430725, 0.4666946530342102, -0.5101075768470764, 0.9994468092918396
712, 3, 0.4873198866844177, 0.4651031792163849, -0.5101897716522217, 0.9993322491645813
712, 4, 0.47374773025512695, 0.469521701335907, -0.5094065070152283, 0.9996286630630493
712, 5, 0.4709233343601227, 0.46902817487716675, -0.5094445943832397, 0.9995297193527222
712, 6, 0.468104749917984, 0.46853163838386536, -0.509397029876709, 0.9994768500328064
712, 7, 0.49050790071487427, 0.44616830348968506, -0.43649110198020935, 0.9978777170181274
712, 8, 0.4607585072517395, 0.45180544257164, -0.4339624345302582, 0.9992915391921997
712, 9, 0.4807344973087311, 0.4729346036911011, -0.47245949506759644, 0.9981293082237244
712, 10, 0.47139865159988403, 0.47444069385528564, -0.4716075360774994, 0.9980354905128479
712, 11, 0.5013862252235413, 0.4328826069831848, -0.29604238271713257, 0.9951379895210266
712, 12, 0.4362054467201233, 0.43020138144493103, -0.3210950493812561, 0.9932560920715332
712, 13, 0.4964522421360016, 0.5338332056999207, -0.27831536531448364, 0.8648747801780701
712, 14, 0.4293522238731384, 0.508273720741272, -0.30960333347320557, 0.750170886516571
712, 15, 0.4809420704841614, 0.5867460370063782, -0.34484824538230896, 0.9181466102600098
712, 16, 0.44770583510398865, 0.5546085834503174, -0.3802368640899658, 0.8976241946220398
712, 17, 0.4825201630592346, 0.6037921905517578, -0.3833794891834259, 0.8625602722167969
712, 18, 0.4473106265068054, 0.5721217393875122, -0.4215625822544098, 0.8420751690864563
712, 19, 0.47677555680274963, 0.5953421592712402, -0.39753708243370056, 0.8602129817008972
712, 20, 0.4544883668422699, 0.561409056186676, -0.4325459897518158, 0.8352949023246765
712, 21, 0.47389501333236694, 0.5890344977378845, -0.3544216752052307, 0.8007346391677856
712, 22, 0.4566487669944763, 0.5549807548522949, -0.38771820068359375, 0.802661657333374
712, 23, 0.4792001247406006, 0.3231332302093506, 0.008157364092767239, 0.99699866771698
712, 24, 0.446748822927475, 0.3242872357368469, -0.008179739117622375, 0.9982432126998901
712, 25, 0.4954148232936859, 0.4471670687198639, 0.17198511958122253, 0.09861031174659729
712, 26, 0.454190731048584, 0.45923441648483276, 0.09923924505710602, 0.162296324968338
712, 27, 0.48504406213760376, 0.4897834062576294, 0.44392356276512146, 0.08345264196395874
712, 28, 0.4543679356575012, 0.49764832854270935, 0.3608163297176361, 0.03732699900865555
712, 29, 0.48092371225357056, 0.4881785809993744, 0.47029227018356323, 0.05335427075624466
712, 30, 0.45244112610816956, 0.4934931993484497, 0.386369913816452, 0.029066214337944984
712, 31, 0.48971468210220337, 0.529729962348938, 0.43466609716415405, 0.2508545219898224
712, 32, 0.45764145255088806, 0.5369881391525269, 0.35424456000328064, 0.11398308724164963
713, 0, 0.4785175919532776, 0.4760979413986206, -0.5074967741966248, 0.9987804293632507
713, 1, 0.4821273684501648, 0.46575579047203064, -0.5086324214935303, 0.9993259906768799
713, 2, 0.48456868529319763, 0.4643220603466034, -0.5086178779602051, 0.9991133809089661
713, 3, 0.4870029389858246, 0.46278664469718933, -0.5087143778800964, 0.998988926410675
713, 4, 0.47476726770401, 0.4672098755836487, -0.5078179240226746, 0.9994845390319824
713, 5, 0.472220242023468, 0.46690380573272705, -0.5078664422035217, 0.9993150234222412
713, 6, 0.46967530250549316, 0.4666176736354828, -0.5078316926956177, 0.9992671608924866
713, 7, 0.48940616846084595, 0.44525912404060364, -0.43352317810058594, 0.9963539838790894
713, 8, 0.4622250497341156, 0.4514307677745819, -0.4298461973667145, 0.9989770650863647
713, 9, 0.48064398765563965, 0.46957480907440186, -0.4715896248817444, 0.997272789478302
713, 10, 0.4721694886684418, 0.4711676239967346, -0.47042351961135864, 0.9970819354057312
713, 11, 0.4977632164955139, 0.43301331996917725, -0.29390642046928406, 0.9917146563529968
713, 12, 0.4366123676300049, 0.4357545077800751, -0.31798669695854187, 0.9916437268257141
713, 13, 0.4888482689857483, 0.5386943221092224, -0.27464190125465393, 0.8302810192108154
713, 14, 0.43238726258277893, 0.5176966190338135, -0.295249342918396, 0.698162317276001
713, 15, 0.47529155015945435, 0.5919781923294067, -0.33482834696769714, 0.8780161142349243
713, 16, 0.44894877076148987, 0.5632520318031311, -0.34930360317230225, 0.8655778765678406
713, 17, 0.4768838882446289, 0.6076831817626953, -0.37184062600135803, 0.8253202438354492
713, 18, 0.44831913709640503, 0.5798219442367554, -0.38927915692329407, 0.8244302868843079
713, 19, 0.4719159007072449, 0.5996179580688477, -0.38728058338165283, 0.8247062563896179
713, 20, 0.4548531472682953, 0.5679914951324463, -0.40051189064979553, 0.8232012987136841
713, 21, 0.4690466523170471, 0.5932357907295227, -0.34502047300338745, 0.7706164717674255
713, 22, 0.45722484588623047, 0.5610195398330688, -0.35665908455848694, 0.8028755187988281
713, 23, 0.4743190407752991, 0.3251413106918335, 0.0036609587259590626, 0.99415522813797
713, 24, 0.4446231722831726, 0.3299594521522522, -0.0036417809315025806, 0.9970248341560364
713, 25, 0.492670476436615, 0.4573299288749695, 0.1503300815820694, 0.12638536095619202
713, 26, 0.45439285039901733, 0.471492737531662, 0.07044326514005661, 0.17015086114406586
713, 27, 0.48663774132728577, 0.49878019094467163, 0.3989793658256531, 0.09719888120889664
713, 28, 0.45980149507522583, 0.5005967020988464, 0.3116777837276459, 0.03967388719320297
713, 29, 0.4834514260292053, 0.4964081645011902, 0.4231897294521332, 0.06001390889286995
713, 30, 0.45867663621902466, 0.4960081875324249, 0.3357517421245575, 0.031105680391192436
713, 31, 0.49458998441696167, 0.540268063545227, 0.3881486654281616, 0.25464415550231934
713, 32, 0.4650932252407074, 0.5381599068641663, 0.3035883903503418, 0.11582379788160324
714, 0, 0.4773656725883484, 0.4769752025604248, -0.5634918808937073, 0.9995586276054382
714, 1, 0.4829316735267639, 0.4659571349620819, -0.5627112984657288, 0.9997437596321106
714, 2, 0.4857769012451172, 0.4634414613246918, -0.56267911195755, 0.9996838569641113
714, 3, 0.4895678162574768, 0.4604475796222687, -0.5627692937850952, 0.9996188879013062
714, 4, 0.47177475690841675, 0.47309592366218567, -0.5647975206375122, 0.9997560381889343
714, 5, 0.46919742226600647, 0.4707736074924469, -0.5648248195648193, 0.9996848106384277
714, 6, 0.4646666646003723, 0.4713608920574188, -0.5647827982902527, 0.999632716178894
714, 7, 0.49288123846054077, 0.4371686577796936, -0.47233858704566956, 0.9987010955810547
714, 8, 0.4557194113731384, 0.4593123495578766, -0.48207908868789673, 0.9994940757751465
714, 9, 0.4790121018886566, 0.4673480689525604, -0.5207210183143616, 0.9982932209968567
714, 10, 0.4688087999820709, 0.46835243701934814, -0.5236290097236633, 0.9980802536010742
714, 11, 0.5095633268356323, 0.4178774058818817, -0.322211354970932, 0.9923237562179565
714, 12, 0.4279717803001404, 0.42044416069984436, -0.3442021310329437, 0.9771345257759094
714, 13, 0.5149585008621216, 0.520131528377533, -0.2931782901287079, 0.9040271639823914
714, 14, 0.4213227331638336, 0.5099210739135742, -0.3186544179916382, 0.6392516493797302
714, 15, 0.5010973215103149, 0.5930722951889038, -0.3624674379825592, 0.9537166953086853
714, 16, 0.44797319173812866, 0.5731818079948425, -0.38576099276542664, 0.8554093837738037
714, 17, 0.5032495260238647, 0.6138032674789429, -0.4038873612880707, 0.9154840707778931
714, 18, 0.44803667068481445, 0.5956224203109741, -0.4279770851135254, 0.8034111857414246
714, 19, 0.4953077435493469, 0.6062681674957275, -0.4178885519504547, 0.9169079065322876
714, 20, 0.4558740258216858, 0.5812874436378479, -0.4363160729408264, 0.7841742038726807
714, 21, 0.49188700318336487, 0.5996694564819336, -0.3722023069858551, 0.869246244430542
714, 22, 0.45841917395591736, 0.5738789439201355, -0.3917064070701599, 0.7230445742607117
714, 23, 0.481088787317276, 0.3152943551540375, 0.003058405127376318, 0.9917627573013306
714, 24, 0.44146662950515747, 0.31936919689178467, -0.0031628317665308714, 0.9938921928405762
714, 25, 0.4997023046016693, 0.43608999252319336, 0.19918091595172882, 0.13237203657627106
714, 26, 0.44772759079933167, 0.4395994544029236, 0.16861657798290253, 0.11991740018129349
714, 27, 0.491882860660553, 0.4666457772254944, 0.5224823355674744, 0.062468916177749634
714, 28, 0.4540034234523773, 0.46690717339515686, 0.4992118775844574, 0.03400341793894768
714, 29, 0.48938339948654175, 0.463358998298645, 0.5546478033065796, 0.03708793967962265
714, 30, 0.4548726975917816, 0.4633699655532837, 0.5324637293815613, 0.02706335112452507
714, 31, 0.4950752854347229, 0.5037428736686707, 0.5221782922744751, 0.18522512912750244
714, 32, 0.454364150762558, 0.5010441541671753, 0.5032707452774048, 0.07879319041967392
715, 0, 0.4668094515800476, 0.47408634424209595, -0.3419352173805237, 0.9986686706542969
715, 1, 0.46907514333724976, 0.4616464078426361, -0.34625187516212463, 0.9989823698997498
715, 2, 0.47180867195129395, 0.4597240388393402, -0.34624868631362915, 0.9989020824432373
715, 3, 0.4745241105556488, 0.45775657892227173, -0.3462952971458435, 0.9987216591835022
715, 4, 0.4609372019767761, 0.46453624963760376, -0.34541308879852295, 0.9992103576660156
715, 5, 0.4582424759864807, 0.46472620964050293, -0.34546852111816406, 0.9991783499717712
715, 6, 0.45554548501968384, 0.4649062156677246, -0.3454855978488922, 0.9991662502288818
715, 7, 0.4795376658439636, 0.4386388063430786, -0.3040098547935486, 0.9957256317138672
715, 8, 0.44966191053390503, 0.4493648111820221, -0.3008294403553009, 0.998958945274353
715, 9, 0.47211939096450806, 0.46648791432380676, -0.31962594389915466, 0.9973142743110657
715, 10, 0.4633323550224304, 0.46998071670532227, -0.31866544485092163, 0.9978783130645752
715, 11, 0.5034650564193726, 0.42266014218330383, -0.21533706784248352, 0.9932477474212646
715, 12, 0.4288488030433655, 0.43256932497024536, -0.22416344285011292, 0.9962360262870789
715, 13, 0.522182822227478, 0.4909946918487549, -0.1933499425649643, 0.8563225865364075
715, 14, 0.4220680594444275, 0.49978047609329224, -0.20011234283447266, 0.9202072024345398
715, 15, 0.5149025917053223, 0.5352018475532532, -0.2473222315311432, 0.9421005845069885
715, 16, 0.4368344247341156, 0.5422568321228027, -0.22426828742027283, 0.9631933569908142
715, 17, 0.5172088742256165, 0.5492638945579529, -0.27746498584747314, 0.9065638184547424
715, 18, 0.43485504388809204, 0.5584901571273804, -0.252677321434021, 0.9320175647735596
715, 19, 0.5082510113716125, 0.543453574180603, -0.2863057553768158, 0.9056154489517212
715, 20, 0.442960262298584, 0.5482745170593262, -0.26208847761154175, 0.9310206770896912
715, 21, 0.5055792331695557, 0.5377293825149536, -0.2537066638469696, 0.8668646812438965
715, 22, 0.4460139870643616, 0.5407361388206482, -0.2294803112745285, 0.9091818332672119
715, 23, 0.47518134117126465, 0.3400736153125763, 0.0012351127807050943, 0.9946256279945374
715, 24, 0.44015589356422424, 0.347269207239151, -0.001327951205894351, 0.9962071180343628
715, 25, 0.4898419976234436, 0.4451872408390045, 0.12416745722293854, 0.07442229241132736
715, 26, 0.44897833466529846, 0.46422499418258667, 0.11438508331775665, 0.09220520406961441
715, 27, 0.4873059391975403, 0.44627538323402405, 0.32998988032341003, 0.05293343961238861
715, 28, 0.4578478932380676, 0.44665178656578064, 0.32835978269577026, 0.043856941163539886
715, 29, 0.48596805334091187, 0.4388761818408966, 0.35118716955184937, 0.04177030175924301
715, 30, 0.45915985107421875, 0.4393310248851776, 0.3514249920845032, 0.027870889753103256
715, 31, 0.48875635862350464, 0.4761393964290619, 0.34872767329216003, 0.15953853726387024
715, 32, 0.4588601589202881, 0.46331003308296204, 0.3531306982040405, 0.10229369252920151
716, 0, 0.4767151474952698, 0.47976964712142944, -0.5745238661766052, 0.9997159838676453
716, 1, 0.4815898537635803, 0.4710882306098938, -0.577075719833374, 0.9998247027397156
716, 2, 0.48545461893081665, 0.46800535917282104, -0.5770544409751892, 0.9997764229774475
716, 3, 0.48866814374923706, 0.46521586179733276, -0.5771694779396057, 0.999767005443573
716, 4, 0.4711554944515228, 0.4752320945262909, -0.578341543674469, 0.9998204112052917
716, 5, 0.46684616804122925, 0.4754044711589813, -0.578372597694397, 0.9997490048408508
716, 6, 0.46247953176498413, 0.4757174551486969, -0.5783419013023376, 0.9997358918190002
716, 7, 0.4933733344078064, 0.44314929842948914, -0.49352139234542847, 0.9991350769996643
716, 8, 0.4536519944667816, 0.45943790674209595, -0.5002751350402832, 0.9995651841163635
716, 9, 0.48292261362075806, 0.47276806831359863, -0.5332738161087036, 0.9991686344146729
716, 10, 0.4699573516845703, 0.477030873298645, -0.5353325605392456, 0.9989318251609802
716, 11, 0.5175174474716187, 0.4118434190750122, -0.3467266857624054, 0.9955074787139893
716, 12, 0.4243049621582031, 0.41837841272354126, -0.360616534948349, 0.9850719571113586
716, 13, 0.5293283462524414, 0.5090149641036987, -0.3064842224121094, 0.9527000784873962
716, 14, 0.4182221293449402, 0.5106658935546875, -0.3339235186576843, 0.8689649701118469
716, 15, 0.5204744338989258, 0.6013056039810181, -0.3863183259963989, 0.9774980545043945
716, 16, 0.4402938485145569, 0.5809308290481567, -0.4168103337287903, 0.9365536570549011
716, 17, 0.5260181427001953, 0.6237162351608276, -0.43406257033348083, 0.9606746435165405
716, 18, 0.4379276633262634, 0.6008994579315186, -0.46524983644485474, 0.9123575687408447
716, 19, 0.5142154097557068, 0.6193605661392212, -0.45187243819236755, 0.9620686769485474
716, 20, 0.4466455578804016, 0.5894359946250916, -0.4762491285800934, 0.9060714840888977
716, 21, 0.5087869167327881, 0.6107969880104065, -0.39805370569229126, 0.9352591633796692
716, 22, 0.45103222131729126, 0.5821293592453003, -0.42479318380355835, 0.8722314238548279
716, 23, 0.48273831605911255, 0.32068073749542236, 0.0024188251700252295, 0.9956574440002441
716, 24, 0.43818655610084534, 0.3240715265274048, -0.0025189905427396297, 0.9963577389717102
716, 25, 0.5064196586608887, 0.43892601132392883, 0.20717361569404602, 0.14894014596939087
716, 26, 0.44883283972740173, 0.4528841972351074, 0.19572609663009644, 0.12513567507266998
716, 27, 0.49395066499710083, 0.4641079902648926, 0.5595501065254211, 0.10098223388195038
716, 28, 0.45378875732421875, 0.4662736654281616, 0.5606609582901001, 0.06250777840614319
716, 29, 0.4914185404777527, 0.45954596996307373, 0.5952110886573792, 0.05036667734384537
716, 30, 0.454353004693985, 0.46038880944252014, 0.5977210402488708, 0.041356634348630905
716, 31, 0.4960610270500183, 0.504813551902771, 0.5571246147155762, 0.1694284975528717
716, 32, 0.45297661423683167, 0.5048426985740662, 0.5627036094665527, 0.08602960407733917
717, 0, 0.47440043091773987, 0.48319828510284424, -0.5763554573059082, 0.9989468455314636
717, 1, 0.4792270064353943, 0.4736529588699341, -0.5800021290779114, 0.999244213104248
717, 2, 0.4832432270050049, 0.46867242455482483, -0.5799553394317627, 0.9990724325180054
717, 3, 0.4868834912776947, 0.4653429687023163, -0.5800269246101379, 0.9990449547767639
717, 4, 0.46719035506248474, 0.47594720125198364, -0.5824117660522461, 0.9993125200271606
717, 5, 0.4631210267543793, 0.47582685947418213, -0.5824276804924011, 0.9990050196647644
717, 6, 0.4587576985359192, 0.4757615923881531, -0.5823734998703003, 0.998914361000061
717, 7, 0.49170833826065063, 0.44048428535461426, -0.5008090734481812, 0.9948291182518005
717, 8, 0.44877737760543823, 0.45622822642326355, -0.5119175910949707, 0.9979773163795471
717, 9, 0.480656236410141, 0.4728110730648041, -0.5365384817123413, 0.9974187612533569
717, 10, 0.46659502387046814, 0.47781434655189514, -0.5398833751678467, 0.996749758720398
717, 11, 0.5198184847831726, 0.4165012240409851, -0.34110361337661743, 0.9911534190177917
717, 12, 0.41803988814353943, 0.4176390469074249, -0.3631726801395416, 0.9730283617973328
717, 13, 0.5307053923606873, 0.5124202370643616, -0.2736035883426666, 0.8205084800720215
717, 14, 0.41322651505470276, 0.5101006031036377, -0.28656360507011414, 0.8447610139846802
717, 15, 0.5230468511581421, 0.583316445350647, -0.32631808519363403, 0.9616698622703552
717, 16, 0.43484097719192505, 0.5724920034408569, -0.30646803975105286, 0.9503973126411438
717, 17, 0.5282191634178162, 0.6022061705589294, -0.3680289685726166, 0.9378570318222046
717, 18, 0.43297868967056274, 0.593022346496582, -0.34610921144485474, 0.9271982312202454
717, 19, 0.517805278301239, 0.5957470536231995, -0.3873606026172638, 0.9420480132102966
717, 20, 0.44296908378601074, 0.5805944204330444, -0.36177611351013184, 0.923125147819519
717, 21, 0.5125789046287537, 0.5882699489593506, -0.33760491013526917, 0.9144496917724609
717, 22, 0.44698935747146606, 0.5725479125976562, -0.31449946761131287, 0.9033084511756897
717, 23, 0.4867618680000305, 0.31574010848999023, 0.0064049167558550835, 0.9869547486305237
717, 24, 0.43768924474716187, 0.3223383128643036, -0.0064691766165196896, 0.987644374370575
717, 25, 0.5136222243309021, 0.45563805103302, 0.18707361817359924, 0.19823724031448364
717, 26, 0.44686412811279297, 0.47155824303627014, 0.17429493367671967, 0.1494339108467102
717, 27, 0.49903208017349243, 0.5176419615745544, 0.5198164582252502, 0.14135687053203583
717, 28, 0.45288389921188354, 0.5146957039833069, 0.5259965658187866, 0.0754704400897026
717, 29, 0.49535244703292847, 0.5190615057945251, 0.5528804063796997, 0.06696908175945282
717, 30, 0.45463767647743225, 0.5131369829177856, 0.5616493225097656, 0.039460036903619766
717, 31, 0.5019838213920593, 0.5624996423721313, 0.5048568844795227, 0.3929895758628845
717, 32, 0.4527936577796936, 0.557357668876648, 0.5177215933799744, 0.21239912509918213
718, 0, 0.4663628041744232, 0.4533555209636688, -0.31107503175735474, 0.9999827146530151
718, 1, 0.4690152704715729, 0.4457859992980957, -0.31461217999458313, 0.9999874830245972
718, 2, 0.4712972044944763, 0.4450836181640625, -0.3146348297595978, 0.9999798536300659
718, 3, 0.47356873750686646, 0.4443438649177551, -0.31470364332199097, 0.9999823570251465
718, 4, 0.4626227915287018, 0.44610053300857544, -0.31446924805641174, 0.9999910593032837
718, 5, 0.46050745248794556, 0.4457188844680786, -0.3145146369934082, 0.999985933303833
718, 6, 0.4583762586116791, 0.44532474875450134, -0.31452351808547974, 0.9999884366989136
718, 7, 0.4786604940891266, 0.43208181858062744, -0.2743782699108124, 0.999930739402771
718, 8, 0.454698383808136, 0.4336920380592346, -0.27410489320755005, 0.999987006187439
718, 9, 0.4707143306732178, 0.44899994134902954, -0.2897990047931671, 0.9999595880508423
718, 10, 0.46334463357925415, 0.44992393255233765, -0.289784699678421, 0.9999682903289795
718, 11, 0.5010760426521301, 0.425839900970459, -0.19614124298095703, 0.9991656541824341
718, 12, 0.4394683837890625, 0.4175034463405609, -0.20773616433143616, 0.999496340751648
718, 13, 0.5142435431480408, 0.48571354150772095, -0.19872909784317017, 0.9229646921157837
718, 14, 0.4221824109554291, 0.46718597412109375, -0.19845378398895264, 0.9795308113098145
718, 15, 0.5072129368782043, 0.5557098984718323, -0.2755902111530304, 0.9877213835716248
718, 16, 0.42148107290267944, 0.5247061252593994, -0.24514178931713104, 0.9906850457191467
718, 17, 0.5100191831588745, 0.5768759846687317, -0.3111286759376526, 0.9805030822753906
718, 18, 0.41711434721946716, 0.5410125851631165, -0.27888691425323486, 0.9827888607978821
718, 19, 0.501009464263916, 0.5745303630828857, -0.32228589057922363, 0.982065737247467
718, 20, 0.42361241579055786, 0.539307177066803, -0.2868655323982239, 0.9834631085395813
718, 21, 0.49844104051589966, 0.5652677416801453, -0.2842659056186676, 0.9663903117179871
718, 22, 0.4269520342350006, 0.532577395439148, -0.25124412775039673, 0.9749140739440918
718, 23, 0.47904378175735474, 0.3496420085430145, 0.004480292089283466, 0.9993859529495239
718, 24, 0.45098525285720825, 0.3513818681240082, -0.004522157367318869, 0.999591052532196
718, 25, 0.4936595559120178, 0.44052743911743164, 0.11297432333230972, 0.19216451048851013
718, 26, 0.4541183114051819, 0.46252915263175964, 0.09748463332653046, 0.2413378357887268
718, 27, 0.4877813458442688, 0.4507076144218445, 0.3110317587852478, 0.08573418855667114
718, 28, 0.4600250720977783, 0.4606463611125946, 0.3012502193450928, 0.07048586010932922
718, 29, 0.48605766892433167, 0.449015736579895, 0.3316276967525482, 0.059568893164396286
718, 30, 0.46088987588882446, 0.458565890789032, 0.3222273588180542, 0.042238473892211914
718, 31, 0.4893074929714203, 0.47370150685310364, 0.31723636388778687, 0.23386920988559723
718, 32, 0.4603042006492615, 0.4756956398487091, 0.31056278944015503, 0.16594213247299194
719, 0, 0.466688334941864, 0.4682791829109192, -0.15515820682048798, 0.9999604225158691
719, 1, 0.46861767768859863, 0.46323126554489136, -0.16420024633407593, 0.9999673366546631
719, 2, 0.47070449590682983, 0.46251800656318665, -0.1642049103975296, 0.9999622106552124
719, 3, 0.47277823090553284, 0.4617447853088379, -0.16422845423221588, 0.9999527931213379
719, 4, 0.46231332421302795, 0.46400031447410583, -0.1631491631269455, 0.9999747276306152
719, 5, 0.46011215448379517, 0.4637678265571594, -0.16318297386169434, 0.9999758005142212
719, 6, 0.4578785300254822, 0.4634946286678314, -0.16320104897022247, 0.999977707862854
719, 7, 0.47614580392837524, 0.45160973072052, -0.16394391655921936, 0.999906063079834
719, 8, 0.45363935828208923, 0.45453640818595886, -0.15937967598438263, 0.999969482421875
719, 9, 0.47059327363967896, 0.4642491936683655, -0.14973436295986176, 0.9998053908348083
719, 10, 0.4635801315307617, 0.4651690125465393, -0.148384690284729, 0.9998667240142822
719, 11, 0.49513953924179077, 0.43290823698043823, -0.12679332494735718, 0.9990323781967163
719, 12, 0.4403765797615051, 0.43626296520233154, -0.1283160001039505, 0.9996756315231323
719, 13, 0.5174893140792847, 0.45479685068130493, -0.1061602234840393, 0.9920660853385925
719, 14, 0.4239547848701477, 0.4700022339820862, -0.11463743448257446, 0.9942715167999268
719, 15, 0.5227264165878296, 0.5004960298538208, -0.11825239658355713, 0.9920984506607056
719, 16, 0.4220407009124756, 0.5224422216415405, -0.13023118674755096, 0.997223973274231
719, 17, 0.5285459160804749, 0.5120729207992554, -0.1331411749124527, 0.99043208360672
719, 18, 0.41630664467811584, 0.5370963215827942, -0.14834058284759521, 0.9937472343444824
719, 19, 0.5212879776954651, 0.5124805569648743, -0.1379881501197815, 0.9889019727706909
719, 20, 0.42237481474876404, 0.5358351469039917, -0.15095172822475433, 0.9929425716400146
719, 21, 0.5179799795150757, 0.5076693296432495, -0.12069203704595566, 0.9698516726493835
719, 22, 0.42603763937950134, 0.5305547714233398, -0.13242076337337494, 0.9883649349212646
719, 23, 0.47931280732154846, 0.37414297461509705, -0.0010366699425503612, 0.9997578263282776
719, 24, 0.45240849256515503, 0.3733055889606476, 0.0009459691355004907, 0.9997285008430481
719, 25, 0.4880991578102112, 0.41953015327453613, 0.09188138693571091, 0.16428299248218536
719, 26, 0.4468802809715271, 0.43111738562583923, 0.09045570343732834, 0.08627046644687653
719, 27, 0.4902549684047699, 0.4115096926689148, 0.22944696247577667, 0.12958011031150818
719, 28, 0.45376816391944885, 0.4312610626220703, 0.23451535403728485, 0.051363758742809296
719, 29, 0.4898267388343811, 0.4061260521411896, 0.24474605917930603, 0.1399209350347519
719, 30, 0.4540826678276062, 0.4260101318359375, 0.25036439299583435, 0.09481556713581085
719, 31, 0.49469271302223206, 0.4305392801761627, 0.25026917457580566, 0.029104402288794518
719, 32, 0.45888829231262207, 0.4531659781932831, 0.25967273116111755, 0.018620707094669342
720, 0, 0.46579504013061523, 0.45692330598831177, -0.2325057089328766, 0.999998927116394
720, 1, 0.46784430742263794, 0.44959643483161926, -0.2374032437801361, 0.9999977350234985
720, 2, 0.4694768786430359, 0.44890081882476807, -0.23743656277656555, 0.9999966621398926
720, 3, 0.47110527753829956, 0.4481225609779358, -0.23749247193336487, 0.9999961853027344
720, 4, 0.4627414643764496, 0.44992929697036743, -0.2366759479045868, 0.9999986886978149
720, 5, 0.4609554409980774, 0.44932618737220764, -0.23668107390403748, 0.9999984502792358
720, 6, 0.4591497778892517, 0.44870054721832275, -0.23664748668670654, 0.9999986886978149
720, 7, 0.47348466515541077, 0.4387493133544922, -0.22170260548591614, 0.9999885559082031
720, 8, 0.45534825325012207, 0.4397132098674774, -0.21715471148490906, 0.9999971389770508
720, 9, 0.4681999087333679, 0.454943984746933, -0.2218286544084549, 0.9999865293502808
720, 10, 0.46222400665283203, 0.45494741201400757, -0.22032320499420166, 0.9999833106994629
720, 11, 0.4868752360343933, 0.4312724769115448, -0.16548587381839752, 0.9991148114204407
720, 12, 0.44150906801223755, 0.4366907775402069, -0.17624887824058533, 0.999459445476532
720, 13, 0.5010020732879639, 0.469155490398407, -0.17029131948947906, 0.998101532459259
720, 14, 0.42393335700035095, 0.4715876579284668, -0.1753024011850357, 0.9943148493766785
720, 15, 0.5207163095474243, 0.4993739724159241, -0.18788444995880127, 0.9983744621276855
720, 16, 0.4237295985221863, 0.506077766418457, -0.19240708649158478, 0.997499406337738
720, 17, 0.5227590799331665, 0.5031638145446777, -0.20477071404457092, 0.9939035773277283
720, 18, 0.4198119640350342, 0.5219939351081848, -0.2135072648525238, 0.9911534190177917
720, 19, 0.5202390551567078, 0.5026953220367432, -0.2054869830608368, 0.9921054840087891
720, 20, 0.425348699092865, 0.5188010334968567, -0.2164115160703659, 0.9889048337936401
720, 21, 0.5168247222900391, 0.498323917388916, -0.1894661784172058, 0.9790495038032532
720, 22, 0.42746201157569885, 0.5133705139160156, -0.19505953788757324, 0.9827694892883301
720, 23, 0.4757205843925476, 0.3866560757160187, 0.00672494899481535, 0.999971866607666
720, 24, 0.45177435874938965, 0.39197438955307007, -0.006745005492120981, 0.9999488592147827
720, 25, 0.5041069984436035, 0.43600937724113464, 0.06888141483068466, 0.33333146572113037
720, 26, 0.44503337144851685, 0.4701073467731476, 0.02902696467936039, 0.9240337014198303
720, 27, 0.5054306983947754, 0.45826759934425354, 0.19443950057029724, 0.3481016457080841
720, 28, 0.42602023482322693, 0.4980926215648651, 0.15828393399715424, 0.4205760359764099
720, 29, 0.5031682848930359, 0.45919185876846313, 0.20824246108531952, 0.30492332577705383
720, 30, 0.42125406861305237, 0.4936703145503998, 0.1722942441701889, 0.3443145751953125
720, 31, 0.5122711658477783, 0.47411254048347473, 0.20332913100719452, 0.39255157113075256
720, 32, 0.4269797205924988, 0.5264865159988403, 0.16839466989040375, 0.43254098296165466
721, 0, 0.4689860939979553, 0.4638032615184784, -0.2096237689256668, 0.9999918937683105
721, 1, 0.4714837968349457, 0.45779937505722046, -0.22034800052642822, 0.9999845027923584
721, 2, 0.4736047387123108, 0.45726773142814636, -0.22039206326007843, 0.999977707862854
721, 3, 0.47570881247520447, 0.45662134885787964, -0.22046062350273132, 0.9999821186065674
721, 4, 0.46538838744163513, 0.4581845700740814, -0.21938523650169373, 0.9999898672103882
721, 5, 0.46328383684158325, 0.457825630903244, -0.21941342949867249, 0.9999885559082031
721, 6, 0.46112877130508423, 0.4574072062969208, -0.21943891048431396, 0.999993085861206
721, 7, 0.4792868494987488, 0.4482385516166687, -0.2243724763393402, 0.9999521970748901
721, 8, 0.4576672613620758, 0.4492497444152832, -0.21987643837928772, 0.9999861717224121
721, 9, 0.47235435247421265, 0.4612206220626831, -0.20550663769245148, 0.9999876022338867
721, 10, 0.4652213454246521, 0.4620634615421295, -0.20418742299079895, 0.9999860525131226
721, 11, 0.4955412745475769, 0.43552109599113464, -0.18103274703025818, 0.9997840523719788
721, 12, 0.4460484981536865, 0.4397955536842346, -0.18162116408348083, 0.9998726844787598
721, 13, 0.5127016305923462, 0.46340784430503845, -0.1674611121416092, 0.9981371164321899
721, 14, 0.4273904263973236, 0.4702253043651581, -0.18078234791755676, 0.9965787529945374
721, 15, 0.5280091762542725, 0.48412245512008667, -0.18300899863243103, 0.9958978295326233
721, 16, 0.4179198741912842, 0.5143201351165771, -0.20694398880004883, 0.9982243180274963
721, 17, 0.5358921885490417, 0.4903751313686371, -0.20356479287147522, 0.9898540377616882
721, 18, 0.4120792746543884, 0.5267428159713745, -0.2325398474931717, 0.9937053322792053
721, 19, 0.5317127108573914, 0.48975032567977905, -0.2078692466020584, 0.9877853393554688
721, 20, 0.41670387983322144, 0.5280476808547974, -0.23660436272621155, 0.9925025701522827
721, 21, 0.5271498560905457, 0.48714369535446167, -0.18618826568126678, 0.9596326947212219
721, 22, 0.4203554689884186, 0.523929238319397, -0.21085205674171448, 0.9893963932991028
721, 23, 0.47727832198143005, 0.3867958188056946, 0.0037142529617995024, 0.9999299049377441
721, 24, 0.45291295647621155, 0.39506804943084717, -0.00368127110414207, 0.9999295473098755
721, 25, 0.4942031502723694, 0.43420231342315674, 0.0951138362288475, 0.15644662082195282
721, 26, 0.44769710302352905, 0.4701530337333679, 0.08803974092006683, 0.3973638415336609
721, 27, 0.49294406175613403, 0.4474639594554901, 0.25765225291252136, 0.2543340027332306
721, 28, 0.4404977858066559, 0.4864923655986786, 0.23050172626972198, 0.31540024280548096
721, 29, 0.4907751977443695, 0.4473649859428406, 0.2746375799179077, 0.22686591744422913
721, 30, 0.4377129077911377, 0.4851136803627014, 0.24484319984912872, 0.3388083875179291
721, 31, 0.5011414885520935, 0.463891863822937, 0.25923964381217957, 0.09643690288066864
721, 32, 0.444728285074234, 0.5078059434890747, 0.22722463309764862, 0.1888982057571411
722, 0, 0.46890848875045776, 0.47484299540519714, -0.2931351661682129, 0.9998973608016968
722, 1, 0.47054094076156616, 0.46807751059532166, -0.3040723502635956, 0.9998689889907837
722, 2, 0.4728732109069824, 0.4670618176460266, -0.30410659313201904, 0.999825656414032
722, 3, 0.4752008318901062, 0.4659685492515564, -0.3041708469390869, 0.9998505115509033
722, 4, 0.4637393057346344, 0.4693782925605774, -0.30324146151542664, 0.9998888969421387
722, 5, 0.4612988531589508, 0.4693102240562439, -0.3032865524291992, 0.9998561143875122
722, 6, 0.4588177800178528, 0.4692292809486389, -0.3033081889152527, 0.9998936653137207
722, 7, 0.4783920645713806, 0.4542873799800873, -0.2920534312725067, 0.9994091987609863
722, 8, 0.4537307322025299, 0.4593994915485382, -0.2878113389015198, 0.99980229139328
722, 9, 0.4729840159416199, 0.46977055072784424, -0.2812005579471588, 0.9998433589935303
722, 10, 0.46492481231689453, 0.47222641110420227, -0.2799675762653351, 0.9998132586479187
722, 11, 0.5012476444244385, 0.437627911567688, -0.22383561730384827, 0.9992362260818481
722, 12, 0.43874406814575195, 0.4442287087440491, -0.23030462861061096, 0.9994038343429565
722, 13, 0.5230981707572937, 0.46958884596824646, -0.2186095416545868, 0.976574182510376
722, 14, 0.42306727170944214, 0.48655468225479126, -0.22514574229717255, 0.9959419369697571
722, 15, 0.5288679003715515, 0.5028602480888367, -0.2809794247150421, 0.9832488298416138
722, 16, 0.4304279386997223, 0.5338712334632874, -0.2673597037792206, 0.9964518547058105
722, 17, 0.5350795388221741, 0.5111125707626343, -0.31371381878852844, 0.9760596752166748
722, 18, 0.42796072363853455, 0.5488630533218384, -0.30052533745765686, 0.9909799695014954
722, 19, 0.5284312963485718, 0.5105360746383667, -0.32377496361732483, 0.9745951890945435
722, 20, 0.43529772758483887, 0.5455873608589172, -0.3116404116153717, 0.9902591705322266
722, 21, 0.5243929028511047, 0.5069191455841064, -0.2880352735519409, 0.9398559331893921
722, 22, 0.4381229281425476, 0.5395997762680054, -0.2744719684123993, 0.9868273735046387
722, 23, 0.47535353899002075, 0.37819167971611023, 0.004779614973813295, 0.9994369149208069
722, 24, 0.4465821385383606, 0.3879637122154236, -0.004734938498586416, 0.9993813037872314
722, 25, 0.4892835021018982, 0.4516710638999939, 0.10973777621984482, 0.08237025141716003
722, 26, 0.45459088683128357, 0.4795544147491455, 0.10999758541584015, 0.14810876548290253
722, 27, 0.4818853735923767, 0.4860899746417999, 0.31282827258110046, 0.12427246570587158
722, 28, 0.45770519971847534, 0.5064740180969238, 0.3011792302131653, 0.11506757140159607
722, 29, 0.47977644205093384, 0.4870348572731018, 0.3329208791255951, 0.11290420591831207
722, 30, 0.4560430645942688, 0.5060256123542786, 0.31990697979927063, 0.10429603606462479
722, 31, 0.4870508313179016, 0.5165776014328003, 0.3081739842891693, 0.10631300508975983
722, 32, 0.46551504731178284, 0.5363665223121643, 0.29369333386421204, 0.12489024549722672
723, 0, 0.47280511260032654, 0.4646238088607788, -0.3046276569366455, 0.9999421834945679
723, 1, 0.4740782678127289, 0.45404261350631714, -0.30931249260902405, 0.9999514818191528
723, 2, 0.4763244092464447, 0.45193618535995483, -0.30932095646858215, 0.9999370574951172
723, 3, 0.4785533547401428, 0.4497985541820526, -0.3093991279602051, 0.9999468326568604
723, 4, 0.46726852655410767, 0.45775189995765686, -0.30909693241119385, 0.9999529123306274
723, 5, 0.46484890580177307, 0.4582158029079437, -0.30914270877838135, 0.9999358654022217
723, 6, 0.4624137282371521, 0.4587037265300751, -0.3091534972190857, 0.9999532699584961
723, 7, 0.481301873922348, 0.43221691250801086, -0.27787166833877563, 0.9997714161872864
723, 8, 0.4540240168571472, 0.4534820020198822, -0.2771690785884857, 0.9999138116836548
723, 9, 0.47657936811447144, 0.4576071500778198, -0.2871324419975281, 0.9998495578765869
723, 10, 0.4690483510494232, 0.4621390998363495, -0.28689002990722656, 0.9998428821563721
723, 11, 0.5029045939445496, 0.4091247022151947, -0.20566824078559875, 0.9984641075134277
723, 12, 0.4373883306980133, 0.4367613196372986, -0.21759502589702606, 0.9986636638641357
723, 13, 0.5272403955459595, 0.443967342376709, -0.19381247460842133, 0.9464452266693115
723, 14, 0.43066468834877014, 0.4996422529220581, -0.21657660603523254, 0.9930766820907593
723, 15, 0.5295520424842834, 0.5034048557281494, -0.24910178780555725, 0.9836773872375488
723, 16, 0.4414668083190918, 0.5675790309906006, -0.2611151337623596, 0.9945084452629089
723, 17, 0.5368586778640747, 0.5154989957809448, -0.27703970670700073, 0.9753374457359314
723, 18, 0.43872374296188354, 0.5906988978385925, -0.2938790023326874, 0.9882513880729675
723, 19, 0.5276426672935486, 0.5190226435661316, -0.28818660974502563, 0.975248396396637
723, 20, 0.4468494951725006, 0.583078145980835, -0.2984500229358673, 0.987733006477356
723, 21, 0.5229129791259766, 0.5140299797058105, -0.25609177350997925, 0.9503481388092041
723, 22, 0.4494762420654297, 0.5733852982521057, -0.2659026086330414, 0.9797220230102539
723, 23, 0.4766659140586853, 0.36314651370048523, 0.006156747229397297, 0.9986183643341064
723, 24, 0.4443713128566742, 0.37878307700157166, -0.0061465841718018055, 0.9990430474281311
723, 25, 0.4928258955478668, 0.4318814277648926, 0.11010072380304337, 0.0809708759188652
723, 26, 0.45405182242393494, 0.460281103849411, 0.09945791214704514, 0.20093822479248047
723, 27, 0.48128485679626465, 0.4597291648387909, 0.3036952018737793, 0.049816980957984924
723, 28, 0.4572610855102539, 0.4748622179031372, 0.2890365421772003, 0.08418875187635422
723, 29, 0.4773945212364197, 0.45979738235473633, 0.3237382471561432, 0.042062245309352875
723, 30, 0.45618361234664917, 0.4746590852737427, 0.3082837760448456, 0.05601244419813156
723, 31, 0.48577791452407837, 0.4890687167644501, 0.3084314465522766, 0.10158369690179825
723, 32, 0.4629707932472229, 0.498661071062088, 0.2914843261241913, 0.1206158995628357
724, 0, 0.4706192910671234, 0.4639504849910736, -0.1525372713804245, 0.9993047714233398
724, 1, 0.4732709527015686, 0.45636188983917236, -0.16039720177650452, 0.9993613362312317
724, 2, 0.47526249289512634, 0.45511507987976074, -0.16041116416454315, 0.999251663684845
724, 3, 0.4772403836250305, 0.45382627844810486, -0.1604589968919754, 0.9994552731513977
724, 4, 0.46677154302597046, 0.45799699425697327, -0.1606139987707138, 0.9993672966957092
724, 5, 0.4646419882774353, 0.4576677978038788, -0.16062915325164795, 0.9992631077766418
724, 6, 0.46248897910118103, 0.4573197364807129, -0.16063567996025085, 0.9994408488273621
724, 7, 0.4803479313850403, 0.4404580295085907, -0.16146282851696014, 0.9988805651664734
724, 8, 0.4573884904384613, 0.4460104703903198, -0.16259855031967163, 0.9990002512931824
724, 9, 0.47354164719581604, 0.4593588411808014, -0.14870303869247437, 0.999292254447937
724, 10, 0.4665900766849518, 0.46126464009284973, -0.1492026150226593, 0.9992315769195557
724, 11, 0.4934612214565277, 0.4280572533607483, -0.12208650261163712, 0.9928240776062012
724, 12, 0.44612032175064087, 0.4316757321357727, -0.12893500924110413, 0.9956436157226562
724, 13, 0.509242832660675, 0.4526449739933014, -0.08331015706062317, 0.9030801653862
724, 14, 0.43278536200523376, 0.4733242988586426, -0.10852348804473877, 0.9511090517044067
724, 15, 0.5175184607505798, 0.4889519512653351, -0.06295249611139297, 0.8422556519508362
724, 16, 0.43399152159690857, 0.5356820821762085, -0.10625828802585602, 0.9637622833251953
724, 17, 0.5247519016265869, 0.49379900097846985, -0.07210532575845718, 0.7431929707527161
724, 18, 0.4304654002189636, 0.5516672134399414, -0.12279732525348663, 0.9251563549041748
724, 19, 0.518664538860321, 0.49554574489593506, -0.07830692827701569, 0.7266674637794495
724, 20, 0.4373706877231598, 0.5502304434776306, -0.12597259879112244, 0.921046793460846
724, 21, 0.5148150324821472, 0.49335357546806335, -0.0651041567325592, 0.596931517124176
724, 22, 0.43952497839927673, 0.5452956557273865, -0.10879771411418915, 0.9031239151954651
724, 23, 0.47741737961769104, 0.3878612518310547, 0.007069781422615051, 0.9989547729492188
724, 24, 0.45432448387145996, 0.390091210603714, -0.007025814615190029, 0.9991840720176697
724, 25, 0.477541983127594, 0.467073917388916, 0.05764568969607353, 0.1277359426021576
724, 26, 0.4522644877433777, 0.48763975501060486, 0.05362023040652275, 0.16600529849529266
724, 27, 0.4730624556541443, 0.5043611526489258, 0.17418484389781952, 0.06516262888908386
724, 28, 0.46147435903549194, 0.5067296028137207, 0.17594335973262787, 0.07644075155258179
724, 29, 0.4714454114437103, 0.5078458786010742, 0.18714071810245514, 0.06133488193154335
724, 30, 0.462714284658432, 0.5056019425392151, 0.1887723058462143, 0.055904023349285126
724, 31, 0.4731709063053131, 0.5234895944595337, 0.17590399086475372, 0.13910120725631714
724, 32, 0.4661562442779541, 0.5261374115943909, 0.17964565753936768, 0.17905397713184357
725, 0, 0.46826162934303284, 0.4605177044868469, -0.24497243762016296, 0.9999483823776245
725, 1, 0.4699777662754059, 0.4524531364440918, -0.2537706792354584, 0.9999465942382812
725, 2, 0.4722394049167633, 0.4507300555706024, -0.25377410650253296, 0.9999372959136963
725, 3, 0.47448500990867615, 0.448972225189209, -0.25383898615837097, 0.9999483823776245
725, 4, 0.4632599949836731, 0.45510971546173096, -0.25360822677612305, 0.9999426603317261
725, 5, 0.4610000550746918, 0.4551500678062439, -0.253630131483078, 0.9999310970306396
725, 6, 0.4587287902832031, 0.45521828532218933, -0.25361940264701843, 0.9999431371688843
725, 7, 0.4781431555747986, 0.43319079279899597, -0.2492523491382599, 0.9998249411582947
725, 8, 0.4535679221153259, 0.44295087456703186, -0.24863357841968536, 0.9999078512191772
725, 9, 0.47253018617630005, 0.45390674471855164, -0.23788325488567352, 0.9999135732650757
725, 10, 0.4649086892604828, 0.45701199769973755, -0.23771028220653534, 0.9998846054077148
725, 11, 0.4966285824775696, 0.4129635989665985, -0.200111985206604, 0.997432291507721
725, 12, 0.4412077069282532, 0.43531039357185364, -0.20747700333595276, 0.998012900352478
725, 13, 0.5232015252113342, 0.44949913024902344, -0.18755029141902924, 0.9938656687736511
725, 14, 0.43025627732276917, 0.5055822134017944, -0.20691552758216858, 0.991992712020874
725, 15, 0.540910005569458, 0.5050832033157349, -0.21250255405902863, 0.9951093792915344
725, 16, 0.4297488331794739, 0.5822237133979797, -0.23051635921001434, 0.9954919815063477
725, 17, 0.5509844422340393, 0.5146095752716064, -0.23612287640571594, 0.9891910552978516
725, 18, 0.4248141646385193, 0.603208065032959, -0.2593907415866852, 0.9915307760238647
725, 19, 0.5440880060195923, 0.5203747749328613, -0.24426837265491486, 0.9878908395767212
725, 20, 0.43174368143081665, 0.6006459593772888, -0.26213669776916504, 0.9914243221282959
725, 21, 0.5384301543235779, 0.5166929960250854, -0.21747156977653503, 0.9708837866783142
725, 22, 0.434803307056427, 0.5931180715560913, -0.23420770466327667, 0.9868237972259521
725, 23, 0.4780292510986328, 0.37886130809783936, 0.006326977163553238, 0.9986237287521362
725, 24, 0.4497537612915039, 0.392056941986084, -0.0063356370665133, 0.9985671043395996
725, 25, 0.4984535276889801, 0.45679983496665955, 0.07360602170228958, 0.10542033612728119
725, 26, 0.45033517479896545, 0.5006569623947144, 0.06448160111904144, 0.2593196630477905
725, 27, 0.49209505319595337, 0.494234174489975, 0.2302403748035431, 0.07181107997894287
725, 28, 0.45577722787857056, 0.5226191282272339, 0.22274065017700195, 0.06619824469089508
725, 29, 0.48938482999801636, 0.4959236681461334, 0.2465076446533203, 0.04527141898870468
725, 30, 0.4554995894432068, 0.5207433700561523, 0.2385418862104416, 0.0416218601167202
725, 31, 0.4990829527378082, 0.5239111185073853, 0.22824661433696747, 0.16950133442878723
725, 32, 0.46265801787376404, 0.553250789642334, 0.22354881465435028, 0.12182186543941498
726, 0, 0.4687501788139343, 0.4625359773635864, -0.17124448716640472, 0.9993075132369995
726, 1, 0.46985307335853577, 0.4528069496154785, -0.17607223987579346, 0.9993730187416077
726, 2, 0.47150880098342896, 0.45096877217292786, -0.17608410120010376, 0.9990693926811218
726, 3, 0.4731435775756836, 0.44911989569664, -0.17615383863449097, 0.9994138479232788
726, 4, 0.46468430757522583, 0.4559144377708435, -0.178102046251297, 0.9995410442352295
726, 5, 0.46296197175979614, 0.45606523752212524, -0.17811629176139832, 0.9993360638618469
726, 6, 0.4612310528755188, 0.4562150835990906, -0.17813031375408173, 0.9996138215065002
726, 7, 0.47606173157691956, 0.4369390308856964, -0.1626674383878708, 0.9989386200904846
726, 8, 0.4574960768222809, 0.44770169258117676, -0.1723271757364273, 0.9994083642959595
726, 9, 0.4719814658164978, 0.45859941840171814, -0.16207969188690186, 0.9993343949317932
726, 10, 0.466095507144928, 0.4624021649360657, -0.1649858057498932, 0.9991915822029114
726, 11, 0.4901222288608551, 0.4345720410346985, -0.12399101257324219, 0.9974932670593262
726, 12, 0.4520248472690582, 0.4436885714530945, -0.13958260416984558, 0.9987356066703796
726, 13, 0.5031625032424927, 0.47919273376464844, -0.11281619220972061, 0.95993971824646
726, 14, 0.4371168613433838, 0.500688910484314, -0.13630662858486176, 0.9625253677368164
726, 15, 0.5220193862915039, 0.5156491994857788, -0.13014891743659973, 0.8888744711875916
726, 16, 0.4307123124599457, 0.5678290128707886, -0.14566516876220703, 0.9591752290725708
726, 17, 0.5314919948577881, 0.5211226940155029, -0.14482328295707703, 0.7921743392944336
726, 18, 0.4259541928768158, 0.5867180824279785, -0.16588200628757477, 0.9085209965705872
726, 19, 0.5262547135353088, 0.5231382250785828, -0.1475028246641159, 0.7859090566635132
726, 20, 0.43125367164611816, 0.5850011110305786, -0.1647839993238449, 0.9061635732650757
726, 21, 0.5211367011070251, 0.5206824541091919, -0.1320524662733078, 0.6230705380439758
726, 22, 0.43356576561927795, 0.5790244340896606, -0.14708544313907623, 0.8547631502151489
726, 23, 0.4739305377006531, 0.40451693534851074, 0.010556098073720932, 0.9993513226509094
726, 24, 0.45680132508277893, 0.40774524211883545, -0.010589692741632462, 0.9995777010917664
726, 25, 0.47939902544021606, 0.4845188856124878, 0.0705757886171341, 0.15503479540348053
726, 26, 0.4673118591308594, 0.490251362323761, 0.050221092998981476, 0.27718713879585266
726, 27, 0.46973365545272827, 0.4977608621120453, 0.18761233985424042, 0.09002050757408142
726, 28, 0.4715253412723541, 0.4907832145690918, 0.1725444793701172, 0.12801247835159302
726, 29, 0.46784982085227966, 0.4972880780696869, 0.2008858174085617, 0.09438956528902054
726, 30, 0.47248920798301697, 0.4876270592212677, 0.1857881247997284, 0.06263609230518341
726, 31, 0.46902790665626526, 0.5112223625183105, 0.19480359554290771, 0.2124059945344925
726, 32, 0.47503820061683655, 0.5043445825576782, 0.17959322035312653, 0.23266085982322693
727, 0, 0.4695494771003723, 0.45032790303230286, -0.29172396659851074, 0.999983549118042
727, 1, 0.47049570083618164, 0.4403012692928314, -0.29702702164649963, 0.9999876022338867
727, 2, 0.47262707352638245, 0.4388065040111542, -0.2970242500305176, 0.9999819993972778
727, 3, 0.4747367799282074, 0.437283992767334, -0.2970815896987915, 0.9999850988388062
727, 4, 0.46415671706199646, 0.4429701566696167, -0.2965557277202606, 0.9999872446060181
727, 5, 0.4619864523410797, 0.44338396191596985, -0.296586275100708, 0.9999797344207764
727, 6, 0.4598108232021332, 0.4438053071498871, -0.29658377170562744, 0.9999845027923584
727, 7, 0.47857362031936646, 0.4259224832057953, -0.2678171396255493, 0.9999492168426514
727, 8, 0.4555841088294983, 0.4360711872577667, -0.26632803678512573, 0.9999769926071167
727, 9, 0.4744287431240082, 0.44716134667396545, -0.2749304175376892, 0.9999687671661377
727, 10, 0.4670465588569641, 0.4509177803993225, -0.2745669484138489, 0.999963641166687
727, 11, 0.5002196431159973, 0.42026084661483765, -0.19854836165905, 0.9990346431732178
727, 12, 0.44482359290122986, 0.4372674822807312, -0.20254424214363098, 0.9988381266593933
727, 13, 0.5213711857795715, 0.46906474232673645, -0.18213717639446259, 0.9743640422821045
727, 14, 0.4401739239692688, 0.5056911706924438, -0.19869855046272278, 0.9949612617492676
727, 15, 0.5303881764411926, 0.5303767919540405, -0.22287078201770782, 0.9907972812652588
727, 16, 0.441436231136322, 0.5807616114616394, -0.23249641060829163, 0.9953085780143738
727, 17, 0.5377052426338196, 0.5433213114738464, -0.2504807710647583, 0.9807795882225037
727, 18, 0.4365830421447754, 0.6025646924972534, -0.26202890276908875, 0.9887998104095459
727, 19, 0.5300267934799194, 0.5452471375465393, -0.2592110335826874, 0.9803164601325989
727, 20, 0.44246482849121094, 0.597852349281311, -0.26739683747291565, 0.9881712198257446
727, 21, 0.5256696343421936, 0.5406193733215332, -0.22878170013427734, 0.9594914317131042
727, 22, 0.445789098739624, 0.5900834798812866, -0.2372300922870636, 0.9808775186538696
727, 23, 0.4778304994106293, 0.3731987774372101, 0.004379859194159508, 0.9992214441299438
727, 24, 0.450816810131073, 0.38332173228263855, -0.004353517200797796, 0.9993792772293091
727, 25, 0.49446144700050354, 0.4469226896762848, 0.0978456512093544, 0.13765093684196472
727, 26, 0.45883145928382874, 0.4735669791698456, 0.08856327831745148, 0.24186110496520996
727, 27, 0.48496970534324646, 0.4595249593257904, 0.2816286087036133, 0.05329587683081627
727, 28, 0.46249550580978394, 0.4738175570964813, 0.27373501658439636, 0.05002433434128761
727, 29, 0.4824598431587219, 0.4574347138404846, 0.30034518241882324, 0.03375422954559326
727, 30, 0.4628225266933441, 0.47006699442863464, 0.2923629581928253, 0.025080202147364616
727, 31, 0.4890000820159912, 0.48318740725517273, 0.284074991941452, 0.17107923328876495
727, 32, 0.4648761749267578, 0.4963305592536926, 0.27806785702705383, 0.12711182236671448
728, 0, 0.4703851640224457, 0.47316643595695496, -0.4652177691459656, 0.9998431205749512
728, 1, 0.47844260931015015, 0.45364171266555786, -0.464499294757843, 0.999908447265625
728, 2, 0.4815029203891754, 0.4465349316596985, -0.464526891708374, 0.9999139308929443
728, 3, 0.48099470138549805, 0.45169857144355774, -0.4646581709384918, 0.9998674392700195
728, 4, 0.46419984102249146, 0.4603922963142395, -0.4642629027366638, 0.9998773336410522
728, 5, 0.46457934379577637, 0.4568350613117218, -0.46430426836013794, 0.9998756647109985
728, 6, 0.4621970057487488, 0.45832666754722595, -0.46427640318870544, 0.9998241066932678
728, 7, 0.4868415892124176, 0.42625656723976135, -0.3956776559352875, 0.999718964099884
728, 8, 0.45055657625198364, 0.4382209777832031, -0.394314169883728, 0.9998199343681335
728, 9, 0.47582411766052246, 0.46329736709594727, -0.43220120668411255, 0.9993646740913391
728, 10, 0.4651572108268738, 0.4667883515357971, -0.4317769408226013, 0.9990814924240112
728, 11, 0.5087398290634155, 0.3994351625442505, -0.27497488260269165, 0.9967039227485657
728, 12, 0.42254534363746643, 0.4198637306690216, -0.2909896969795227, 0.9880388379096985
728, 13, 0.5263498425483704, 0.4928286373615265, -0.26305893063545227, 0.9820219278335571
728, 14, 0.40657901763916016, 0.5186845064163208, -0.2903363108634949, 0.962139904499054
728, 15, 0.495272159576416, 0.578808605670929, -0.33894082903862, 0.9952257871627808
728, 16, 0.4306907653808594, 0.5962810516357422, -0.36668825149536133, 0.9832602143287659
728, 17, 0.4933541417121887, 0.6036656498908997, -0.37370699644088745, 0.9842919111251831
728, 18, 0.43206682801246643, 0.6191525459289551, -0.406513512134552, 0.9561756253242493
728, 19, 0.48159751296043396, 0.5985243916511536, -0.38780415058135986, 0.9812538027763367
728, 20, 0.4397943615913391, 0.6071251034736633, -0.4105707108974457, 0.9456937313079834
728, 21, 0.47986990213394165, 0.5903363823890686, -0.34749263525009155, 0.9649412631988525
728, 22, 0.441692590713501, 0.5997768044471741, -0.37087929248809814, 0.9218453168869019
728, 23, 0.47697409987449646, 0.32352033257484436, 0.0030470634810626507, 0.9979308843612671
728, 24, 0.4366076588630676, 0.3376557528972626, -0.002999380463734269, 0.9979715943336487
728, 25, 0.49910831451416016, 0.41826602816581726, 0.15113508701324463, 0.04795454442501068
728, 26, 0.4461280405521393, 0.45635542273521423, 0.1530519276857376, 0.06396891921758652
728, 27, 0.48177188634872437, 0.4223984181880951, 0.42628589272499084, 0.023221522569656372
728, 28, 0.45072370767593384, 0.4403221607208252, 0.4342454969882965, 0.020931748673319817
728, 29, 0.47637900710105896, 0.414811909198761, 0.45422643423080444, 0.027000296860933304
728, 30, 0.4496983587741852, 0.42757648229599, 0.4628145694732666, 0.03169403597712517
728, 31, 0.4836863875389099, 0.45480218529701233, 0.4547552466392517, 0.07729446142911911
728, 32, 0.4584501385688782, 0.4666075110435486, 0.4693630337715149, 0.05342264100909233
729, 0, 0.471607506275177, 0.47631463408470154, -0.4818691611289978, 0.9999366998672485
729, 1, 0.4781065881252289, 0.4619050621986389, -0.4836656451225281, 0.999956488609314
729, 2, 0.48168879747390747, 0.4584183692932129, -0.48367589712142944, 0.9999470710754395
729, 3, 0.48520326614379883, 0.4551340639591217, -0.4838002324104309, 0.9999406337738037
729, 4, 0.46838802099227905, 0.46724778413772583, -0.48351460695266724, 0.9999456405639648
729, 5, 0.46395188570022583, 0.4678418040275574, -0.48355016112327576, 0.9999245405197144
729, 6, 0.46061110496520996, 0.4680193066596985, -0.483523428440094, 0.9999196529388428
729, 7, 0.48839491605758667, 0.4316064715385437, -0.417530357837677, 0.9997982382774353
729, 8, 0.4506433606147766, 0.4557989239692688, -0.41656917333602905, 0.9998693466186523
729, 9, 0.4764288067817688, 0.4659487009048462, -0.44919437170028687, 0.9997888207435608
729, 10, 0.46560296416282654, 0.4696688652038574, -0.4489683508872986, 0.9996999502182007
729, 11, 0.5115243792533875, 0.39908772706985474, -0.29738903045654297, 0.9976590871810913
729, 12, 0.42069047689437866, 0.42269423604011536, -0.31027233600616455, 0.9951916933059692
729, 13, 0.530170202255249, 0.4730629026889801, -0.2876296043395996, 0.9583781361579895
729, 14, 0.41180819272994995, 0.5147985219955444, -0.3144930303096771, 0.9679999351501465
729, 15, 0.5106711387634277, 0.5806053876876831, -0.3810333013534546, 0.9905154705047607
729, 16, 0.4283307194709778, 0.6126976609230042, -0.4057370722293854, 0.9918330907821655
729, 17, 0.5129382610321045, 0.6059219837188721, -0.42480984330177307, 0.9845181107521057
729, 18, 0.42837637662887573, 0.6474820375442505, -0.4541918635368347, 0.9839897155761719
729, 19, 0.5003659725189209, 0.6048809289932251, -0.44349393248558044, 0.9839105606079102
729, 20, 0.4340525269508362, 0.6291079521179199, -0.46139708161354065, 0.9812996983528137
729, 21, 0.49681299924850464, 0.5949245095252991, -0.3929060995578766, 0.9710435271263123
729, 22, 0.43740934133529663, 0.6183967590332031, -0.41279658675193787, 0.9726889729499817
729, 23, 0.47474607825279236, 0.31930550932884216, 0.0018207437824457884, 0.996297299861908
729, 24, 0.4371653199195862, 0.32968050241470337, -0.001774028642103076, 0.9967790246009827
729, 25, 0.4943438470363617, 0.4301174283027649, 0.14859183132648468, 0.12302063405513763
729, 26, 0.4498676359653473, 0.45491108298301697, 0.15338128805160522, 0.14453992247581482
729, 27, 0.4824003577232361, 0.4546506106853485, 0.4305270314216614, 0.09601115435361862
729, 28, 0.45207709074020386, 0.4637058973312378, 0.43938612937927246, 0.05547378957271576
729, 29, 0.47807544469833374, 0.4504818916320801, 0.4588163495063782, 0.07137209922075272
729, 30, 0.4506046772003174, 0.4582943320274353, 0.4680871367454529, 0.049917642027139664
729, 31, 0.48497986793518066, 0.494608998298645, 0.4339485764503479, 0.16886931657791138
729, 32, 0.4577133059501648, 0.4925253093242645, 0.44743114709854126, 0.08785318583250046
730, 0, 0.4677078127861023, 0.49295780062675476, -0.38069531321525574, 0.9999910593032837
730, 1, 0.46867862343788147, 0.47665679454803467, -0.3857767581939697, 0.9999885559082031
730, 2, 0.472118616104126, 0.4741383492946625, -0.38580000400543213, 0.9999901056289673
730, 3, 0.47893524169921875, 0.4687972068786621, -0.3858577609062195, 0.9999839067459106
730, 4, 0.4584020972251892, 0.47947609424591064, -0.38658320903778076, 0.9999891519546509
730, 5, 0.4551793932914734, 0.47879618406295776, -0.38661327958106995, 0.9999909400939941
730, 6, 0.4519185423851013, 0.4780915677547455, -0.3865942656993866, 0.9999864101409912
730, 7, 0.4823703169822693, 0.44526970386505127, -0.34493619203567505, 0.9999498128890991
730, 8, 0.44364064931869507, 0.46448755264282227, -0.34750017523765564, 0.9999861717224121
730, 9, 0.47035616636276245, 0.48065295815467834, -0.3578203618526459, 0.9999834299087524
730, 10, 0.45910292863845825, 0.4839094877243042, -0.35844188928604126, 0.9999761581420898
730, 11, 0.5085229873657227, 0.41319844126701355, -0.25326409935951233, 0.9993597865104675
730, 12, 0.42199835181236267, 0.43367257714271545, -0.27794477343559265, 0.9994865655899048
730, 13, 0.5416654348373413, 0.4890715181827545, -0.281818151473999, 0.9929372668266296
730, 14, 0.4025534987449646, 0.5336237549781799, -0.3003300428390503, 0.9991105198860168
730, 15, 0.5215217471122742, 0.558778703212738, -0.3884539306163788, 0.9950071573257446
730, 16, 0.4267573952674866, 0.6058164238929749, -0.36951056122779846, 0.9991441965103149
730, 17, 0.5204952359199524, 0.5789700746536255, -0.4248468279838562, 0.9881728291511536
730, 18, 0.428645521402359, 0.6357864737510681, -0.4086576998233795, 0.9967334270477295
730, 19, 0.5107661485671997, 0.5744420886039734, -0.4339303970336914, 0.9842409491539001
730, 20, 0.4358258843421936, 0.6210914850234985, -0.4130963385105133, 0.995418906211853
730, 21, 0.5094003081321716, 0.5676745176315308, -0.39567333459854126, 0.9735478162765503
730, 22, 0.4372676908969879, 0.6121200323104858, -0.373780757188797, 0.9938125610351562
730, 23, 0.4826901853084564, 0.3316357731819153, 0.006738456431776285, 0.9979785084724426
730, 24, 0.43992915749549866, 0.3487866520881653, -0.0066888099536299706, 0.9977548718452454
730, 25, 0.5083740949630737, 0.4482865333557129, 0.09276369214057922, 0.14029774069786072
730, 26, 0.4598085880279541, 0.496966689825058, 0.07180992513895035, 0.14015215635299683
730, 27, 0.5043789148330688, 0.49807411432266235, 0.28477200865745544, 0.13672474026679993
730, 28, 0.47680729627609253, 0.5113542079925537, 0.28603827953338623, 0.03929923102259636
730, 29, 0.5019246935844421, 0.49444517493247986, 0.30491793155670166, 0.16099822521209717
730, 30, 0.4784319996833801, 0.5048720836639404, 0.30809566378593445, 0.06350165605545044
730, 31, 0.5059723258018494, 0.5452499985694885, 0.30429503321647644, 0.3707980811595917
730, 32, 0.4863355755805969, 0.5401365756988525, 0.3148137331008911, 0.15962520241737366
731, 0, 0.47029417753219604, 0.4746105670928955, -0.3720836639404297, 0.9999817609786987
731, 1, 0.4784572720527649, 0.45988333225250244, -0.3758006691932678, 0.999987006187439
731, 2, 0.48109978437423706, 0.45612287521362305, -0.37580808997154236, 0.9999847412109375
731, 3, 0.48444074392318726, 0.4522399604320526, -0.37589213252067566, 0.9999833106994629
731, 4, 0.4642408788204193, 0.4654598534107208, -0.3754560351371765, 0.9999858140945435
731, 5, 0.46137386560440063, 0.4657793641090393, -0.3755117952823639, 0.9999827146530151
731, 6, 0.4584875702857971, 0.4660922884941101, -0.3755122423171997, 0.9999839067459106
731, 7, 0.48250263929367065, 0.43203866481781006, -0.3315108120441437, 0.9999525547027588
731, 8, 0.45099371671676636, 0.44838035106658936, -0.33065229654312134, 0.9999803304672241
731, 9, 0.47479715943336487, 0.4649260640144348, -0.3488316833972931, 0.9999520778656006
731, 10, 0.4656502604484558, 0.4697985053062439, -0.3485323190689087, 0.9999452829360962
731, 11, 0.5073677897453308, 0.40065139532089233, -0.2459581345319748, 0.9986396431922913
731, 12, 0.4276081919670105, 0.4338958263397217, -0.2594906985759735, 0.9993089437484741
731, 13, 0.5384215116500854, 0.45117688179016113, -0.2539730370044708, 0.9664140343666077
731, 14, 0.4217391014099121, 0.5262446403503418, -0.27938035130500793, 0.9948409199714661
731, 15, 0.5360866785049438, 0.5470331907272339, -0.3398928642272949, 0.9881798028945923
731, 16, 0.4357658326625824, 0.6163011789321899, -0.3518132269382477, 0.9966152310371399
731, 17, 0.5415688753128052, 0.5671631097793579, -0.3753816783428192, 0.9810957312583923
731, 18, 0.43116068840026855, 0.6515829563140869, -0.3922557234764099, 0.9922905564308167
731, 19, 0.5292691588401794, 0.5700079202651978, -0.3868916630744934, 0.9805818200111389
731, 20, 0.44085249304771423, 0.6363922357559204, -0.39450788497924805, 0.9912875294685364
731, 21, 0.5250521898269653, 0.5618215799331665, -0.3481084704399109, 0.9620376825332642
731, 22, 0.44411763548851013, 0.6248339414596558, -0.35640332102775574, 0.9851745963096619
731, 23, 0.4728972315788269, 0.3331238627433777, 0.00782819651067257, 0.9983859062194824
731, 24, 0.43600112199783325, 0.34879517555236816, -0.007851582951843739, 0.9991967082023621
731, 25, 0.4949214458465576, 0.4337816834449768, 0.13159674406051636, 0.10367289930582047
731, 26, 0.4513587951660156, 0.4637061357498169, 0.10110817104578018, 0.29067492485046387
731, 27, 0.4853583872318268, 0.4394502341747284, 0.3537512421607971, 0.044014204293489456
731, 28, 0.45626673102378845, 0.4516078233718872, 0.33432599902153015, 0.07121458649635315
731, 29, 0.48262709379196167, 0.4334947466850281, 0.3772159516811371, 0.045486073940992355
731, 30, 0.456881046295166, 0.44488558173179626, 0.3589897155761719, 0.05739691108465195
731, 31, 0.4868454039096832, 0.4683783948421478, 0.37489381432533264, 0.09202823787927628
731, 32, 0.45775485038757324, 0.4720824360847473, 0.36206871271133423, 0.10736335068941116
732, 0, 0.4741365313529968, 0.47674742341041565, -0.35234081745147705, 0.9999918937683105
732, 1, 0.47605568170547485, 0.4627235531806946, -0.35702407360076904, 0.9999948740005493
732, 2, 0.47878703474998474, 0.45975983142852783, -0.35703498125076294, 0.9999929666519165
732, 3, 0.4814792275428772, 0.4567606747150421, -0.3571161925792694, 0.9999926090240479
732, 4, 0.46750298142433167, 0.4682713449001312, -0.3564618229866028, 0.9999948740005493
732, 5, 0.4645838141441345, 0.4690828025341034, -0.35651108622550964, 0.999993085861206
732, 6, 0.46165165305137634, 0.46990466117858887, -0.3565199375152588, 0.9999940395355225
732, 7, 0.48448461294174194, 0.4340178072452545, -0.31398579478263855, 0.9999744892120361
732, 8, 0.45300740003585815, 0.4550437033176422, -0.31189146637916565, 0.9999933242797852
732, 9, 0.47816142439842224, 0.46739447116851807, -0.32918205857276917, 0.9999861717224121
732, 10, 0.4688846468925476, 0.47363483905792236, -0.32850900292396545, 0.9999867677688599
732, 11, 0.5090745091438293, 0.40341877937316895, -0.22771091759204865, 0.9994571805000305
732, 12, 0.42750054597854614, 0.4519003927707672, -0.24624362587928772, 0.9997805953025818
732, 13, 0.5395174026489258, 0.44587865471839905, -0.23705360293388367, 0.9856509566307068
732, 14, 0.4196460247039795, 0.5553174614906311, -0.2544964849948883, 0.9970546960830688
732, 15, 0.541513204574585, 0.550225019454956, -0.3248164653778076, 0.9920849204063416
732, 16, 0.4356153607368469, 0.6327850818634033, -0.3179095387458801, 0.9975293278694153
732, 17, 0.5433292388916016, 0.5650493502616882, -0.36003100872039795, 0.984428882598877
732, 18, 0.4342939257621765, 0.6568930745124817, -0.3571072518825531, 0.9937732815742493
732, 19, 0.5340179800987244, 0.5758290886878967, -0.37210404872894287, 0.9842498302459717
732, 20, 0.4419470727443695, 0.6483491659164429, -0.36055490374565125, 0.993448793888092
732, 21, 0.5300871133804321, 0.5679665803909302, -0.33331722021102905, 0.972626268863678
732, 22, 0.4473195970058441, 0.651115894317627, -0.3225279748439789, 0.9890645742416382
732, 23, 0.47300785779953003, 0.3440852165222168, 0.009254389442503452, 0.9990788698196411
732, 24, 0.4366091191768646, 0.36662575602531433, -0.009292582981288433, 0.9995748400688171
732, 25, 0.5012782216072083, 0.4468896985054016, 0.12345008552074432, 0.11478541046380997
732, 26, 0.4559023380279541, 0.4869833290576935, 0.07596701383590698, 0.353020578622818
732, 27, 0.48942261934280396, 0.4530356824398041, 0.32405510544776917, 0.05201132223010063
732, 28, 0.45981723070144653, 0.465223491191864, 0.2869861423969269, 0.08137394487857819
732, 29, 0.48499006032943726, 0.4472496509552002, 0.3459804356098175, 0.0555339939892292
732, 30, 0.4600561559200287, 0.45690181851387024, 0.3098134398460388, 0.05702831596136093
732, 31, 0.49390435218811035, 0.48145782947540283, 0.3536916971206665, 0.17447246611118317
732, 32, 0.46376198530197144, 0.4832075238227844, 0.3196106553077698, 0.18008826673030853
733, 0, 0.4789029061794281, 0.46418288350105286, -0.30643340945243835, 0.9998617172241211
733, 1, 0.4816916584968567, 0.4550451636314392, -0.3151930868625641, 0.9999074935913086
733, 2, 0.48452305793762207, 0.4529989957809448, -0.31519782543182373, 0.9998737573623657
733, 3, 0.48732489347457886, 0.45091018080711365, -0.31526902318000793, 0.9998905658721924
733, 4, 0.47336816787719727, 0.4590805172920227, -0.31525927782058716, 0.999882698059082
733, 5, 0.4704403281211853, 0.45987433195114136, -0.3152754008769989, 0.9998249411582947
733, 6, 0.46749740839004517, 0.4607020616531372, -0.31526413559913635, 0.9998575448989868
733, 7, 0.49054354429244995, 0.43386608362197876, -0.2931286692619324, 0.9995855689048767
733, 8, 0.45955967903137207, 0.4503920376300812, -0.2932857573032379, 0.9997822642326355
733, 9, 0.4828244149684906, 0.4570251405239105, -0.29074883460998535, 0.9998210072517395
733, 10, 0.4729916453361511, 0.46205002069473267, -0.2906802296638489, 0.999735414981842
733, 11, 0.5130006074905396, 0.41112667322158813, -0.2071717232465744, 0.9990881681442261
733, 12, 0.43545764684677124, 0.4515109658241272, -0.23081442713737488, 0.9987815022468567
733, 13, 0.5394055843353271, 0.4485801160335541, -0.19311335682868958, 0.7776053547859192
733, 14, 0.4301031231880188, 0.5410767197608948, -0.22463259100914001, 0.9872401356697083
733, 15, 0.5442958474159241, 0.5323541760444641, -0.25986021757125854, 0.946251630783081
733, 16, 0.4375682473182678, 0.6292088031768799, -0.2721511721611023, 0.9965180158615112
733, 17, 0.551623523235321, 0.5494099855422974, -0.2927781343460083, 0.9282699823379517
733, 18, 0.4341086447238922, 0.6571977138519287, -0.31110697984695435, 0.9934006929397583
733, 19, 0.540940523147583, 0.5561394095420837, -0.30764514207839966, 0.9298819303512573
733, 20, 0.44326677918434143, 0.6512450575828552, -0.31654053926467896, 0.9934054613113403
733, 21, 0.5356645584106445, 0.5498412251472473, -0.26922374963760376, 0.88319331407547
733, 22, 0.4464053511619568, 0.6392862796783447, -0.2778024673461914, 0.9894717335700989
733, 23, 0.4785902500152588, 0.35840287804603577, 0.01270777452737093, 0.9990843534469604
733, 24, 0.4396601617336273, 0.37931615114212036, -0.012770285829901695, 0.9993183612823486
733, 25, 0.5209629535675049, 0.43869081139564514, 0.1102537289261818, 0.07560713589191437
733, 26, 0.45614203810691833, 0.522487998008728, 0.06479141116142273, 0.2842934727668762
733, 27, 0.5090993642807007, 0.5018373131752014, 0.31201067566871643, 0.055738091468811035
733, 28, 0.4636065363883972, 0.5524813532829285, 0.2753645181655884, 0.09166324138641357
733, 29, 0.5034867525100708, 0.5072935819625854, 0.3331979811191559, 0.03952037915587425
733, 30, 0.46340489387512207, 0.5501130223274231, 0.29657691717147827, 0.06786555796861649
733, 31, 0.5187709927558899, 0.5376073122024536, 0.313327431678772, 0.19036327302455902
733, 32, 0.47330909967422485, 0.5886770486831665, 0.28212770819664, 0.2238864004611969
734, 0, 0.46420249342918396, 0.476992666721344, -0.4326753616333008, 0.9999926090240479
734, 1, 0.46815961599349976, 0.4598909616470337, -0.4330330789089203, 0.9999927282333374
734, 2, 0.4716298580169678, 0.4571969211101532, -0.43304014205932617, 0.9999915361404419
734, 3, 0.48044005036354065, 0.4563229978084564, -0.43311649560928345, 0.9999871253967285
734, 4, 0.459822416305542, 0.4701634645462036, -0.43181124329566956, 0.9999938011169434
734, 5, 0.4554218351840973, 0.4702575206756592, -0.4318618178367615, 0.9999938011169434
734, 6, 0.451185941696167, 0.4701661467552185, -0.4318343698978424, 0.999992847442627
734, 7, 0.48277291655540466, 0.4283806383609772, -0.3699851930141449, 0.9999629259109497
734, 8, 0.44409245252609253, 0.4537722170352936, -0.36472588777542114, 0.9999922513961792
734, 9, 0.4711872935295105, 0.4675385057926178, -0.4021384119987488, 0.9999686479568481
734, 10, 0.45997318625450134, 0.4716532826423645, -0.4005771577358246, 0.9999735355377197
734, 11, 0.5143560767173767, 0.40510040521621704, -0.26845309138298035, 0.9974243640899658
734, 12, 0.4190141558647156, 0.4251185655593872, -0.2751791477203369, 0.9991745352745056
734, 13, 0.5476124286651611, 0.4969346225261688, -0.26789382100105286, 0.9944167137145996
734, 14, 0.40145283937454224, 0.5399767160415649, -0.2881067991256714, 0.9981353282928467
734, 15, 0.5374927520751953, 0.5783531665802002, -0.35051286220550537, 0.9949086308479309
734, 16, 0.42376676201820374, 0.6400119066238403, -0.36216291785240173, 0.9978700876235962
734, 17, 0.540704607963562, 0.5997731685638428, -0.38630950450897217, 0.9847267866134644
734, 18, 0.4245572090148926, 0.6554144620895386, -0.4006538987159729, 0.9935147762298584
734, 19, 0.5288508534431458, 0.5957522392272949, -0.39312610030174255, 0.9810501933097839
734, 20, 0.4372093677520752, 0.6443783044815063, -0.4072090685367584, 0.9915828108787537
734, 21, 0.5256746411323547, 0.5883439779281616, -0.3561384677886963, 0.9678090810775757
734, 22, 0.4396851062774658, 0.6345890164375305, -0.36733654141426086, 0.987015962600708
734, 23, 0.48494601249694824, 0.3304508924484253, 0.004752282984554768, 0.996048629283905
734, 24, 0.4420424997806549, 0.33794066309928894, -0.004706056788563728, 0.9981386661529541
734, 25, 0.49555930495262146, 0.45012304186820984, 0.1323166936635971, 0.0971713587641716
734, 26, 0.44450122117996216, 0.4688456356525421, 0.100605808198452, 0.25975310802459717
734, 27, 0.4865249991416931, 0.4575624167919159, 0.36222216486930847, 0.036269526928663254
734, 28, 0.45529359579086304, 0.45350372791290283, 0.3481680750846863, 0.03897923231124878
734, 29, 0.48362213373184204, 0.44808095693588257, 0.38655152916908264, 0.049535710364580154
734, 30, 0.4571709632873535, 0.4420866370201111, 0.37480947375297546, 0.04441441223025322
734, 31, 0.48528558015823364, 0.495481014251709, 0.3974526524543762, 0.15609578788280487
734, 32, 0.45832395553588867, 0.47962814569473267, 0.39190882444381714, 0.10636896640062332
735, 0, 0.46402305364608765, 0.4777337908744812, -0.3472997546195984, 0.9999454021453857
735, 1, 0.46732816100120544, 0.46532493829727173, -0.35665056109428406, 0.999932050704956
735, 2, 0.4706297814846039, 0.46283116936683655, -0.3566877245903015, 0.9999326467514038
735, 3, 0.47390055656433105, 0.460220068693161, -0.35677099227905273, 0.9999171495437622
735, 4, 0.457277774810791, 0.468628466129303, -0.35539501905441284, 0.9999312162399292
735, 5, 0.4539264738559723, 0.4682883024215698, -0.3554356098175049, 0.9999358654022217
735, 6, 0.45055046677589417, 0.4679051637649536, -0.3554471433162689, 0.9999357461929321
735, 7, 0.47947701811790466, 0.4355972409248352, -0.33502063155174255, 0.9997686743736267
735, 8, 0.4436274468898773, 0.4472872316837311, -0.32960787415504456, 0.9999136924743652
735, 9, 0.47307029366493225, 0.4695751667022705, -0.3314230442047119, 0.9998642206192017
735, 10, 0.45915526151657104, 0.47076886892318726, -0.329712837934494, 0.9998350143432617
735, 11, 0.5066623687744141, 0.40205132961273193, -0.2616250216960907, 0.9979694485664368
735, 12, 0.42437130212783813, 0.42111629247665405, -0.27335023880004883, 0.9988837838172913
735, 13, 0.5411577224731445, 0.46781229972839355, -0.27569228410720825, 0.9982821941375732
735, 14, 0.4058562219142914, 0.5154295563697815, -0.2967187762260437, 0.9988590478897095
735, 15, 0.5449005961418152, 0.5378000736236572, -0.3534000515937805, 0.9967232346534729
735, 16, 0.42643681168556213, 0.5869194269180298, -0.36494290828704834, 0.9975753426551819
735, 17, 0.5497469902038574, 0.5555762648582458, -0.390028715133667, 0.9901725053787231
735, 18, 0.4253465533256531, 0.6105629801750183, -0.40533581376075745, 0.9919524788856506
735, 19, 0.5397354364395142, 0.5529502034187317, -0.39572688937187195, 0.987312376499176
735, 20, 0.433490127325058, 0.6016097068786621, -0.4107015132904053, 0.9900220036506653
735, 21, 0.5363364219665527, 0.5459467768669128, -0.3589841425418854, 0.97186678647995
735, 22, 0.4363380968570709, 0.5932140946388245, -0.3702956438064575, 0.985031247138977
735, 23, 0.4793941378593445, 0.332234650850296, 0.007883064448833466, 0.998792290687561
735, 24, 0.44143790006637573, 0.3426190912723541, -0.00786426942795515, 0.9985877275466919
735, 25, 0.48884135484695435, 0.4256138801574707, 0.15180706977844238, 0.03888896852731705
735, 26, 0.44871169328689575, 0.45444992184638977, 0.1347411423921585, 0.08621049672365189
735, 27, 0.48035186529159546, 0.44921907782554626, 0.39704495668411255, 0.02455074153840542
735, 28, 0.4500791132450104, 0.46674054861068726, 0.3876672387123108, 0.020425109192728996
735, 29, 0.4784505367279053, 0.44540268182754517, 0.42335230112075806, 0.04146324098110199
735, 30, 0.4488298296928406, 0.4621904194355011, 0.4141649305820465, 0.03648395836353302
735, 31, 0.48076051473617554, 0.4820356070995331, 0.42244210839271545, 0.05325872078537941
735, 32, 0.45277708768844604, 0.49483853578567505, 0.41568952798843384, 0.03827671334147453
736, 0, 0.46683186292648315, 0.44932687282562256, -0.21877732872962952, 0.999835729598999
736, 1, 0.4682992994785309, 0.4408184587955475, -0.22822776436805725, 0.9998633861541748
736, 2, 0.4706282615661621, 0.4398997724056244, -0.22823254764080048, 0.999834418296814
736, 3, 0.4729289412498474, 0.43891194462776184, -0.2282867729663849, 0.9998416900634766
736, 4, 0.4611872732639313, 0.441896915435791, -0.2269851267337799, 0.9999186992645264
736, 5, 0.45864343643188477, 0.4417404532432556, -0.22702841460704803, 0.9999029636383057
736, 6, 0.4560728967189789, 0.44154036045074463, -0.22707422077655792, 0.9999212026596069
736, 7, 0.4765376150608063, 0.42824190855026245, -0.21997317671775818, 0.9995819926261902
736, 8, 0.4508906304836273, 0.43218132853507996, -0.2149476706981659, 0.9998674392700195
736, 9, 0.4710444509983063, 0.4459041655063629, -0.2096048891544342, 0.9994365572929382
736, 10, 0.4631274342536926, 0.44791585206985474, -0.2082425057888031, 0.9995390176773071
736, 11, 0.4993731379508972, 0.41779839992523193, -0.17316195368766785, 0.9947750568389893
736, 12, 0.43688860535621643, 0.42148301005363464, -0.17180800437927246, 0.9970642924308777
736, 13, 0.5265043377876282, 0.45439860224723816, -0.1541290134191513, 0.9961275458335876
736, 14, 0.41474294662475586, 0.46184301376342773, -0.160674050450325, 0.9924653768539429
736, 15, 0.5389853119850159, 0.5127135515213013, -0.16938664019107819, 0.995399534702301
736, 16, 0.4033280313014984, 0.5253482460975647, -0.18169672787189484, 0.9910193085670471
736, 17, 0.5429257154464722, 0.5199658870697021, -0.1856304556131363, 0.992709755897522
736, 18, 0.3963785767555237, 0.5407212972640991, -0.20268671214580536, 0.9796636700630188
736, 19, 0.539614200592041, 0.5221645832061768, -0.18940165638923645, 0.9920192360877991
736, 20, 0.40232619643211365, 0.5397660732269287, -0.20227551460266113, 0.9779859781265259
736, 21, 0.534335732460022, 0.5167403221130371, -0.17107707262039185, 0.9745818376541138
736, 22, 0.4067870080471039, 0.5344182252883911, -0.18302848935127258, 0.9662213325500488
736, 23, 0.47591596841812134, 0.36771339178085327, 0.0012416323879733682, 0.9971901774406433
736, 24, 0.44741153717041016, 0.37148311734199524, -0.0013727769255638123, 0.9972121119499207
736, 25, 0.482694536447525, 0.42244309186935425, 0.1069372147321701, 0.16327354311943054
736, 26, 0.4542054533958435, 0.43375539779663086, 0.10716048628091812, 0.13306476175785065
736, 27, 0.47715193033218384, 0.4197499454021454, 0.26302602887153625, 0.15994256734848022
736, 28, 0.4544805884361267, 0.4307312071323395, 0.2574074864387512, 0.06986282020807266
736, 29, 0.4751003682613373, 0.4141382873058319, 0.28042420744895935, 0.15855272114276886
736, 30, 0.45341211557388306, 0.4275508522987366, 0.27380290627479553, 0.06552712619304657
736, 31, 0.48137587308883667, 0.44450128078460693, 0.28134793043136597, 0.03982297331094742
736, 32, 0.4576122760772705, 0.45013973116874695, 0.2741181552410126, 0.021619660779833794
737, 0, 0.47510331869125366, 0.44353869557380676, -0.23364701867103577, 0.9999830722808838
737, 1, 0.47744637727737427, 0.43982648849487305, -0.24246177077293396, 0.9999827146530151
737, 2, 0.47912129759788513, 0.4389939308166504, -0.24246954917907715, 0.9999780654907227
737, 3, 0.48079657554626465, 0.4381125271320343, -0.24253001809120178, 0.9999841451644897
737, 4, 0.4723082184791565, 0.44090038537979126, -0.2414049655199051, 0.9999871253967285
737, 5, 0.4703816771507263, 0.44080662727355957, -0.24141283333301544, 0.9999810457229614
737, 6, 0.4684235155582428, 0.44073617458343506, -0.2414185106754303, 0.9999845027923584
737, 7, 0.4816845953464508, 0.4285084307193756, -0.23372511565685272, 0.999934196472168
737, 8, 0.4628225266933441, 0.43303096294403076, -0.22886638343334198, 0.9999597072601318
737, 9, 0.47620782256126404, 0.439321905374527, -0.22435012459754944, 0.9999639987945557
737, 10, 0.4701668620109558, 0.44084107875823975, -0.2229239046573639, 0.9999433755874634
737, 11, 0.4940609931945801, 0.4112071990966797, -0.17932459712028503, 0.9996318817138672
737, 12, 0.4420807957649231, 0.42490988969802856, -0.17950686812400818, 0.9995484948158264
737, 13, 0.5145052671432495, 0.44371989369392395, -0.16719084978103638, 0.9953415393829346
737, 14, 0.4246625006198883, 0.46733376383781433, -0.1701681911945343, 0.9964589476585388
737, 15, 0.5275522470474243, 0.49134165048599243, -0.19376349449157715, 0.9934247732162476
737, 16, 0.4220535159111023, 0.5112087726593018, -0.20379121601581573, 0.9921499490737915
737, 17, 0.5359258651733398, 0.50136399269104, -0.21680665016174316, 0.9872912764549255
737, 18, 0.4147431254386902, 0.5298281311988831, -0.23026981949806213, 0.9814929366111755
737, 19, 0.5295578837394714, 0.5040029287338257, -0.22384533286094666, 0.9860057830810547
737, 20, 0.42039307951927185, 0.5272262096405029, -0.23470225930213928, 0.979718804359436
737, 21, 0.5248181819915771, 0.5005927085876465, -0.19825968146324158, 0.9639611840248108
737, 22, 0.4239576458930969, 0.5218545794487, -0.20770330727100372, 0.966941237449646
737, 23, 0.4733647406101227, 0.37206968665122986, 0.002395314397290349, 0.9998416900634766
737, 24, 0.44961419701576233, 0.3830236792564392, -0.0024473087396472692, 0.9996507167816162
737, 25, 0.48991304636001587, 0.42394810914993286, 0.08233622461557388, 0.1279018074274063
737, 26, 0.45411843061447144, 0.45459941029548645, 0.0921865701675415, 0.1404706835746765
737, 27, 0.48325127363204956, 0.45192480087280273, 0.23961476981639862, 0.2154211401939392
737, 28, 0.4554421305656433, 0.4778617322444916, 0.2464776337146759, 0.11298738420009613
737, 29, 0.4807388186454773, 0.4535508155822754, 0.2559705376625061, 0.15517044067382812
737, 30, 0.4539315104484558, 0.47831466794013977, 0.2617405951023102, 0.09892483800649643
737, 31, 0.49061083793640137, 0.4753201901912689, 0.2380005419254303, 0.22520336508750916
737, 32, 0.46168023347854614, 0.5017080307006836, 0.24353566765785217, 0.11892559379339218
738, 0, 0.4649601876735687, 0.45363670587539673, -0.18534225225448608, 0.9987689852714539
738, 1, 0.4680098593235016, 0.44868531823158264, -0.19517986476421356, 0.9989435076713562
738, 2, 0.47044533491134644, 0.44805237650871277, -0.19521258771419525, 0.999007523059845
738, 3, 0.4728488326072693, 0.44730567932128906, -0.19526879489421844, 0.9987874627113342
738, 4, 0.4607493281364441, 0.44845935702323914, -0.19420887529850006, 0.9993394017219543
738, 5, 0.4583572745323181, 0.44758135080337524, -0.19425904750823975, 0.9994115829467773
738, 6, 0.45592179894447327, 0.44661885499954224, -0.19429664313793182, 0.9994514584541321
738, 7, 0.47799673676490784, 0.43371203541755676, -0.19399875402450562, 0.9976580142974854
738, 8, 0.4516999125480652, 0.4319538176059723, -0.18932713568210602, 0.9989627599716187
738, 9, 0.4692176878452301, 0.4473097622394562, -0.17944563925266266, 0.9964123368263245
738, 10, 0.46148690581321716, 0.4472466707229614, -0.1782069206237793, 0.9969576597213745
738, 11, 0.4992806017398834, 0.4064409136772156, -0.154644176363945, 0.9780383110046387
738, 12, 0.43783384561538696, 0.4045216739177704, -0.1521855741739273, 0.9868940114974976
738, 13, 0.5340999364852905, 0.44209733605384827, -0.1326974332332611, 0.9978035092353821
738, 14, 0.4120725989341736, 0.4357846677303314, -0.13669748604297638, 0.9854215383529663
738, 15, 0.5393293499946594, 0.4928551912307739, -0.1418856382369995, 0.9980438947677612
738, 16, 0.4011537432670593, 0.4995270073413849, -0.15819525718688965, 0.9945694804191589
738, 17, 0.5479605197906494, 0.5068861246109009, -0.15867218375205994, 0.9970343112945557
738, 18, 0.3935091495513916, 0.5108487606048584, -0.18105939030647278, 0.9892042279243469
738, 19, 0.5414141416549683, 0.5065749883651733, -0.16343998908996582, 0.9966603517532349
738, 20, 0.39958277344703674, 0.5116414427757263, -0.18186217546463013, 0.9876658916473389
738, 21, 0.5364829301834106, 0.49990400671958923, -0.14419332146644592, 0.9874826669692993
738, 22, 0.4039466381072998, 0.5064747929573059, -0.16016952693462372, 0.981083333492279
738, 23, 0.4800003170967102, 0.34494465589523315, -0.0013660256518051028, 0.9951011538505554
738, 24, 0.4531586170196533, 0.34659770131111145, 0.0012937294086441398, 0.992374837398529
738, 25, 0.48631376028060913, 0.4073830544948578, 0.09490006417036057, 0.21648642420768738
738, 26, 0.4631185531616211, 0.41808372735977173, 0.101224884390831, 0.19515706598758698
738, 27, 0.4932088851928711, 0.40549811720848083, 0.24263450503349304, 0.3161125183105469
738, 28, 0.4686850607395172, 0.4179235100746155, 0.2426803559064865, 0.12455997616052628
738, 29, 0.4934987425804138, 0.40016114711761475, 0.2590533494949341, 0.31899502873420715
738, 30, 0.4677833616733551, 0.4140481650829315, 0.2581341862678528, 0.16190680861473083
738, 31, 0.4987003803253174, 0.42774584889411926, 0.2522307336330414, 0.043951649218797684
738, 32, 0.473158597946167, 0.4345639944076538, 0.2538020610809326, 0.02795610949397087
739, 0, 0.45703762769699097, 0.4474062919616699, -0.24054045975208282, 0.9997915625572205
739, 1, 0.4594964385032654, 0.4401476979255676, -0.24845437705516815, 0.9997619986534119
739, 2, 0.4619270861148834, 0.43943914771080017, -0.24849574267864227, 0.9997658133506775
739, 3, 0.46433305740356445, 0.4386179745197296, -0.24856248497962952, 0.9997445940971375
739, 4, 0.45248356461524963, 0.43989601731300354, -0.24824360013008118, 0.9998207688331604
739, 5, 0.4502825140953064, 0.439003586769104, -0.24829988181591034, 0.9998366832733154
739, 6, 0.4480420649051666, 0.4380534291267395, -0.24833187460899353, 0.9998602867126465
739, 7, 0.4708102345466614, 0.42502444982528687, -0.23706646263599396, 0.9991257786750793
739, 8, 0.44561442732810974, 0.4233688712120056, -0.2360098659992218, 0.9997245669364929
739, 9, 0.46291083097457886, 0.44279563426971436, -0.23057527840137482, 0.9990736246109009
739, 10, 0.45540469884872437, 0.4427563548088074, -0.2303142249584198, 0.999031662940979
739, 11, 0.4977172315120697, 0.40477433800697327, -0.19167174398899078, 0.9886599779129028
739, 12, 0.43550997972488403, 0.40364810824394226, -0.19341591000556946, 0.9890204071998596
739, 13, 0.5251984000205994, 0.4505068063735962, -0.19258908927440643, 0.9986342787742615
739, 14, 0.4099927842617035, 0.4445097744464874, -0.19612383842468262, 0.9858459830284119
739, 15, 0.5407315492630005, 0.5047884583473206, -0.23173287510871887, 0.999249279499054
739, 16, 0.4061005711555481, 0.5093235373497009, -0.2264939546585083, 0.9939987659454346
739, 17, 0.5484400391578674, 0.5213143825531006, -0.2575664818286896, 0.9984543323516846
739, 18, 0.3991026282310486, 0.5290985107421875, -0.2548533082008362, 0.9888412356376648
739, 19, 0.5416465997695923, 0.5212395787239075, -0.26161330938339233, 0.9982182383537292
739, 20, 0.40621504187583923, 0.5256715416908264, -0.2581884562969208, 0.9870462417602539
739, 21, 0.5375231504440308, 0.5135947465896606, -0.23575632274150848, 0.9935439825057983
739, 22, 0.4105404019355774, 0.5187697410583496, -0.23037183284759521, 0.9791657328605652
739, 23, 0.48308223485946655, 0.3415655195713043, -0.003567927749827504, 0.9973695278167725
739, 24, 0.4560093283653259, 0.3435325622558594, 0.0034755622036755085, 0.9946833252906799
739, 25, 0.4865493178367615, 0.4111502468585968, 0.09759116172790527, 0.1328410506248474
739, 26, 0.45808500051498413, 0.42008793354034424, 0.10654713958501816, 0.14815227687358856
739, 27, 0.4924810528755188, 0.40489277243614197, 0.27091172337532043, 0.1480858027935028
739, 28, 0.4640905261039734, 0.4126489758491516, 0.2723550796508789, 0.06538795679807663
739, 29, 0.4927443861961365, 0.3969843089580536, 0.2895280122756958, 0.17161497473716736
739, 30, 0.4637196660041809, 0.4077819287776947, 0.29026803374290466, 0.09255170077085495
739, 31, 0.49778786301612854, 0.4310012757778168, 0.28338876366615295, 0.04927368834614754
739, 32, 0.4666813910007477, 0.42667362093925476, 0.2860596477985382, 0.037023309618234634
740, 0, 0.4597061574459076, 0.44401952624320984, -0.2558359205722809, 0.9998800754547119
740, 1, 0.46142154932022095, 0.43425512313842773, -0.2585809826850891, 0.9998615980148315
740, 2, 0.4637611508369446, 0.432709664106369, -0.2586047053337097, 0.9998303651809692
740, 3, 0.4660572111606598, 0.4310886263847351, -0.2586683928966522, 0.9998099207878113
740, 4, 0.45469340682029724, 0.4365605115890503, -0.2595146894454956, 0.9999092817306519
740, 5, 0.45257458090782166, 0.43666478991508484, -0.25955724716186523, 0.9999072551727295
740, 6, 0.4504314363002777, 0.43672701716423035, -0.25957342982292175, 0.9999243021011353
740, 7, 0.4724038243293762, 0.41701385378837585, -0.22957125306129456, 0.9993632435798645
740, 8, 0.4477737545967102, 0.4245697557926178, -0.23353490233421326, 0.9998742341995239
740, 9, 0.46580392122268677, 0.4392164945602417, -0.24030299484729767, 0.999363124370575
740, 10, 0.4584645628929138, 0.4421561658382416, -0.24146659672260284, 0.9995156526565552
740, 11, 0.4993153512477875, 0.40070050954818726, -0.17359226942062378, 0.9909282326698303
740, 12, 0.43720823526382446, 0.41610538959503174, -0.18162064254283905, 0.9934326410293579
740, 13, 0.5251157283782959, 0.4412260353565216, -0.17110244929790497, 0.9878734946250916
740, 14, 0.4188275933265686, 0.4674331545829773, -0.1834891438484192, 0.9764605164527893
740, 15, 0.5365294218063354, 0.4925777316093445, -0.21344134211540222, 0.9959480166435242
740, 16, 0.41886258125305176, 0.5261577367782593, -0.2086489498615265, 0.9934256076812744
740, 17, 0.5443297028541565, 0.5064098834991455, -0.2379874885082245, 0.9923608899116516
740, 18, 0.41304197907447815, 0.5464168787002563, -0.23421156406402588, 0.988186240196228
740, 19, 0.537097156047821, 0.507418692111969, -0.2423383742570877, 0.9917818307876587
740, 20, 0.4203506410121918, 0.5403924584388733, -0.2375500649213791, 0.9867954254150391
740, 21, 0.5324352383613586, 0.5010089874267578, -0.2177291214466095, 0.9771836996078491
740, 22, 0.42422837018966675, 0.53197181224823, -0.21205970644950867, 0.9782562255859375
740, 23, 0.482024610042572, 0.3461683690547943, -0.003299339907243848, 0.9973160624504089
740, 24, 0.4528089165687561, 0.35599830746650696, 0.003218474332243204, 0.9959458708763123
740, 25, 0.4939207434654236, 0.41884931921958923, 0.07828153669834137, 0.25613734126091003
740, 26, 0.4585181772708893, 0.4425802528858185, 0.08485963195562363, 0.15646591782569885
740, 27, 0.5014423131942749, 0.41361182928085327, 0.23149016499519348, 0.22881031036376953
740, 28, 0.4693935811519623, 0.42597195506095886, 0.2324783056974411, 0.07324132323265076
740, 29, 0.5010461807250977, 0.40687668323516846, 0.24792735278606415, 0.18723522126674652
740, 30, 0.46984952688217163, 0.4185878038406372, 0.24832279980182648, 0.06676388531923294
740, 31, 0.5082013607025146, 0.4384801983833313, 0.24242565035820007, 0.16530144214630127
740, 32, 0.47492820024490356, 0.44142624735832214, 0.2441677302122116, 0.0787934958934784
741, 0, 0.46470946073532104, 0.4383283257484436, -0.22913646697998047, 0.999788224697113
741, 1, 0.46665921807289124, 0.4290812313556671, -0.2361866533756256, 0.9997790455818176
741, 2, 0.4690675735473633, 0.42832592129707336, -0.23620669543743134, 0.9997355341911316
741, 3, 0.47144317626953125, 0.4274864196777344, -0.23625406622886658, 0.9996991157531738
741, 4, 0.4595668315887451, 0.42981648445129395, -0.2357739955186844, 0.9998551607131958
741, 5, 0.4571532607078552, 0.4296107292175293, -0.23582518100738525, 0.9998414516448975
741, 6, 0.4547103941440582, 0.4293519854545593, -0.23587016761302948, 0.9998667240142822
741, 7, 0.4763682782649994, 0.41750577092170715, -0.21932294964790344, 0.9992183446884155
741, 8, 0.45080095529556274, 0.4199092388153076, -0.21779246628284454, 0.9997770190238953
741, 9, 0.46970289945602417, 0.4360864460468292, -0.21717619895935059, 0.9991233944892883
741, 10, 0.46185779571533203, 0.43758103251457214, -0.2168700248003006, 0.999291181564331
741, 11, 0.5001327991485596, 0.4095058739185333, -0.16687388718128204, 0.9931871891021729
741, 12, 0.4380093514919281, 0.4114390015602112, -0.16909801959991455, 0.9952587485313416
741, 13, 0.5335938930511475, 0.4400888979434967, -0.15033920109272003, 0.9911993145942688
741, 14, 0.4170561730861664, 0.45284876227378845, -0.16159746050834656, 0.9792594909667969
741, 15, 0.5406742691993713, 0.49648788571357727, -0.17745670676231384, 0.9960821270942688
741, 16, 0.4131312966346741, 0.511276364326477, -0.1855163872241974, 0.9905030727386475
741, 17, 0.5494929552078247, 0.5095094442367554, -0.1973962038755417, 0.9942275285720825
741, 18, 0.407278835773468, 0.5275733470916748, -0.2083815336227417, 0.9824686050415039
741, 19, 0.542490541934967, 0.5077469348907471, -0.20112434029579163, 0.993916928768158
741, 20, 0.41384515166282654, 0.5245105624198914, -0.21039530634880066, 0.9807376265525818
741, 21, 0.5373860597610474, 0.5024300813674927, -0.1800505667924881, 0.9798215627670288
741, 22, 0.41767507791519165, 0.5188918709754944, -0.18812020123004913, 0.9696904420852661
741, 23, 0.47863373160362244, 0.35693904757499695, 0.001073070801794529, 0.9981104135513306
741, 24, 0.4513069987297058, 0.35917264223098755, -0.001195657649077475, 0.9976054430007935
741, 25, 0.48241275548934937, 0.41515639424324036, 0.10543830692768097, 0.11902303248643875
741, 26, 0.45510825514793396, 0.4236396253108978, 0.10773909091949463, 0.11276904493570328
741, 27, 0.48189491033554077, 0.40731188654899597, 0.26745957136154175, 0.12879416346549988
741, 28, 0.4565511643886566, 0.4165911078453064, 0.2622641921043396, 0.06938637048006058
741, 29, 0.4811111390590668, 0.4019303619861603, 0.28535425662994385, 0.14088670909404755
741, 30, 0.4561537802219391, 0.41287505626678467, 0.27937257289886475, 0.06968124210834503
741, 31, 0.48495060205459595, 0.42745348811149597, 0.2857864499092102, 0.03155730664730072
741, 32, 0.4586448073387146, 0.43094485998153687, 0.2798130214214325, 0.023212898522615433
742, 0, 0.46637529134750366, 0.4483906328678131, -0.18325857818126678, 0.9996097683906555
742, 1, 0.46906670928001404, 0.4420308470726013, -0.1894630491733551, 0.999643087387085
742, 2, 0.4712861478328705, 0.44123661518096924, -0.18947651982307434, 0.9996404647827148
742, 3, 0.4734848141670227, 0.44037535786628723, -0.18951523303985596, 0.9994792342185974
742, 4, 0.4624551236629486, 0.442728728055954, -0.1900406777858734, 0.9997567534446716
742, 5, 0.4602788984775543, 0.4424704313278198, -0.1900804042816162, 0.9997723698616028
742, 6, 0.45806995034217834, 0.4421601891517639, -0.19010666012763977, 0.9997684359550476
742, 7, 0.47817763686180115, 0.42929184436798096, -0.17417824268341064, 0.9985300302505493
742, 8, 0.4540044367313385, 0.4312842786312103, -0.1765851229429245, 0.9996188879013062
742, 9, 0.4703451991081238, 0.4441013038158417, -0.17234480381011963, 0.9982280135154724
742, 10, 0.4634189009666443, 0.4449065327644348, -0.17314250767230988, 0.9988995790481567
742, 11, 0.4976944029331207, 0.4072546362876892, -0.12944667041301727, 0.9932576417922974
742, 12, 0.43649157881736755, 0.4140147864818573, -0.1367567628622055, 0.9945376515388489
742, 13, 0.5218610763549805, 0.425830215215683, -0.11052738130092621, 0.9954639077186584
742, 14, 0.419226735830307, 0.43856242299079895, -0.11187787353992462, 0.9602851867675781
742, 15, 0.5274187326431274, 0.4802556037902832, -0.12993796169757843, 0.9979573488235474
742, 16, 0.4219536781311035, 0.4959498643875122, -0.10824374854564667, 0.9830011129379272
742, 17, 0.5330560207366943, 0.4947021007537842, -0.14445877075195312, 0.9973257780075073
742, 18, 0.4169712960720062, 0.5131621360778809, -0.12182769924402237, 0.975473165512085
742, 19, 0.5258347988128662, 0.4962730407714844, -0.1477828025817871, 0.9970218539237976
742, 20, 0.42385631799697876, 0.5095471739768982, -0.12230618298053741, 0.9720243215560913
742, 21, 0.522447943687439, 0.490683376789093, -0.13207371532917023, 0.9901642203330994
742, 22, 0.4272336959838867, 0.5030542016029358, -0.10869632661342621, 0.9582628607749939
742, 23, 0.4791651666164398, 0.36490142345428467, -0.00033980378066189587, 0.9965283274650574
742, 24, 0.4515327513217926, 0.3637976050376892, 0.0002664186467882246, 0.9919508695602417
742, 25, 0.47817081212997437, 0.4165162742137909, 0.08420521020889282, 0.17346534132957458
742, 26, 0.4534619450569153, 0.41275233030319214, 0.08841359615325928, 0.08398023247718811
742, 27, 0.47746825218200684, 0.40988489985466003, 0.21984168887138367, 0.18762478232383728
742, 28, 0.4580692648887634, 0.4139992892742157, 0.21720734238624573, 0.06561163067817688
742, 29, 0.4765295088291168, 0.40374383330345154, 0.23523005843162537, 0.16730409860610962
742, 30, 0.45811527967453003, 0.4098106026649475, 0.23205819725990295, 0.07965095341205597
742, 31, 0.48087549209594727, 0.43129315972328186, 0.24009016156196594, 0.027799231931567192
742, 32, 0.46244072914123535, 0.4331289827823639, 0.23607683181762695, 0.015899384394288063
743, 0, 0.45895281434059143, 0.4325917661190033, -0.22982075810432434, 0.999832034111023
743, 1, 0.4624832272529602, 0.4270901083946228, -0.23143593966960907, 0.9997863173484802
743, 2, 0.4644029140472412, 0.4273254871368408, -0.23144808411598206, 0.9997573494911194
743, 3, 0.4663185179233551, 0.42748111486434937, -0.23150010406970978, 0.9996541738510132
743, 4, 0.45687586069107056, 0.4248273968696594, -0.23201985657215118, 0.9998335838317871
743, 5, 0.4552362561225891, 0.4237128496170044, -0.23205284774303436, 0.9998437166213989
743, 6, 0.45358461141586304, 0.42259445786476135, -0.23207339644432068, 0.9998138546943665
743, 7, 0.4716191291809082, 0.41953045129776, -0.20220418274402618, 0.9990952014923096
743, 8, 0.4517797529697418, 0.4120226502418518, -0.20408537983894348, 0.9997676014900208
743, 9, 0.4627474844455719, 0.43171167373657227, -0.21427452564239502, 0.999413013458252
743, 10, 0.4568409025669098, 0.4291754961013794, -0.2148101031780243, 0.9994232654571533
743, 11, 0.48941224813461304, 0.41657766699790955, -0.14856207370758057, 0.992032527923584
743, 12, 0.43758589029312134, 0.40027889609336853, -0.15596742928028107, 0.9976442456245422
743, 13, 0.5012032985687256, 0.44895121455192566, -0.1653204709291458, 0.9792969822883606
743, 14, 0.4132707118988037, 0.4384201765060425, -0.1698145568370819, 0.9980315566062927
743, 15, 0.4915250241756439, 0.4712693393230438, -0.224462628364563, 0.9824234247207642
743, 16, 0.4171323776245117, 0.47952961921691895, -0.2178044617176056, 0.9959017634391785
743, 17, 0.49122506380081177, 0.4787537753582001, -0.24473726749420166, 0.9359884858131409
743, 18, 0.4146663546562195, 0.49230656027793884, -0.23992271721363068, 0.9844664335250854
743, 19, 0.4858463406562805, 0.47575843334198, -0.2476726472377777, 0.9249635338783264
743, 20, 0.42093271017074585, 0.4881189167499542, -0.240879625082016, 0.9803544878959656
743, 21, 0.48475098609924316, 0.47276464104652405, -0.22760489583015442, 0.8640412092208862
743, 22, 0.4229092001914978, 0.48422038555145264, -0.21959106624126434, 0.9692182540893555
743, 23, 0.484919011592865, 0.3713762164115906, 0.0010269376216456294, 0.9990234375
743, 24, 0.4568610191345215, 0.36016160249710083, -0.0011366825783625245, 0.9989973902702332
743, 25, 0.4888001084327698, 0.4311056435108185, 0.07807984948158264, 0.07963118702173233
743, 26, 0.44597405195236206, 0.4185417890548706, 0.07886507362127304, 0.13061751425266266
743, 27, 0.4922162890434265, 0.4490419924259186, 0.22181522846221924, 0.03391609713435173
743, 28, 0.4423242211341858, 0.4375963807106018, 0.22011657059192657, 0.02834707498550415
743, 29, 0.4925803244113922, 0.44882193207740784, 0.23713164031505585, 0.05956415832042694
743, 30, 0.44256287813186646, 0.43666139245033264, 0.2349700927734375, 0.06193816661834717
743, 31, 0.4942961633205414, 0.4647149443626404, 0.23484988510608673, 0.09166125953197479
743, 32, 0.4421756863594055, 0.45572924613952637, 0.2336917221546173, 0.07100127637386322
744, 0, 0.45869341492652893, 0.45586514472961426, -0.2526158392429352, 0.993129312992096
744, 1, 0.46148768067359924, 0.44490304589271545, -0.25464141368865967, 0.9939636588096619
744, 2, 0.4640335440635681, 0.4432678520679474, -0.25464633107185364, 0.991905689239502
744, 3, 0.4665612578392029, 0.4415525197982788, -0.25465163588523865, 0.9918293356895447
744, 4, 0.45416131615638733, 0.4473365843296051, -0.25591763854026794, 0.9951598048210144
744, 5, 0.45181065797805786, 0.4474967420101166, -0.2559729516506195, 0.9950450658798218
744, 6, 0.44945240020751953, 0.4476741850376129, -0.25600725412368774, 0.9961512684822083
744, 7, 0.47286468744277954, 0.42435964941978455, -0.22414441406726837, 0.9795159697532654
744, 8, 0.4454805254936218, 0.43299293518066406, -0.23028182983398438, 0.9947947859764099
744, 9, 0.46431392431259155, 0.4497221112251282, -0.23739966750144958, 0.9949426054954529
744, 10, 0.45612677931785583, 0.4526374340057373, -0.23899665474891663, 0.9956681728363037
744, 11, 0.493757426738739, 0.4057175815105438, -0.16522184014320374, 0.9684134125709534
744, 12, 0.4315639138221741, 0.4206177592277527, -0.17569749057292938, 0.9942617416381836
744, 13, 0.5099725723266602, 0.4483513832092285, -0.15212926268577576, 0.7073243856430054
744, 14, 0.4315001964569092, 0.47960418462753296, -0.1663084179162979, 0.8368259072303772
744, 15, 0.5303068161010742, 0.4750328063964844, -0.19847625494003296, 0.7415893077850342
744, 16, 0.4512103497982025, 0.5203672647476196, -0.18817156553268433, 0.9403133988380432
744, 17, 0.5404269099235535, 0.4809134900569916, -0.22633957862854004, 0.6834762692451477
744, 18, 0.45168763399124146, 0.5353410840034485, -0.2154984027147293, 0.9252086877822876
744, 19, 0.5335718989372253, 0.4818131625652313, -0.2337535321712494, 0.6950429081916809
744, 20, 0.45981502532958984, 0.5279941558837891, -0.22804291546344757, 0.9229957461357117
744, 21, 0.5276018381118774, 0.47783276438713074, -0.2046544998884201, 0.6110843420028687
744, 22, 0.46147459745407104, 0.5204827785491943, -0.1955275982618332, 0.899605393409729
744, 23, 0.4776361584663391, 0.3419525623321533, 0.008447966538369656, 0.9804336428642273
744, 24, 0.4484146535396576, 0.3451654016971588, -0.008496862836182117, 0.9924843907356262
744, 25, 0.4891447126865387, 0.449480265378952, 0.07330344617366791, 0.035305753350257874
744, 26, 0.44166916608810425, 0.4693174660205841, 0.022620854899287224, 0.26633983850479126
744, 27, 0.4862838685512543, 0.46581709384918213, 0.221695214509964, 0.02978789247572422
744, 28, 0.4609736502170563, 0.46423399448394775, 0.1909043788909912, 0.0533943735063076
744, 29, 0.4854406416416168, 0.46159446239471436, 0.2369147539138794, 0.021062638610601425
744, 30, 0.4662185311317444, 0.4564708173274994, 0.20917001366615295, 0.046813055872917175
744, 31, 0.48654547333717346, 0.4934846758842468, 0.22225041687488556, 0.0972977802157402
744, 32, 0.45874419808387756, 0.4875960350036621, 0.2043660432100296, 0.11545978486537933
745, 0, 0.4586791396141052, 0.4531412720680237, -0.24712200462818146, 0.994416356086731
745, 1, 0.4616701006889343, 0.4457639157772064, -0.2525874376296997, 0.9927202463150024
745, 2, 0.4642404019832611, 0.4449303150177002, -0.2526004910469055, 0.9914351105690002
745, 3, 0.4668111205101013, 0.44400814175605774, -0.25260528922080994, 0.9909185171127319
745, 4, 0.45402342081069946, 0.4463135898113251, -0.25148245692253113, 0.9923295378684998
745, 5, 0.45156580209732056, 0.445980042219162, -0.2515168786048889, 0.9916979074478149
745, 6, 0.4490894675254822, 0.44564226269721985, -0.25155556201934814, 0.9925196170806885
745, 7, 0.47396621108055115, 0.428038626909256, -0.23385398089885712, 0.9726521372795105
745, 8, 0.4454362392425537, 0.4294440448284149, -0.2287459820508957, 0.986536979675293
745, 9, 0.46486204862594604, 0.44686099886894226, -0.2355240285396576, 0.9903150200843811
745, 10, 0.45653969049453735, 0.44732338190078735, -0.23387320339679718, 0.990059494972229
745, 11, 0.5007194876670837, 0.4049425721168518, -0.18161532282829285, 0.9709913730621338
745, 12, 0.4316345155239105, 0.40342503786087036, -0.18066124618053436, 0.9832296967506409
745, 13, 0.5362669825553894, 0.4571012854576111, -0.1817837655544281, 0.9496055841445923
745, 14, 0.4253055155277252, 0.45709100365638733, -0.18503406643867493, 0.772269606590271
745, 15, 0.5474110245704651, 0.495505690574646, -0.2329537570476532, 0.9422285556793213
745, 16, 0.4372538924217224, 0.5144235491752625, -0.22464625537395477, 0.9175631403923035
745, 17, 0.5543546676635742, 0.5082148909568787, -0.2627990245819092, 0.9164305925369263
745, 18, 0.4338054656982422, 0.5343043804168701, -0.255337119102478, 0.9016695618629456
745, 19, 0.5455750226974487, 0.5075723528862, -0.2701212167739868, 0.9150906205177307
745, 20, 0.44278082251548767, 0.5304057002067566, -0.26476770639419556, 0.8885381817817688
745, 21, 0.5417515635490417, 0.5008330941200256, -0.23929432034492493, 0.8712664842605591
745, 22, 0.44604143500328064, 0.5217866897583008, -0.23147892951965332, 0.858839213848114
745, 23, 0.4888705611228943, 0.3312692940235138, 0.0042839073576033115, 0.961410641670227
745, 24, 0.45849815011024475, 0.3251270353794098, -0.004368209280073643, 0.9664682149887085
745, 25, 0.4833751618862152, 0.44299453496932983, 0.06445816159248352, 0.043492816388607025
745, 26, 0.4404868483543396, 0.44959408044815063, 0.03993311896920204, 0.24454878270626068
745, 27, 0.4709635376930237, 0.4835003614425659, 0.21102547645568848, 0.03270561993122101
745, 28, 0.45026692748069763, 0.47866466641426086, 0.20572137832641602, 0.03886885941028595
745, 29, 0.4688902497291565, 0.4818498492240906, 0.2260022610425949, 0.029363706707954407
745, 30, 0.4532741904258728, 0.4772050976753235, 0.2235078066587448, 0.050118692219257355
745, 31, 0.4673486351966858, 0.5178217887878418, 0.20784752070903778, 0.09492707252502441
745, 32, 0.4475921094417572, 0.5040764808654785, 0.2128666341304779, 0.08772800862789154
746, 0, 0.45355933904647827, 0.4184572398662567, -0.21294696629047394, 0.9987061023712158
746, 1, 0.45804864168167114, 0.41700422763824463, -0.2144337147474289, 0.9984433054924011
746, 2, 0.45939135551452637, 0.4188527464866638, -0.21444770693778992, 0.998023509979248
746, 3, 0.46075353026390076, 0.42064806818962097, -0.21447411179542542, 0.9976732134819031
746, 4, 0.45478200912475586, 0.4112290143966675, -0.21581530570983887, 0.9987269043922424
746, 5, 0.4537901282310486, 0.4091111421585083, -0.21581856906414032, 0.9985633492469788
746, 6, 0.4527878761291504, 0.4070034325122833, -0.2157895863056183, 0.9983277916908264
746, 7, 0.46667081117630005, 0.4209524691104889, -0.18272890150547028, 0.9928526282310486
746, 8, 0.45412641763687134, 0.3993538022041321, -0.18802936375141144, 0.9968670010566711
746, 9, 0.45628347992897034, 0.42187732458114624, -0.19704723358154297, 0.9975941777229309
746, 10, 0.45204296708106995, 0.41525930166244507, -0.19845235347747803, 0.9978845715522766
746, 11, 0.4737721383571625, 0.44020992517471313, -0.12255138158798218, 0.9968848824501038
746, 12, 0.44690507650375366, 0.38467931747436523, -0.13235116004943848, 0.995894193649292
746, 13, 0.458304226398468, 0.47198235988616943, -0.10567395389080048, 0.47216594219207764
746, 14, 0.4251979887485504, 0.41078394651412964, -0.11964907497167587, 0.9133653044700623
746, 15, 0.4523274898529053, 0.48269543051719666, -0.14599044620990753, 0.6689996123313904
746, 16, 0.4166015088558197, 0.4456577003002167, -0.1426130086183548, 0.9803322553634644
746, 17, 0.4512573778629303, 0.49053385853767395, -0.1643291413784027, 0.6532050371170044
746, 18, 0.4108978807926178, 0.45500972867012024, -0.16023623943328857, 0.9717260599136353
746, 19, 0.45038801431655884, 0.4831041991710663, -0.17163053154945374, 0.6582628488540649
746, 20, 0.4169745445251465, 0.45874592661857605, -0.1709780991077423, 0.9686266183853149
746, 21, 0.45012718439102173, 0.4776104688644409, -0.15089450776576996, 0.5944193601608276
746, 22, 0.42036205530166626, 0.4565029442310333, -0.14812269806861877, 0.9567669034004211
746, 23, 0.4839107096195221, 0.38737359642982483, 0.0033087737392634153, 0.9959457516670227
746, 24, 0.47230014204978943, 0.3618316352367401, -0.0033330891747027636, 0.9964511394500732
746, 25, 0.4554668962955475, 0.4590176045894623, 0.005661377217620611, 0.11672524362802505
746, 26, 0.44445568323135376, 0.42376869916915894, 0.023249870166182518, 0.469074010848999
746, 27, 0.4316942095756531, 0.47590115666389465, 0.0768851488828659, 0.09934837371110916
746, 28, 0.4282885491847992, 0.4603767395019531, 0.10546521842479706, 0.3412266969680786
746, 29, 0.43022608757019043, 0.47094473242759705, 0.0844675600528717, 0.131667360663414
746, 30, 0.4296228289604187, 0.4614388048648834, 0.11448006331920624, 0.29522305727005005
746, 31, 0.4178336560726166, 0.4989803433418274, 0.06734439730644226, 0.24755023419857025
746, 32, 0.4141624867916107, 0.4831976294517517, 0.0994708240032196, 0.4843806028366089
747, 0, 0.4394974112510681, 0.4432242512702942, -0.22891168296337128, 0.9973224997520447
747, 1, 0.44641852378845215, 0.439574658870697, -0.23858344554901123, 0.997127115726471
747, 2, 0.4495426118373871, 0.4420226216316223, -0.23858661949634552, 0.9979388117790222
747, 3, 0.45266157388687134, 0.44440579414367676, -0.2385968267917633, 0.9955534338951111
747, 4, 0.4379676878452301, 0.43042245507240295, -0.23832480609416962, 0.9953939914703369
747, 5, 0.435382217168808, 0.42694735527038574, -0.23839135468006134, 0.997370719909668
747, 6, 0.4327990412712097, 0.4234619438648224, -0.2384391725063324, 0.996663510799408
747, 7, 0.4629371762275696, 0.44172680377960205, -0.23151788115501404, 0.9960587024688721
747, 8, 0.43378275632858276, 0.40867042541503906, -0.2309642732143402, 0.9980027079582214
747, 9, 0.44690561294555664, 0.44754281640052795, -0.22044333815574646, 0.9963591694831848
747, 10, 0.43820977210998535, 0.4373147785663605, -0.2202729880809784, 0.9963410496711731
747, 11, 0.49132198095321655, 0.437669575214386, -0.1795414835214615, 0.9972411394119263
747, 12, 0.424632728099823, 0.38344666361808777, -0.18677666783332825, 0.9972248077392578
747, 13, 0.5234353542327881, 0.4646259844303131, -0.14413581788539886, 0.9882828593254089
747, 14, 0.4076539874076843, 0.39158618450164795, -0.131636843085289, 0.7320242524147034
747, 15, 0.5461888313293457, 0.5005945563316345, -0.15595979988574982, 0.9924967288970947
747, 16, 0.40433090925216675, 0.47850415110588074, -0.09398360550403595, 0.9426504969596863
747, 17, 0.5548270344734192, 0.5100146532058716, -0.1768311858177185, 0.9855637550354004
747, 18, 0.39502307772636414, 0.49525880813598633, -0.10418884456157684, 0.9391343593597412
747, 19, 0.5496596693992615, 0.5070108771324158, -0.17870701849460602, 0.9850910902023315
747, 20, 0.4063898026943207, 0.5022139549255371, -0.11350087821483612, 0.9407011270523071
747, 21, 0.5451302528381348, 0.5028995871543884, -0.15854962170124054, 0.9620686769485474
747, 22, 0.41221457719802856, 0.4980430603027344, -0.09663891792297363, 0.9138071537017822
747, 23, 0.49453267455101013, 0.37616628408432007, -0.00468853022903204, 0.9932883381843567
747, 24, 0.47136950492858887, 0.34972280263900757, 0.0045704711228609085, 0.9885545372962952
747, 25, 0.4656220078468323, 0.42560815811157227, 0.14206603169441223, 0.038101691752672195
747, 26, 0.45066624879837036, 0.4016759991645813, 0.13488079607486725, 0.056756358593702316
747, 27, 0.4760188162326813, 0.42664408683776855, 0.34385842084884644, 0.16826647520065308
747, 28, 0.4664228558540344, 0.4125601053237915, 0.3347153067588806, 0.05841534584760666
747, 29, 0.4803308844566345, 0.42441967129707336, 0.36584097146987915, 0.14061805605888367
747, 30, 0.4694882333278656, 0.4122363328933716, 0.35722699761390686, 0.06380651146173477
747, 31, 0.4655798077583313, 0.44123873114585876, 0.36943429708480835, 0.04014422371983528
747, 32, 0.4623149335384369, 0.4246846139431, 0.3581182062625885, 0.01729404926300049
748, 0, 0.4601007401943207, 0.4309116303920746, -0.17636001110076904, 0.9749133586883545
748, 1, 0.4640750288963318, 0.4270869791507721, -0.18276742100715637, 0.9704978466033936
748, 2, 0.4660911560058594, 0.42839109897613525, -0.1827651560306549, 0.9691131114959717
748, 3, 0.46810370683670044, 0.42964431643486023, -0.182791605591774, 0.9543203711509705
748, 4, 0.45819514989852905, 0.4219208061695099, -0.18204869329929352, 0.9768482446670532
748, 5, 0.45620107650756836, 0.41989564895629883, -0.18209651112556458, 0.9798270463943481
748, 6, 0.4542180001735687, 0.4178510010242462, -0.18215437233448029, 0.9797960519790649
748, 7, 0.47283464670181274, 0.4250990152359009, -0.17010630667209625, 0.9099215865135193
748, 8, 0.4519873559474945, 0.4068851172924042, -0.16640834510326385, 0.9759229421615601
748, 9, 0.46379774808883667, 0.431884229183197, -0.16652347147464752, 0.9405534267425537
748, 10, 0.4574418067932129, 0.426226943731308, -0.16561837494373322, 0.963864803314209
748, 11, 0.48866671323776245, 0.42883944511413574, -0.13110724091529846, 0.9630063772201538
748, 12, 0.43737441301345825, 0.38702183961868286, -0.12956947088241577, 0.993899941444397
748, 13, 0.5030422210693359, 0.4626457095146179, -0.11292694509029388, 0.8909152746200562
748, 14, 0.4118484854698181, 0.4102526903152466, -0.12035803496837616, 0.9713349342346191
748, 15, 0.5000180006027222, 0.47765088081359863, -0.12438185513019562, 0.8415268659591675
748, 16, 0.4151167869567871, 0.4469437003135681, -0.13258858025074005, 0.979458749294281
748, 17, 0.5023182034492493, 0.4839482307434082, -0.13660892844200134, 0.7663184404373169
748, 18, 0.411973774433136, 0.4559829831123352, -0.1468927413225174, 0.9589252471923828
748, 19, 0.4974418580532074, 0.47802796959877014, -0.1400747001171112, 0.764465868473053
748, 20, 0.4197211265563965, 0.4549584984779358, -0.14889447391033173, 0.9588855504989624
748, 21, 0.495452880859375, 0.47415274381637573, -0.1261381208896637, 0.6411281824111938
748, 22, 0.42262497544288635, 0.4517735242843628, -0.13366849720478058, 0.9367563128471375
748, 23, 0.48943883180618286, 0.36698442697525024, -0.008593612350523472, 0.9789857864379883
748, 24, 0.46717754006385803, 0.3440903127193451, 0.008439715951681137, 0.9830127358436584
748, 25, 0.4727439880371094, 0.4173542857170105, 0.08846506476402283, 0.0801025927066803
748, 26, 0.45370417833328247, 0.38248834013938904, 0.10509361326694489, 0.03940754383802414
748, 27, 0.47530597448349, 0.4169638454914093, 0.2224809229373932, 0.10646804422140121
748, 28, 0.45802921056747437, 0.38600999116897583, 0.23219986259937286, 0.042054954916238785
748, 29, 0.4773241877555847, 0.41235238313674927, 0.23701834678649902, 0.09623994678258896
748, 30, 0.459634929895401, 0.38481488823890686, 0.24672618508338928, 0.043755099177360535
748, 31, 0.4694966673851013, 0.4370195269584656, 0.2480284869670868, 0.04940086603164673
748, 32, 0.45600074529647827, 0.40008875727653503, 0.258538156747818, 0.026078881695866585
749, 0, 0.4506963789463043, 0.4222365617752075, -0.199981227517128, 0.9994953870773315
749, 1, 0.454353392124176, 0.42082273960113525, -0.2019900381565094, 0.9995885491371155
749, 2, 0.45567965507507324, 0.4225635230541229, -0.20198564231395721, 0.9994133710861206
749, 3, 0.45700961351394653, 0.4242652952671051, -0.2020111382007599, 0.9993209838867188
749, 4, 0.45094209909439087, 0.4155205488204956, -0.20264115929603577, 0.9996893405914307
749, 5, 0.4498681426048279, 0.4136832356452942, -0.20268137753009796, 0.9996033310890198
749, 6, 0.44878941774368286, 0.4118332266807556, -0.20269927382469177, 0.9996439218521118
749, 7, 0.4621269106864929, 0.42312490940093994, -0.17306700348854065, 0.9981452226638794
749, 8, 0.44887590408325195, 0.4037570059299469, -0.17486324906349182, 0.9994893074035645
749, 9, 0.453512966632843, 0.4242953956127167, -0.18503084778785706, 0.999148964881897
749, 10, 0.44955605268478394, 0.41824594140052795, -0.1856231987476349, 0.9994627833366394
749, 11, 0.4752620756626129, 0.4373035728931427, -0.11699093878269196, 0.9959207773208618
749, 12, 0.44041481614112854, 0.3831555247306824, -0.12387114763259888, 0.9976968169212341
749, 13, 0.47982072830200195, 0.4663848578929901, -0.09211600571870804, 0.6613917946815491
749, 14, 0.42354774475097656, 0.40271323919296265, -0.10532169044017792, 0.955493688583374
749, 15, 0.47432875633239746, 0.47485482692718506, -0.1163427084684372, 0.8312522768974304
749, 16, 0.42108696699142456, 0.4352331757545471, -0.12237532436847687, 0.9841114282608032
749, 17, 0.4741624891757965, 0.4803106188774109, -0.1311187595129013, 0.7786703705787659
749, 18, 0.4170262813568115, 0.4425997734069824, -0.1378631442785263, 0.970745861530304
749, 19, 0.4709983468055725, 0.4731137454509735, -0.1388406604528427, 0.8037129640579224
749, 20, 0.4230518937110901, 0.44530460238456726, -0.14442095160484314, 0.9732632040977478
749, 21, 0.47031134366989136, 0.46923691034317017, -0.12071333825588226, 0.7332158088684082
749, 22, 0.42606788873672485, 0.4431438744068146, -0.12567685544490814, 0.9629071354866028
749, 23, 0.48115411400794983, 0.3861939609050751, -0.0011726963566616178, 0.9946739673614502
749, 24, 0.4663556218147278, 0.36006733775138855, 0.0010793800465762615, 0.9965768456459045
749, 25, 0.456254780292511, 0.4391941428184509, 0.04935700446367264, 0.17740434408187866
749, 26, 0.43745607137680054, 0.4100615084171295, 0.04801689088344574, 0.17757892608642578
749, 27, 0.4502352178096771, 0.44361555576324463, 0.15681947767734528, 0.12428608536720276
749, 28, 0.44157376885414124, 0.4283425509929657, 0.1627303510904312, 0.07382842153310776
749, 29, 0.4502464830875397, 0.4420742094516754, 0.167901411652565, 0.08006904274225235
749, 30, 0.4435071349143982, 0.43012771010398865, 0.1750706434249878, 0.05091538652777672
749, 31, 0.44467678666114807, 0.45563504099845886, 0.163582906126976, 0.23110397160053253
749, 32, 0.4377616345882416, 0.44117271900177, 0.1729288399219513, 0.1351040005683899
750, 0, 0.4613455832004547, 0.4366295635700226, -0.19881939888000488, 0.9980242252349854
750, 1, 0.46324342489242554, 0.43707945942878723, -0.20710404217243195, 0.9975945353507996
750, 2, 0.46458277106285095, 0.4380917549133301, -0.20710389316082, 0.9973251819610596
750, 3, 0.46593332290649414, 0.43909236788749695, -0.20713463425636292, 0.9961351156234741
750, 4, 0.4586898386478424, 0.43292027711868286, -0.20509640872478485, 0.997960090637207
750, 5, 0.45706281065940857, 0.43144530057907104, -0.2051747590303421, 0.9985671043395996
750, 6, 0.45541268587112427, 0.42990928888320923, -0.20521287620067596, 0.9984993934631348
750, 7, 0.4687553346157074, 0.435030460357666, -0.20126914978027344, 0.993961751461029
750, 8, 0.4520646929740906, 0.42013663053512573, -0.19337154924869537, 0.9986335635185242
750, 9, 0.464089572429657, 0.43494534492492676, -0.19201162457466125, 0.9972133040428162
750, 10, 0.4592093527317047, 0.43058305978775024, -0.18990148603916168, 0.9983017444610596
750, 11, 0.4851996898651123, 0.43106889724731445, -0.15457561612129211, 0.9988688826560974
750, 12, 0.4374012053012848, 0.3930715024471283, -0.1400887817144394, 0.9999052286148071
750, 13, 0.509102463722229, 0.44096827507019043, -0.11739186942577362, 0.6042178869247437
750, 14, 0.4191299378871918, 0.4005899727344513, -0.09721813350915909, 0.9112437963485718
750, 15, 0.5269908905029297, 0.46751973032951355, -0.0981268361210823, 0.5051630139350891
750, 16, 0.4085111618041992, 0.43670654296875, -0.06897670775651932, 0.9414875507354736
750, 17, 0.535304605960846, 0.4756600558757782, -0.10480763763189316, 0.41403380036354065
750, 18, 0.40291517972946167, 0.44361111521720886, -0.07653755694627762, 0.8958120346069336
750, 19, 0.5306287407875061, 0.4756599962711334, -0.10886029154062271, 0.4066161811351776
750, 20, 0.4077974855899811, 0.44902995228767395, -0.08295449614524841, 0.8880273103713989
750, 21, 0.526976466178894, 0.4716971218585968, -0.09869515895843506, 0.3240625858306885
750, 22, 0.41166192293167114, 0.4472064673900604, -0.07082470506429672, 0.8402488231658936
750, 23, 0.490422785282135, 0.3668089210987091, -0.005833116825670004, 0.9984377026557922
750, 24, 0.4738069176673889, 0.3484843075275421, 0.0058237663470208645, 0.9997109770774841
750, 25, 0.4781101644039154, 0.45861709117889404, 0.04628237709403038, 0.10992971062660217
750, 26, 0.46575838327407837, 0.4204450249671936, -0.008880933746695518, 0.47734299302101135
750, 27, 0.47429174184799194, 0.4874255657196045, 0.15036606788635254, 0.04624614492058754
750, 28, 0.4756101667881012, 0.4800167381763458, 0.04491481930017471, 0.30525416135787964
750, 29, 0.475090891122818, 0.48248720169067383, 0.16174009442329407, 0.053315967321395874
750, 30, 0.4813550114631653, 0.48370468616485596, 0.05104244500398636, 0.2232537567615509
750, 31, 0.46894893050193787, 0.5187036991119385, 0.15401887893676758, 0.13229529559612274
750, 32, 0.4682347774505615, 0.513473629951477, 0.03299367055296898, 0.455305814743042
751, 0, 0.44913142919540405, 0.43233075737953186, -0.18819284439086914, 0.9919233918190002
751, 1, 0.45258623361587524, 0.4305916130542755, -0.194154292345047, 0.9939582347869873
751, 2, 0.4539543688297272, 0.4325631856918335, -0.19413599371910095, 0.9935547709465027
751, 3, 0.45530882477760315, 0.43447667360305786, -0.19414900243282318, 0.9895762205123901
751, 4, 0.44864973425865173, 0.4243507385253906, -0.19319941103458405, 0.9949290752410889
751, 5, 0.44724780321121216, 0.4221195578575134, -0.19322946667671204, 0.9953784942626953
751, 6, 0.44586238265037537, 0.4198325574398041, -0.1932462453842163, 0.9948992133140564
751, 7, 0.45940810441970825, 0.4350077211856842, -0.17759202420711517, 0.9899379014968872
751, 8, 0.44508641958236694, 0.41189512610435486, -0.1728684902191162, 0.9973629117012024
751, 9, 0.45188063383102417, 0.435473769903183, -0.1774657517671585, 0.9897887110710144
751, 10, 0.4473252296447754, 0.4288730323314667, -0.1764165610074997, 0.9939296245574951
751, 11, 0.4689922332763672, 0.4469248354434967, -0.12848667800426483, 0.9930705428123474
751, 12, 0.4393865466117859, 0.3941419720649719, -0.12632492184638977, 0.9968444108963013
751, 13, 0.4604019522666931, 0.47341620922088623, -0.08063921332359314, 0.43365147709846497
751, 14, 0.4184698164463043, 0.405878484249115, -0.07762014865875244, 0.63191819190979
751, 15, 0.44785547256469727, 0.472197562456131, -0.060693658888339996, 0.4162638783454895
751, 16, 0.4161514341831207, 0.434998482465744, -0.05136222392320633, 0.8706732988357544
751, 17, 0.44635286927223206, 0.47728827595710754, -0.06661290675401688, 0.47027820348739624
751, 18, 0.4138934016227722, 0.44097691774368286, -0.058410100638866425, 0.8645029067993164
751, 19, 0.44525203108787537, 0.4674171805381775, -0.07259553670883179, 0.5076764225959778
751, 20, 0.4190332293510437, 0.44302040338516235, -0.061674803495407104, 0.8645792603492737
751, 21, 0.4449543058872223, 0.4637734591960907, -0.0626850500702858, 0.4388214945793152
751, 22, 0.42120176553726196, 0.4419722557067871, -0.05196985602378845, 0.8287689089775085
751, 23, 0.4835551381111145, 0.38075920939445496, -0.008962427265942097, 0.9988619089126587
751, 24, 0.4719485342502594, 0.35663703083992004, 0.008869148790836334, 0.9993535876274109
751, 25, 0.4677010178565979, 0.4262892007827759, 0.08422166854143143, 0.41961562633514404
751, 26, 0.46318763494491577, 0.38370048999786377, 0.09909548610448837, 0.09078290313482285
751, 27, 0.47467416524887085, 0.4145127534866333, 0.21138890087604523, 0.3719286024570465
751, 28, 0.47634872794151306, 0.38274022936820984, 0.21691039204597473, 0.23913049697875977
751, 29, 0.4748978614807129, 0.4106132388114929, 0.2258535623550415, 0.3159511387348175
751, 30, 0.4776672422885895, 0.38312527537345886, 0.23027071356773376, 0.1523982584476471
751, 31, 0.4754944443702698, 0.4194505512714386, 0.23259219527244568, 0.19705688953399658
751, 32, 0.4807029366493225, 0.387816458940506, 0.23178866505622864, 0.13769479095935822
752, 0, 0.4476403295993805, 0.43440133333206177, -0.1729240119457245, 0.9766010046005249
752, 1, 0.4519074857234955, 0.4340788424015045, -0.17855727672576904, 0.9737093448638916
752, 2, 0.4538971483707428, 0.4364757835865021, -0.1785668581724167, 0.9735440015792847
752, 3, 0.4558769762516022, 0.43884435296058655, -0.17858488857746124, 0.9485871195793152
752, 4, 0.44620388746261597, 0.4261752963066101, -0.17920911312103271, 0.9797767996788025
752, 5, 0.44431787729263306, 0.42336446046829224, -0.1792631298303604, 0.9859461188316345
752, 6, 0.4424089789390564, 0.4206007719039917, -0.1793356090784073, 0.9839216470718384
752, 7, 0.46145400404930115, 0.43868911266326904, -0.16430197656154633, 0.9504580497741699
752, 8, 0.4412955641746521, 0.410332053899765, -0.1669699251651764, 0.990445613861084
752, 9, 0.4515446722507477, 0.43771499395370483, -0.16320523619651794, 0.9584519267082214
752, 10, 0.44551539421081543, 0.4290615916252136, -0.16406624019145966, 0.9727431535720825
752, 11, 0.4778309762477875, 0.4439491629600525, -0.12026753276586533, 0.9760499000549316
752, 12, 0.4302646219730377, 0.3852400779724121, -0.1308804154396057, 0.9947256445884705
752, 13, 0.48816603422164917, 0.46804216504096985, -0.09747655689716339, 0.8590071797370911
752, 14, 0.40688467025756836, 0.3895846903324127, -0.10377770662307739, 0.8962297439575195
752, 15, 0.4971010684967041, 0.487234890460968, -0.10262946039438248, 0.8977074027061462
752, 16, 0.40775352716445923, 0.4366545081138611, -0.08548719435930252, 0.9742828011512756
752, 17, 0.5023331642150879, 0.494808167219162, -0.11190897226333618, 0.8711763024330139
752, 18, 0.4034480154514313, 0.44423866271972656, -0.09493604302406311, 0.9713848829269409
752, 19, 0.4982282519340515, 0.4875836968421936, -0.11400674283504486, 0.868846595287323
752, 20, 0.4121149182319641, 0.44970133900642395, -0.0983903631567955, 0.9734532833099365
752, 21, 0.4950668215751648, 0.4834532141685486, -0.10407441854476929, 0.7705749273300171
752, 22, 0.41549497842788696, 0.4488059878349304, -0.08646400272846222, 0.9572364687919617
752, 23, 0.4862733781337738, 0.38565853238105774, -0.006219468079507351, 0.9963639378547668
752, 24, 0.4679763913154602, 0.35799843072891235, 0.006031472701579332, 0.9957883954048157
752, 25, 0.46560269594192505, 0.43129241466522217, 0.08238241076469421, 0.1573389172554016
752, 26, 0.449443519115448, 0.3948914110660553, 0.08440923690795898, 0.12038005143404007
752, 27, 0.47137966752052307, 0.41550806164741516, 0.2091057300567627, 0.2474784255027771
752, 28, 0.4620656371116638, 0.39527422189712524, 0.21100790798664093, 0.11355321109294891
752, 29, 0.47304701805114746, 0.40861397981643677, 0.2232341468334198, 0.1970893293619156
752, 30, 0.4647349715232849, 0.39299947023391724, 0.2255997657775879, 0.08695291727781296
752, 31, 0.46689337491989136, 0.4293420612812042, 0.2357337772846222, 0.07653483748435974
752, 32, 0.46090561151504517, 0.40711891651153564, 0.23653320968151093, 0.039519887417554855
753, 0, 0.4501192569732666, 0.41914862394332886, -0.2374565154314041, 0.9999427795410156
753, 1, 0.4549481272697449, 0.41710740327835083, -0.2383476197719574, 0.9999202489852905
753, 2, 0.4564898908138275, 0.41932132840156555, -0.23835889995098114, 0.9999123811721802
753, 3, 0.4580232501029968, 0.42146551609039307, -0.23840221762657166, 0.9998660087585449
753, 4, 0.4509184956550598, 0.40981486439704895, -0.23850002884864807, 0.9999560117721558
753, 5, 0.44976916909217834, 0.4072887897491455, -0.23853854835033417, 0.9999594688415527
753, 6, 0.44862276315689087, 0.4047725796699524, -0.23855507373809814, 0.9999465942382812
753, 7, 0.4634389877319336, 0.42154309153556824, -0.202296644449234, 0.9997367262840271
753, 8, 0.44903817772865295, 0.3963032066822052, -0.20254306495189667, 0.9999613761901855
753, 9, 0.45309966802597046, 0.42304614186286926, -0.21937063336372375, 0.9998459815979004
753, 10, 0.44842416048049927, 0.41514548659324646, -0.2195620983839035, 0.9998832941055298
753, 11, 0.4731099009513855, 0.4408602714538574, -0.1492379903793335, 0.9979643821716309
753, 12, 0.44044429063796997, 0.38066038489341736, -0.14851704239845276, 0.9994029998779297
753, 13, 0.46695461869239807, 0.4938071668148041, -0.15211015939712524, 0.9856790900230408
753, 14, 0.4111705720424652, 0.3938085436820984, -0.1468450427055359, 0.997441291809082
753, 15, 0.4527495503425598, 0.5067334175109863, -0.1933097392320633, 0.9638493061065674
753, 16, 0.4144655764102936, 0.43443116545677185, -0.17636612057685852, 0.991772472858429
753, 17, 0.44897323846817017, 0.5152812004089355, -0.21045108139514923, 0.8788801431655884
753, 18, 0.41263335943222046, 0.44456830620765686, -0.19325345754623413, 0.9707363247871399
753, 19, 0.44789355993270874, 0.5037235021591187, -0.2120337039232254, 0.8699793815612793
753, 20, 0.41935667395591736, 0.4460761547088623, -0.19749057292938232, 0.9680463075637817
753, 21, 0.4483698308467865, 0.4995066225528717, -0.19536128640174866, 0.8182900547981262
753, 22, 0.4210756719112396, 0.44404223561286926, -0.17864948511123657, 0.9542210698127747
753, 23, 0.48364248871803284, 0.38172483444213867, -0.0022223128471523523, 0.997744083404541
753, 24, 0.4677174687385559, 0.35768768191337585, 0.0021160959731787443, 0.9988418221473694
753, 25, 0.46100813150405884, 0.43750452995300293, 0.07072251290082932, 0.13855741918087006
753, 26, 0.44215211272239685, 0.40921685099601746, 0.07078048586845398, 0.19091854989528656
753, 27, 0.46034032106399536, 0.4243259131908417, 0.1959007978439331, 0.02851756662130356
753, 28, 0.4513324797153473, 0.40848538279533386, 0.20772585272789001, 0.031142376363277435
753, 29, 0.46182674169540405, 0.4173913300037384, 0.2096729278564453, 0.04342794418334961
753, 30, 0.45413464307785034, 0.4067346453666687, 0.22314855456352234, 0.04013558849692345
753, 31, 0.4547019898891449, 0.43695637583732605, 0.22614841163158417, 0.099897600710392
753, 32, 0.44964081048965454, 0.41807466745376587, 0.24351772665977478, 0.08002188056707382
754, 0, 0.4503134787082672, 0.4161909818649292, -0.18263588845729828, 0.9978686571121216
754, 1, 0.4551108777523041, 0.4145148694515228, -0.18617254495620728, 0.9982759952545166
754, 2, 0.4565562605857849, 0.41696852445602417, -0.18614326417446136, 0.9978405237197876
754, 3, 0.457984060049057, 0.4193785786628723, -0.18615609407424927, 0.9966381788253784
754, 4, 0.4512120187282562, 0.40741968154907227, -0.18683095276355743, 0.9983890056610107
754, 5, 0.44981440901756287, 0.40506064891815186, -0.1868600845336914, 0.9983410835266113
754, 6, 0.44843608140945435, 0.40270504355430603, -0.18687014281749725, 0.9984861016273499
754, 7, 0.46161389350891113, 0.42252081632614136, -0.16079683601856232, 0.9963687658309937
754, 8, 0.447603702545166, 0.3966206908226013, -0.16292347013950348, 0.9986284971237183
754, 9, 0.45234766602516174, 0.4217466711997986, -0.16868261992931366, 0.996607780456543
754, 10, 0.4478355348110199, 0.41394513845443726, -0.16954194009304047, 0.9975038170814514
754, 11, 0.47021597623825073, 0.4413975477218628, -0.1112736240029335, 0.9958458542823792
754, 12, 0.43653416633605957, 0.379454642534256, -0.11585915088653564, 0.9973975419998169
754, 13, 0.46140652894973755, 0.46176186203956604, -0.0667482390999794, 0.7614782452583313
754, 14, 0.41334694623947144, 0.3845820426940918, -0.07811949402093887, 0.8942441344261169
754, 15, 0.4479787349700928, 0.4614986479282379, -0.05625838786363602, 0.4978485107421875
754, 16, 0.4116719663143158, 0.4255717098712921, -0.06159605458378792, 0.9031240344047546
754, 17, 0.44708698987960815, 0.4670563042163849, -0.06288398802280426, 0.42263123393058777
754, 18, 0.40852198004722595, 0.43266475200653076, -0.06939265877008438, 0.8681354522705078
754, 19, 0.4458908140659332, 0.45710211992263794, -0.06876388937234879, 0.45722270011901855
754, 20, 0.415872186422348, 0.43720051646232605, -0.07338178902864456, 0.8773123621940613
754, 21, 0.4452401101589203, 0.4529902935028076, -0.058680616319179535, 0.3941861689090729
754, 22, 0.41860127449035645, 0.43572282791137695, -0.06265825033187866, 0.8407931923866272
754, 23, 0.486795037984848, 0.3885952830314636, -0.010077121667563915, 0.998934805393219
754, 24, 0.4699934124946594, 0.3601245880126953, 0.009947467595338821, 0.9990111589431763
754, 25, 0.4647762179374695, 0.4229218065738678, 0.06548009812831879, 0.42593589425086975
754, 26, 0.46177810430526733, 0.384342223405838, 0.08605281263589859, 0.09139721095561981
754, 27, 0.4752822816371918, 0.4006827175617218, 0.17831353843212128, 0.30467960238456726
754, 28, 0.47487789392471313, 0.3805064260959625, 0.1891743242740631, 0.2056746780872345
754, 29, 0.4765457510948181, 0.3934970796108246, 0.19086091220378876, 0.24715007841587067
754, 30, 0.47747573256492615, 0.37917038798332214, 0.20104844868183136, 0.1319185495376587
754, 31, 0.47584980726242065, 0.4108906090259552, 0.19857937097549438, 0.1714096963405609
754, 32, 0.47720757126808167, 0.39323773980140686, 0.20523782074451447, 0.13793404400348663
755, 0, 0.4447796940803528, 0.4239354729652405, -0.256010502576828, 0.9999358654022217
755, 1, 0.44927993416786194, 0.4218572974205017, -0.2563144862651825, 0.9999146461486816
755, 2, 0.4507370889186859, 0.42432406544685364, -0.2563229203224182, 0.999894380569458
755, 3, 0.45219889283180237, 0.42670953273773193, -0.25637999176979065, 0.9998747110366821
755, 4, 0.4453595280647278, 0.41386422514915466, -0.2563135623931885, 0.9999430179595947
755, 5, 0.44418802857398987, 0.41111019253730774, -0.2563619613647461, 0.9999393224716187
755, 6, 0.44301509857177734, 0.40836241841316223, -0.2563781142234802, 0.9999420642852783
755, 7, 0.4580470621585846, 0.42606109380722046, -0.21542522311210632, 0.9997122883796692
755, 8, 0.44385138154029846, 0.3977701961994171, -0.21496650576591492, 0.9999459981918335
755, 9, 0.4478188455104828, 0.428011953830719, -0.23609104752540588, 0.9997715353965759
755, 10, 0.44359341263771057, 0.4196379482746124, -0.23599454760551453, 0.9998086094856262
755, 11, 0.4708459973335266, 0.4425106346607208, -0.16186276078224182, 0.9924858808517456
755, 12, 0.43700772523880005, 0.37698492407798767, -0.1581825315952301, 0.998420238494873
755, 13, 0.4537409842014313, 0.4988901913166046, -0.1635434925556183, 0.9604183435440063
755, 14, 0.4042040705680847, 0.3935796022415161, -0.1536003053188324, 0.9797416925430298
755, 15, 0.44063830375671387, 0.5457122325897217, -0.2045121192932129, 0.960439920425415
755, 16, 0.40164628624916077, 0.44363144040107727, -0.1838294416666031, 0.9745946526527405
755, 17, 0.43881458044052124, 0.5640219449996948, -0.22752884030342102, 0.912708580493927
755, 18, 0.39669397473335266, 0.4518156349658966, -0.20572109520435333, 0.9482272267341614
755, 19, 0.43630847334861755, 0.5515885353088379, -0.22929099202156067, 0.9151075482368469
755, 20, 0.4049442410469055, 0.45611605048179626, -0.21237775683403015, 0.9472684860229492
755, 21, 0.4359961152076721, 0.5420000553131104, -0.2076086550951004, 0.86649489402771
755, 22, 0.40824684500694275, 0.455141544342041, -0.1879889816045761, 0.9256505370140076
755, 23, 0.4902406334877014, 0.3742208778858185, -0.007077875081449747, 0.9965535402297974
755, 24, 0.47381287813186646, 0.3472675383090973, 0.006958800368010998, 0.99809330701828
755, 25, 0.4677277207374573, 0.42130547761917114, 0.08254773914813995, 0.18467965722084045
755, 26, 0.45650357007980347, 0.37608686089515686, 0.08398063480854034, 0.16011352837085724
755, 27, 0.47344738245010376, 0.4080282747745514, 0.22998657822608948, 0.09839431196451187
755, 28, 0.4695519506931305, 0.3799345791339874, 0.2342192679643631, 0.06442180275917053
755, 29, 0.47609710693359375, 0.40071046352386475, 0.24543817341327667, 0.09595067799091339
755, 30, 0.4728153347969055, 0.379707008600235, 0.25099655985832214, 0.05994575843214989
755, 31, 0.46765390038490295, 0.4239445924758911, 0.2514212429523468, 0.1272372454404831
755, 32, 0.4678724706172943, 0.39082831144332886, 0.25854355096817017, 0.08049512654542923
756, 0, 0.4491841197013855, 0.4366990923881531, -0.18668746948242188, 0.9962007403373718
756, 1, 0.45242610573768616, 0.4356483817100525, -0.19285257160663605, 0.9961802959442139
756, 2, 0.4541013836860657, 0.43767550587654114, -0.19285744428634644, 0.9962678551673889
756, 3, 0.4557722210884094, 0.43966978788375854, -0.19287283718585968, 0.994691789150238
756, 4, 0.44749802350997925, 0.4284542202949524, -0.19183668494224548, 0.9962924122810364
756, 5, 0.4457860589027405, 0.4258085787296295, -0.1918996423482895, 0.9970458149909973
756, 6, 0.4440786838531494, 0.4231956899166107, -0.19195976853370667, 0.9972506165504456
756, 7, 0.460615336894989, 0.43643108010292053, -0.178231343626976, 0.9925254583358765
756, 8, 0.4428257942199707, 0.41119030117988586, -0.1735343486070633, 0.9971357583999634
756, 9, 0.4528304934501648, 0.4379820227622986, -0.17654310166835785, 0.9906864762306213
756, 10, 0.44764813780784607, 0.43021339178085327, -0.17519956827163696, 0.9917250871658325
756, 11, 0.47769397497177124, 0.4331488013267517, -0.1357441395521164, 0.9747400283813477
756, 12, 0.4353507459163666, 0.38164639472961426, -0.13472217321395874, 0.991482138633728
756, 13, 0.49068307876586914, 0.47513389587402344, -0.12300939857959747, 0.9558162689208984
756, 14, 0.41338056325912476, 0.3871070444583893, -0.11806561797857285, 0.868028461933136
756, 15, 0.5003266334533691, 0.5287793874740601, -0.1430085301399231, 0.9800810813903809
756, 16, 0.4045669138431549, 0.4343656003475189, -0.12292257696390152, 0.9675905108451843
756, 17, 0.5050791501998901, 0.5456376075744629, -0.15941482782363892, 0.9732215404510498
756, 18, 0.39650392532348633, 0.43990278244018555, -0.13910697400569916, 0.9629798531532288
756, 19, 0.5001087784767151, 0.5402402281761169, -0.1604943424463272, 0.9734581112861633
756, 20, 0.40396857261657715, 0.44805505871772766, -0.14339393377304077, 0.9649461507797241
756, 21, 0.4972355365753174, 0.5333290100097656, -0.14453397691249847, 0.9428655505180359
756, 22, 0.4086504876613617, 0.4474290609359741, -0.125361368060112, 0.9409244656562805
756, 23, 0.4939740300178528, 0.368241548538208, -0.005943245720118284, 0.9881986379623413
756, 24, 0.4764603078365326, 0.3468590974807739, 0.00572617445141077, 0.9867913722991943
756, 25, 0.4800385534763336, 0.40544894337654114, 0.08346490561962128, 0.09791868925094604
756, 26, 0.4601806700229645, 0.3754618763923645, 0.0879824087023735, 0.11681738495826721
756, 27, 0.48769912123680115, 0.3861430287361145, 0.21438142657279968, 0.12777350842952728
756, 28, 0.47566571831703186, 0.36788445711135864, 0.21396172046661377, 0.07583148777484894
756, 29, 0.48985975980758667, 0.3782917559146881, 0.2282761037349701, 0.0854785218834877
756, 30, 0.479074090719223, 0.36497077345848083, 0.2287491261959076, 0.06158987432718277
756, 31, 0.4845397472381592, 0.40461933612823486, 0.2313752919435501, 0.06993865966796875
756, 32, 0.47504252195358276, 0.37785738706588745, 0.23366737365722656, 0.04475494474172592
757, 0, 0.44724002480506897, 0.41342756152153015, -0.22722096741199493, 0.9997021555900574
757, 1, 0.44818806648254395, 0.4118421673774719, -0.23098745942115784, 0.9998337030410767
757, 2, 0.44882774353027344, 0.41279107332229614, -0.23098377883434296, 0.9997542500495911
757, 3, 0.4494638442993164, 0.4136737287044525, -0.23105768859386444, 0.9997498393058777
757, 4, 0.4465878903865814, 0.40894749760627747, -0.23173169791698456, 0.9998636245727539
757, 5, 0.44608402252197266, 0.40798670053482056, -0.2317914068698883, 0.9998064637184143
757, 6, 0.4455905854701996, 0.40702083706855774, -0.23179659247398376, 0.999822199344635
757, 7, 0.45256370306015015, 0.4143311679363251, -0.2021941840648651, 0.9995288848876953
757, 8, 0.4464398920536041, 0.40332847833633423, -0.20450016856193542, 0.9998561143875122
757, 9, 0.4497639536857605, 0.4156368672847748, -0.2112957239151001, 0.9998077750205994
757, 10, 0.44750189781188965, 0.4124182462692261, -0.21204820275306702, 0.9998213648796082
757, 11, 0.45735621452331543, 0.4267154633998871, -0.14503224194049835, 0.9982563853263855
757, 12, 0.44874024391174316, 0.4042420983314514, -0.15917064249515533, 0.9986306428909302
757, 13, 0.4317105710506439, 0.4573529064655304, -0.13961006700992584, 0.8427286148071289
757, 14, 0.4257860779762268, 0.44305989146232605, -0.14008545875549316, 0.8985825777053833
757, 15, 0.4206331670284271, 0.4762510657310486, -0.17804163694381714, 0.7936371564865112
757, 16, 0.41841673851013184, 0.4780576527118683, -0.14789161086082458, 0.8920563459396362
757, 17, 0.4195958971977234, 0.4837379455566406, -0.19659723341464996, 0.7278192043304443
757, 18, 0.4152064919471741, 0.4859981834888458, -0.1653689593076706, 0.8561195731163025
757, 19, 0.41930022835731506, 0.4800425171852112, -0.20440104603767395, 0.7511453628540039
757, 20, 0.4193516671657562, 0.48581165075302124, -0.17109869420528412, 0.8727781176567078
757, 21, 0.4196016192436218, 0.47468093037605286, -0.18317322432994843, 0.6757773160934448
757, 22, 0.421588271856308, 0.48319071531295776, -0.15109612047672272, 0.8612825870513916
757, 23, 0.47894757986068726, 0.3741602897644043, -0.0017985431477427483, 0.9993566870689392
757, 24, 0.47652214765548706, 0.36456868052482605, 0.0017783625517040491, 0.9995269775390625
757, 25, 0.44385796785354614, 0.44284141063690186, 0.059971459209918976, 0.3122166097164154
757, 26, 0.4454103410243988, 0.42465630173683167, 0.06474954634904861, 0.19127729535102844
757, 27, 0.44845062494277954, 0.44144219160079956, 0.16407182812690735, 0.12193114310503006
757, 28, 0.45303529500961304, 0.43763795495033264, 0.19537979364395142, 0.041781745851039886
757, 29, 0.4516983926296234, 0.43614476919174194, 0.17634055018424988, 0.10850533097982407
757, 30, 0.45570889115333557, 0.4354546070098877, 0.21071715652942657, 0.033513881266117096
757, 31, 0.44300660490989685, 0.4579228162765503, 0.18047253787517548, 0.21474792063236237
757, 32, 0.4483177065849304, 0.45413607358932495, 0.2195543795824051, 0.09718383848667145
758, 0, 0.44748371839523315, 0.4266321063041687, -0.20906856656074524, 0.9978710412979126
758, 1, 0.4497961103916168, 0.4237973392009735, -0.2126358449459076, 0.9978510141372681
758, 2, 0.4509586691856384, 0.4249354898929596, -0.21263308823108673, 0.9974422454833984
758, 3, 0.4521175026893616, 0.4260235130786896, -0.2126602679491043, 0.9969891905784607
758, 4, 0.44644302129745483, 0.41939878463745117, -0.21286945044994354, 0.9982059001922607
758, 5, 0.44535917043685913, 0.41787636280059814, -0.21294379234313965, 0.9982039928436279
758, 6, 0.4442783296108246, 0.41636550426483154, -0.21299521625041962, 0.9985747337341309
758, 7, 0.45634132623672485, 0.42348507046699524, -0.18709349632263184, 0.9951313734054565
758, 8, 0.4440443515777588, 0.4077826142311096, -0.1880611628293991, 0.9982877373695374
758, 9, 0.45043864846229553, 0.42810913920402527, -0.19496920704841614, 0.9964966177940369
758, 10, 0.4468822479248047, 0.4236466586589813, -0.19530747830867767, 0.9968551397323608
758, 11, 0.47055181860923767, 0.42672818899154663, -0.14286424219608307, 0.9872641563415527
758, 12, 0.4385301172733307, 0.3922961354255676, -0.1460925042629242, 0.9977537989616394
758, 13, 0.4757247567176819, 0.46048226952552795, -0.1279975026845932, 0.842373251914978
758, 14, 0.4187993109226227, 0.409965842962265, -0.13237467408180237, 0.8893339037895203
758, 15, 0.48324957489967346, 0.5029171109199524, -0.14621761441230774, 0.8670181035995483
758, 16, 0.4085471034049988, 0.45017313957214355, -0.13332173228263855, 0.9529336094856262
758, 17, 0.48797646164894104, 0.516261100769043, -0.16227516531944275, 0.8346632719039917
758, 18, 0.40097135305404663, 0.45458984375, -0.1489160805940628, 0.9411540031433105
758, 19, 0.483489453792572, 0.5115743279457092, -0.1645510047674179, 0.8367447853088379
758, 20, 0.40762609243392944, 0.46147972345352173, -0.15341776609420776, 0.9430323243141174
758, 21, 0.4808703362941742, 0.5052065253257751, -0.1483803242444992, 0.7540443539619446
758, 22, 0.4119722247123718, 0.4604871869087219, -0.13573890924453735, 0.9165765047073364
758, 23, 0.4886111617088318, 0.36775609850883484, -0.004301329609006643, 0.9965253472328186
758, 24, 0.4754824638366699, 0.3517947196960449, 0.004185671452432871, 0.9974851608276367
758, 25, 0.4691794812679291, 0.4168044626712799, 0.08063571900129318, 0.11803436279296875
758, 26, 0.45963138341903687, 0.3758598268032074, 0.07163883745670319, 0.20633092522621155
758, 27, 0.4739716649055481, 0.3977189064025879, 0.2003442943096161, 0.09175274521112442
758, 28, 0.47224879264831543, 0.3732847571372986, 0.1964423656463623, 0.07482322305440903
758, 29, 0.4765807092189789, 0.3892901539802551, 0.2133764773607254, 0.06309450417757034
758, 30, 0.475654274225235, 0.3709403872489929, 0.21153727173805237, 0.049049101769924164
758, 31, 0.47022414207458496, 0.41663068532943726, 0.2212853878736496, 0.08117067068815231
758, 32, 0.4706372618675232, 0.3853788673877716, 0.22269988059997559, 0.06977954506874084
759, 0, 0.4499611258506775, 0.4278011620044708, -0.19268964231014252, 0.9982472658157349
759, 1, 0.45369595289230347, 0.42677444219589233, -0.19833317399024963, 0.9988254904747009
759, 2, 0.45533618330955505, 0.4287107586860657, -0.19831140339374542, 0.9987035989761353
759, 3, 0.45696789026260376, 0.43060988187789917, -0.19831682741641998, 0.9978112578392029
759, 4, 0.4489373564720154, 0.4200260043144226, -0.1983104646205902, 0.9989171028137207
759, 5, 0.4473271369934082, 0.4177109897136688, -0.19837291538715363, 0.9990924596786499
759, 6, 0.44572561979293823, 0.415417343378067, -0.19841888546943665, 0.999081015586853
759, 7, 0.46198058128356934, 0.4297024607658386, -0.17969128489494324, 0.9984203577041626
759, 8, 0.44485267996788025, 0.4053511619567871, -0.17982034385204315, 0.9994509816169739
759, 9, 0.45345649123191833, 0.42990705370903015, -0.18108563125133514, 0.9978087544441223
759, 10, 0.4484366476535797, 0.422973096370697, -0.18122641742229462, 0.9982894062995911
759, 11, 0.4772070050239563, 0.431034117937088, -0.13336531817913055, 0.9938641786575317
759, 12, 0.4360196590423584, 0.37920552492141724, -0.13653287291526794, 0.9982593655586243
759, 13, 0.48419857025146484, 0.45907604694366455, -0.10317262262105942, 0.8963392972946167
759, 14, 0.413667768239975, 0.3876195549964905, -0.09674285352230072, 0.8013835549354553
759, 15, 0.48961037397384644, 0.48740464448928833, -0.09912373125553131, 0.8578420281410217
759, 16, 0.4074013829231262, 0.4290110766887665, -0.06404008716344833, 0.8782314658164978
759, 17, 0.49520930647850037, 0.4973609447479248, -0.10785474628210068, 0.8373240828514099
759, 18, 0.40237435698509216, 0.4331005811691284, -0.06994729489088058, 0.8789018988609314
759, 19, 0.4913761019706726, 0.4901857078075409, -0.10992129147052765, 0.8438471555709839
759, 20, 0.4095427393913269, 0.43911153078079224, -0.0740162804722786, 0.8848130106925964
759, 21, 0.4881274700164795, 0.4849109947681427, -0.09991949796676636, 0.7420965433120728
759, 22, 0.413119375705719, 0.43906736373901367, -0.06472565978765488, 0.8345516920089722
759, 23, 0.4916493892669678, 0.3655472695827484, -0.003919567447155714, 0.9969286322593689
759, 24, 0.4769502580165863, 0.34259721636772156, 0.003729006741195917, 0.9975156784057617
759, 25, 0.4728972911834717, 0.40488898754119873, 0.0875011533498764, 0.19063197076320648
759, 26, 0.46122732758522034, 0.3662251830101013, 0.08074060082435608, 0.22738708555698395
759, 27, 0.48106080293655396, 0.37751495838165283, 0.2068667858839035, 0.19424279034137726
759, 28, 0.4744792580604553, 0.3529960811138153, 0.20450596511363983, 0.1581978052854538
759, 29, 0.48381203413009644, 0.3687223792076111, 0.21998481452465057, 0.13248257339000702
759, 30, 0.4785570204257965, 0.3504222631454468, 0.21921832859516144, 0.10089998692274094
759, 31, 0.4768969416618347, 0.3893267810344696, 0.22910532355308533, 0.09459811449050903
759, 32, 0.47094282507896423, 0.3588414192199707, 0.23074109852313995, 0.0673939511179924
760, 0, 0.4431793689727783, 0.41355806589126587, -0.24821734428405762, 0.99989914894104
760, 1, 0.4468763768672943, 0.41235479712486267, -0.25002533197402954, 0.999885082244873
760, 2, 0.4481746256351471, 0.41451022028923035, -0.2500353753566742, 0.9998689889907837
760, 3, 0.4494904577732086, 0.416598379611969, -0.25005918741226196, 0.9998457431793213
760, 4, 0.4436853528022766, 0.4056057333946228, -0.2498989999294281, 0.9999066591262817
760, 5, 0.4428199827671051, 0.4032829999923706, -0.24996347725391388, 0.9999074935913086
760, 6, 0.4419407248497009, 0.40094274282455444, -0.2499879151582718, 0.999913215637207
760, 7, 0.45659056305885315, 0.41503655910491943, -0.2166861593723297, 0.9996259212493896
760, 8, 0.4441947937011719, 0.39030617475509644, -0.2156689465045929, 0.9999072551727295
760, 9, 0.44699525833129883, 0.41638919711112976, -0.23154976963996887, 0.9998822212219238
760, 10, 0.4434708058834076, 0.40877243876457214, -0.2311416119337082, 0.999896764755249
760, 11, 0.4721122682094574, 0.4280910789966583, -0.15953396260738373, 0.9962860345840454
760, 12, 0.4420951306819916, 0.36740902066230774, -0.1586085557937622, 0.9985150694847107
760, 13, 0.46180349588394165, 0.4812503457069397, -0.1461867243051529, 0.8956201672554016
760, 14, 0.4153960347175598, 0.391821026802063, -0.14421512186527252, 0.9355381727218628
760, 15, 0.45980900526046753, 0.5370320081710815, -0.18986904621124268, 0.9481906890869141
760, 16, 0.40350180864334106, 0.4436669647693634, -0.1767909675836563, 0.981389582157135
760, 17, 0.4595111310482025, 0.5560310482978821, -0.21753568947315216, 0.9262062907218933
760, 18, 0.3945765793323517, 0.45117607712745667, -0.20384249091148376, 0.9723889827728271
760, 19, 0.45647183060646057, 0.5465127229690552, -0.22402969002723694, 0.930281400680542
760, 20, 0.40151458978652954, 0.4599875509738922, -0.21578948199748993, 0.9730715155601501
760, 21, 0.45592737197875977, 0.5371862649917603, -0.1956038773059845, 0.902623176574707
760, 22, 0.4064915180206299, 0.4586917459964752, -0.1838182955980301, 0.9660438299179077
760, 23, 0.4899011552333832, 0.37159308791160583, -0.00237087975256145, 0.9982872605323792
760, 24, 0.47640761733055115, 0.3431100845336914, 0.0023732678964734077, 0.9987859129905701
760, 25, 0.45686301589012146, 0.4434434771537781, 0.06350653618574142, 0.12904030084609985
760, 26, 0.44228190183639526, 0.39739009737968445, 0.04196188226342201, 0.21798770129680634
760, 27, 0.4588887095451355, 0.4432659149169922, 0.20398512482643127, 0.06270869821310043
760, 28, 0.45309537649154663, 0.43143796920776367, 0.20156311988830566, 0.037386082112789154
760, 29, 0.4608553946018219, 0.4383884370326996, 0.2185235321521759, 0.050929710268974304
760, 30, 0.4562721252441406, 0.4356870949268341, 0.21942131221294403, 0.03648126870393753
760, 31, 0.4533003270626068, 0.46116480231285095, 0.21046599745750427, 0.1794404685497284
760, 32, 0.4494548439979553, 0.44777536392211914, 0.21589946746826172, 0.11282835900783539
761, 0, 0.4422761797904968, 0.41604214906692505, -0.2638680636882782, 0.9995129108428955
761, 1, 0.4470260739326477, 0.4152805209159851, -0.26544761657714844, 0.9993933439254761
761, 2, 0.4486592411994934, 0.41818511486053467, -0.26545077562332153, 0.9992326498031616
761, 3, 0.4502965807914734, 0.42101651430130005, -0.2654680907726288, 0.9991015195846558
761, 4, 0.4429202973842621, 0.40620866417884827, -0.26546669006347656, 0.9995042085647583
761, 5, 0.4417892098426819, 0.40305647253990173, -0.26552629470825195, 0.9994916915893555
761, 6, 0.44065743684768677, 0.39989328384399414, -0.26555702090263367, 0.9995952248573303
761, 7, 0.4583958685398102, 0.42023178935050964, -0.22510644793510437, 0.9977534413337708
761, 8, 0.4432830810546875, 0.3874339759349823, -0.2247805893421173, 0.9995170831680298
761, 9, 0.44656744599342346, 0.4200488328933716, -0.24408046901226044, 0.9990088939666748
761, 10, 0.44245782494544983, 0.41023463010787964, -0.24395747482776642, 0.9993415474891663
761, 11, 0.476708322763443, 0.43366825580596924, -0.1625918298959732, 0.9879696369171143
761, 12, 0.4417949318885803, 0.35774171352386475, -0.16144885122776031, 0.9967730641365051
761, 13, 0.4686118960380554, 0.49164313077926636, -0.14263108372688293, 0.929774820804596
761, 14, 0.4164806008338928, 0.3845868408679962, -0.13981758058071136, 0.896251380443573
761, 15, 0.46598783135414124, 0.5492043495178223, -0.18806889653205872, 0.9786391258239746
761, 16, 0.41077375411987305, 0.4517146348953247, -0.17289482057094574, 0.9818267822265625
761, 17, 0.4656296372413635, 0.5699004530906677, -0.2152305543422699, 0.9635974168777466
761, 18, 0.40197426080703735, 0.46074649691581726, -0.19840501248836517, 0.9689711332321167
761, 19, 0.46201977133750916, 0.5572800040245056, -0.2201242744922638, 0.9649872183799744
761, 20, 0.41078799962997437, 0.4719791114330292, -0.2106454074382782, 0.9715813398361206
761, 21, 0.46151694655418396, 0.5474539995193481, -0.19295640289783478, 0.941716194152832
761, 22, 0.41591399908065796, 0.4702335298061371, -0.17972926795482635, 0.958960771560669
761, 23, 0.4929468631744385, 0.37618958950042725, -0.006044785957783461, 0.994551956653595
761, 24, 0.4780220091342926, 0.3411914110183716, 0.005975786596536636, 0.9954131245613098
761, 25, 0.4620238244533539, 0.430799663066864, 0.08587586879730225, 0.11408068239688873
761, 26, 0.4505752623081207, 0.3841642737388611, 0.08061809092760086, 0.13250195980072021
761, 27, 0.47162747383117676, 0.4334021806716919, 0.2506178021430969, 0.1186494305729866
761, 28, 0.4684962332248688, 0.40299415588378906, 0.2506844699382782, 0.058810070157051086
761, 29, 0.474964439868927, 0.42973628640174866, 0.2676844000816345, 0.09227015823125839
761, 30, 0.47272929549217224, 0.40507155656814575, 0.2698495388031006, 0.054580140858888626
761, 31, 0.4639222025871277, 0.45005443692207336, 0.26371604204177856, 0.13037317991256714
761, 32, 0.466097891330719, 0.4156087636947632, 0.267804890871048, 0.07231708616018295
762, 0, 0.448245108127594, 0.4293003976345062, -0.19512014091014862, 0.9968833327293396
762, 1, 0.4517841935157776, 0.42658182978630066, -0.20347127318382263, 0.9963145852088928
762, 2, 0.4538156986236572, 0.4281962811946869, -0.2034589946269989, 0.9965022802352905
762, 3, 0.4558500647544861, 0.4298165738582611, -0.20345668494701385, 0.9949054718017578
762, 4, 0.44574683904647827, 0.4198670983314514, -0.20170626044273376, 0.9960067868232727
762, 5, 0.4437118172645569, 0.41717275977134705, -0.20178203284740448, 0.9970526695251465
762, 6, 0.4416593015193939, 0.41452059149742126, -0.20184513926506042, 0.9972801208496094
762, 7, 0.46147626638412476, 0.42344996333122253, -0.19281387329101562, 0.9904884099960327
762, 8, 0.4398215711116791, 0.39961957931518555, -0.18488159775733948, 0.9970111846923828
762, 9, 0.4527481198310852, 0.42946234345436096, -0.18573255836963654, 0.9937344193458557
762, 10, 0.44663530588150024, 0.42193254828453064, -0.1833854466676712, 0.9946056008338928
762, 11, 0.4828893542289734, 0.41800448298454285, -0.14202280342578888, 0.9798617362976074
762, 12, 0.4280823767185211, 0.3661389946937561, -0.1465139538049698, 0.9960442781448364
762, 13, 0.5006338953971863, 0.4656258523464203, -0.12319453060626984, 0.9559065699577332
762, 14, 0.40861397981643677, 0.3889401853084564, -0.1144905835390091, 0.8828853368759155
762, 15, 0.5128883719444275, 0.5182810425758362, -0.14377769827842712, 0.977940559387207
762, 16, 0.40382423996925354, 0.4413932263851166, -0.1049165278673172, 0.9595493674278259
762, 17, 0.5184468626976013, 0.53412926197052, -0.1617589145898819, 0.9680197834968567
762, 18, 0.3945285677909851, 0.4480822682380676, -0.11983178555965424, 0.9542579650878906
762, 19, 0.5120072364807129, 0.5281221866607666, -0.16364048421382904, 0.9682626128196716
762, 20, 0.4036478102207184, 0.4536827802658081, -0.12521162629127502, 0.9576164484024048
762, 21, 0.5089757442474365, 0.5218154191970825, -0.14605613052845, 0.9357362389564514
762, 22, 0.4094093441963196, 0.4526239037513733, -0.10712003707885742, 0.9322956800460815
762, 23, 0.4923616051673889, 0.3540571928024292, -0.005020088516175747, 0.9800949096679688
762, 24, 0.471895307302475, 0.3299110531806946, 0.004877856001257896, 0.9781694412231445
762, 25, 0.47135668992996216, 0.41165509819984436, 0.0909343883395195, 0.04141874611377716
762, 26, 0.44961509108543396, 0.3828139305114746, 0.08616945892572403, 0.07437185198068619
762, 27, 0.4772765040397644, 0.40914714336395264, 0.23902365565299988, 0.0783156231045723
762, 28, 0.46616917848587036, 0.38758331537246704, 0.2369411736726761, 0.04686937481164932
762, 29, 0.48000550270080566, 0.4046178460121155, 0.2550080716609955, 0.05736912041902542
762, 30, 0.47016388177871704, 0.3863910138607025, 0.2544669210910797, 0.042973145842552185
762, 31, 0.47086697816848755, 0.42973625659942627, 0.25920578837394714, 0.04779106751084328
762, 32, 0.4628537595272064, 0.3997495770454407, 0.2602424919605255, 0.03332343325018883
763, 0, 0.44810789823532104, 0.4260980486869812, -0.21424226462841034, 0.9952783584594727
763, 1, 0.4503041207790375, 0.4240420162677765, -0.21969695389270782, 0.9973817467689514
763, 2, 0.45166271924972534, 0.42529594898223877, -0.21967320144176483, 0.9971204996109009
763, 3, 0.45300164818763733, 0.4265204071998596, -0.2197059839963913, 0.9951483607292175
763, 4, 0.4463406205177307, 0.41930249333381653, -0.21909859776496887, 0.9978433847427368
763, 5, 0.4450612962245941, 0.4176037311553955, -0.21916040778160095, 0.998129665851593
763, 6, 0.4438011646270752, 0.4158949851989746, -0.21918459236621857, 0.9979561567306519
763, 7, 0.45739632844924927, 0.4244181215763092, -0.19676217436790466, 0.9961956739425659
763, 8, 0.4430156648159027, 0.4071420431137085, -0.194066122174263, 0.9990298748016357
763, 9, 0.45153361558914185, 0.4273264706134796, -0.20079338550567627, 0.9947576522827148
763, 10, 0.44736140966415405, 0.4227049648761749, -0.20021763443946838, 0.9967881441116333
763, 11, 0.4690999388694763, 0.4255237281322479, -0.13739483058452606, 0.9895066618919373
763, 12, 0.44096845388412476, 0.38985905051231384, -0.14354467391967773, 0.9953911304473877
763, 13, 0.4596711993217468, 0.4393291175365448, -0.08582010865211487, 0.4637638032436371
763, 14, 0.42332202196121216, 0.4101288318634033, -0.08706396073102951, 0.6327763795852661
763, 15, 0.4437326490879059, 0.44590866565704346, -0.0679156556725502, 0.3679494261741638
763, 16, 0.42013055086135864, 0.44299760460853577, -0.052218448370695114, 0.7674558758735657
763, 17, 0.4426805078983307, 0.4517609477043152, -0.07400023937225342, 0.36920949816703796
763, 18, 0.41702574491500854, 0.44794923067092896, -0.05899015814065933, 0.7353113889694214
763, 19, 0.44036760926246643, 0.4438402056694031, -0.08138904720544815, 0.3912455439567566
763, 20, 0.4227897524833679, 0.4487915337085724, -0.0622866153717041, 0.7456140518188477
763, 21, 0.4400961995124817, 0.4403019845485687, -0.07052936404943466, 0.33279111981391907
763, 22, 0.4252045154571533, 0.4475456774234772, -0.05268595740199089, 0.6959344744682312
763, 23, 0.48398685455322266, 0.3640561103820801, -0.005502772517502308, 0.9980719089508057
763, 24, 0.4717552065849304, 0.3465973138809204, 0.005472810938954353, 0.9987279772758484
763, 25, 0.47517699003219604, 0.41897955536842346, 0.08757340908050537, 0.4336676299571991
763, 26, 0.4629954397678375, 0.39115044474601746, 0.09058263897895813, 0.2020392119884491
763, 27, 0.4869762063026428, 0.406601220369339, 0.2177702933549881, 0.22322490811347961
763, 28, 0.4790601134300232, 0.3875831067562103, 0.21858374774456024, 0.15375390648841858
763, 29, 0.48947638273239136, 0.39963459968566895, 0.2324715554714203, 0.18299348652362823
763, 30, 0.4824562668800354, 0.3850187659263611, 0.2333252727985382, 0.08803299814462662
763, 31, 0.4865841865539551, 0.4218876361846924, 0.23730024695396423, 0.15571656823158264
763, 32, 0.47916537523269653, 0.39876362681388855, 0.23747515678405762, 0.09319780766963959
764, 0, 0.44726842641830444, 0.4276595711708069, -0.19452564418315887, 0.9881671071052551
764, 1, 0.45018330216407776, 0.4260454773902893, -0.20106986165046692, 0.9925357103347778
764, 2, 0.45168179273605347, 0.4277217984199524, -0.20104463398456573, 0.9918022751808167
764, 3, 0.4531620144844055, 0.42937079071998596, -0.20106232166290283, 0.9873649477958679
764, 4, 0.44584959745407104, 0.42020365595817566, -0.20040898025035858, 0.9941937327384949
764, 5, 0.4444374144077301, 0.41813963651657104, -0.20046457648277283, 0.9947441816329956
764, 6, 0.4430416226387024, 0.41605648398399353, -0.20049604773521423, 0.9945828318595886
764, 7, 0.4579874873161316, 0.4279262125492096, -0.18469716608524323, 0.9890796542167664
764, 8, 0.44236239790916443, 0.4069129228591919, -0.18144606053829193, 0.9968118071556091
764, 9, 0.4507509171962738, 0.429702490568161, -0.18350988626480103, 0.9872334003448486
764, 10, 0.44612306356430054, 0.4239042103290558, -0.18278014659881592, 0.9920259118080139
764, 11, 0.4698120951652527, 0.43271347880363464, -0.13125845789909363, 0.981654167175293
764, 12, 0.4403131604194641, 0.3864550292491913, -0.13451918959617615, 0.993654727935791
764, 13, 0.46018272638320923, 0.453204482793808, -0.08104454725980759, 0.3629545271396637
764, 14, 0.42487555742263794, 0.405838280916214, -0.08149651437997818, 0.7091814279556274
764, 15, 0.4444619119167328, 0.4595206677913666, -0.06825610995292664, 0.4536791741847992
764, 16, 0.42232227325439453, 0.4475807249546051, -0.05275332182645798, 0.8678892850875854
764, 17, 0.4436255097389221, 0.46570518612861633, -0.07635155320167542, 0.49544474482536316
764, 18, 0.41900625824928284, 0.4537433087825775, -0.060453642159700394, 0.8468887209892273
764, 19, 0.44144219160079956, 0.45699071884155273, -0.08359907567501068, 0.5383142232894897
764, 20, 0.42525333166122437, 0.45703423023223877, -0.06558351963758469, 0.8609316349029541
764, 21, 0.4411086142063141, 0.45333176851272583, -0.07110772281885147, 0.4639700949192047
764, 22, 0.42761048674583435, 0.45563143491744995, -0.05423408001661301, 0.8217672109603882
764, 23, 0.484337717294693, 0.36437925696372986, -0.0039525264874100685, 0.9956008195877075
764, 24, 0.47207432985305786, 0.34127432107925415, 0.003907890524715185, 0.9970675110816956
764, 25, 0.47265633940696716, 0.4083804786205292, 0.09126421809196472, 0.2223319113254547
764, 26, 0.4621869623661041, 0.3782765567302704, 0.09591501206159592, 0.10534548759460449
764, 27, 0.4796387553215027, 0.3977135419845581, 0.22599872946739197, 0.1156981810927391
764, 28, 0.4703389108181, 0.37726452946662903, 0.22831293940544128, 0.0830811932682991
764, 29, 0.48144522309303284, 0.3922960162162781, 0.24078062176704407, 0.10272878408432007
764, 30, 0.4725138247013092, 0.3769915699958801, 0.24345681071281433, 0.05849361792206764
764, 31, 0.4767729640007019, 0.40935564041137695, 0.24328069388866425, 0.08608520776033401
764, 32, 0.4686380922794342, 0.3853551149368286, 0.24692663550376892, 0.05177686735987663
765, 0, 0.45496195554733276, 0.44281595945358276, -0.21010343730449677, 0.9835277795791626
765, 1, 0.45777636766433716, 0.4376332461833954, -0.21863536536693573, 0.9766894578933716
765, 2, 0.4598141610622406, 0.438172310590744, -0.21863064169883728, 0.9772865772247314
765, 3, 0.46185794472694397, 0.4386879801750183, -0.21864695847034454, 0.9692667126655579
765, 4, 0.4514177441596985, 0.4338386654853821, -0.2161986529827118, 0.9788333773612976
765, 5, 0.44921523332595825, 0.4320742189884186, -0.21628037095069885, 0.9832143783569336
765, 6, 0.4469980299472809, 0.43033692240715027, -0.2163633406162262, 0.9860144853591919
765, 7, 0.46629419922828674, 0.4295225441455841, -0.2082386463880539, 0.9183886647224426
765, 8, 0.44356316328048706, 0.41614341735839844, -0.19659942388534546, 0.9756724238395691
765, 9, 0.459317684173584, 0.44126421213150024, -0.20047101378440857, 0.9460144639015198
765, 10, 0.4528021812438965, 0.4367991089820862, -0.19720378518104553, 0.9522970914840698
765, 11, 0.48787909746170044, 0.42031440138816833, -0.15721549093723297, 0.8836347460746765
765, 12, 0.4274197518825531, 0.39258894324302673, -0.15623116493225098, 0.9852468967437744
765, 13, 0.5140538215637207, 0.46262070536613464, -0.1426069587469101, 0.9148522615432739
765, 14, 0.40956154465675354, 0.4183400571346283, -0.13879096508026123, 0.8936347961425781
765, 15, 0.5316466689109802, 0.5176060199737549, -0.1706922948360443, 0.9621334671974182
765, 16, 0.4036158621311188, 0.469436377286911, -0.1552363932132721, 0.9693492650985718
765, 17, 0.5397142767906189, 0.532414436340332, -0.1910780668258667, 0.9500646591186523
765, 18, 0.3940962851047516, 0.4805898070335388, -0.1762438267469406, 0.9652669429779053
765, 19, 0.5320101380348206, 0.5315320491790771, -0.1945645660161972, 0.9490888118743896
765, 20, 0.4026857912540436, 0.48166799545288086, -0.18034140765666962, 0.9652637243270874
765, 21, 0.5280690789222717, 0.5256738066673279, -0.1736622452735901, 0.8921007513999939
765, 22, 0.4084322452545166, 0.4780125021934509, -0.1578429937362671, 0.9387701749801636
765, 23, 0.4893725514411926, 0.35792648792266846, -0.007013982627540827, 0.9017862677574158
765, 24, 0.46551603078842163, 0.3435346186161041, 0.006802515592426062, 0.903826892375946
765, 25, 0.4732571542263031, 0.4213046729564667, 0.091956727206707, 0.04907555878162384
765, 26, 0.4491233229637146, 0.3996551036834717, 0.09944826364517212, 0.07982147485017776
765, 27, 0.47682780027389526, 0.41722485423088074, 0.24788632988929749, 0.06625083088874817
765, 28, 0.45734676718711853, 0.3965792655944824, 0.2500842213630676, 0.036068663001060486
765, 29, 0.4790377616882324, 0.4117429554462433, 0.2647636830806732, 0.05457356199622154
765, 30, 0.4597086012363434, 0.3938726782798767, 0.26728683710098267, 0.03435835987329483
765, 31, 0.4721124768257141, 0.4405742287635803, 0.2657886743545532, 0.036013875156641006
765, 32, 0.45435768365859985, 0.40913090109825134, 0.2685692012310028, 0.02510511688888073
766, 0, 0.4492349624633789, 0.43811118602752686, -0.20896390080451965, 0.9700502157211304
766, 1, 0.45307034254074097, 0.43435850739479065, -0.2185131013393402, 0.9601663947105408
766, 2, 0.4554610848426819, 0.4356400668621063, -0.2185380756855011, 0.9679225087165833
766, 3, 0.45785897970199585, 0.4369158148765564, -0.2185656577348709, 0.9473587870597839
766, 4, 0.4460800588130951, 0.428182989358902, -0.21687515079975128, 0.9568336009979248
766, 5, 0.44386881589889526, 0.4255177080631256, -0.2169729471206665, 0.9725866913795471
766, 6, 0.4416133761405945, 0.4229312539100647, -0.21707645058631897, 0.9741120934486389
766, 7, 0.4643077850341797, 0.4290989637374878, -0.2122669517993927, 0.904521644115448
766, 8, 0.4398365020751953, 0.40746164321899414, -0.20482733845710754, 0.9699333310127258
766, 9, 0.45471057295799255, 0.4380384683609009, -0.20082707703113556, 0.9411466121673584
766, 10, 0.4476071894168854, 0.43085289001464844, -0.19877253472805023, 0.9457511305809021
766, 11, 0.489202082157135, 0.41893333196640015, -0.16196341812610626, 0.9367550015449524
766, 12, 0.4273884892463684, 0.3820231556892395, -0.16890378296375275, 0.9921008944511414
766, 13, 0.5242452621459961, 0.44391578435897827, -0.14675983786582947, 0.9444797039031982
766, 14, 0.40773358941078186, 0.39112088084220886, -0.15041543543338776, 0.9620116353034973
766, 15, 0.5476654171943665, 0.4885210394859314, -0.17827798426151276, 0.9783151149749756
766, 16, 0.400031715631485, 0.4498790204524994, -0.1659422516822815, 0.9902320504188538
766, 17, 0.5572394728660583, 0.5005651116371155, -0.19976362586021423, 0.9725226759910583
766, 18, 0.3893417716026306, 0.4639648497104645, -0.18780764937400818, 0.9899598360061646
766, 19, 0.5496367812156677, 0.4997003674507141, -0.20398417115211487, 0.9715934991836548
766, 20, 0.39785483479499817, 0.46798262000083923, -0.1929292380809784, 0.9901547431945801
766, 21, 0.5451948046684265, 0.49550747871398926, -0.18177270889282227, 0.9293811321258545
766, 22, 0.403561532497406, 0.4643782377243042, -0.16884060204029083, 0.9802443981170654
766, 23, 0.49120083451271057, 0.3570599853992462, -0.0051175388507544994, 0.9525961875915527
766, 24, 0.46722036600112915, 0.34044384956359863, 0.004952368326485157, 0.9562054872512817
766, 25, 0.47325119376182556, 0.41342467069625854, 0.10775449126958847, 0.03771955892443657
766, 26, 0.4483131468296051, 0.389350563287735, 0.1107698306441307, 0.09237489104270935
766, 27, 0.4769624173641205, 0.40657538175582886, 0.2797047197818756, 0.08321525901556015
766, 28, 0.4556749761104584, 0.3850279152393341, 0.275407999753952, 0.05117684602737427
766, 29, 0.47902125120162964, 0.4023537039756775, 0.2983081042766571, 0.0862669050693512
766, 30, 0.45764225721359253, 0.3830019235610962, 0.29427799582481384, 0.06129482761025429
766, 31, 0.47126778960227966, 0.42507344484329224, 0.2978040874004364, 0.03204873204231262
766, 32, 0.45145469903945923, 0.3937271535396576, 0.29432302713394165, 0.02415892481803894
767, 0, 0.4475122094154358, 0.42519792914390564, -0.2268349826335907, 0.9995738863945007
767, 1, 0.452739953994751, 0.41978898644447327, -0.22852575778961182, 0.9994807839393616
767, 2, 0.45457783341407776, 0.42129576206207275, -0.22853784263134003, 0.999470055103302
767, 3, 0.4564160406589508, 0.42271482944488525, -0.2285853922367096, 0.9991865754127502
767, 4, 0.4476546347141266, 0.41369500756263733, -0.22903618216514587, 0.9995417594909668
767, 5, 0.44623270630836487, 0.41135284304618835, -0.2290751039981842, 0.9995787739753723
767, 6, 0.4448043406009674, 0.4089975953102112, -0.2290990650653839, 0.9995530247688293
767, 7, 0.4629058241844177, 0.41947683691978455, -0.1951475292444229, 0.9985388517379761
767, 8, 0.4453185498714447, 0.3984854817390442, -0.19669079780578613, 0.9995319843292236
767, 9, 0.45126938819885254, 0.427907258272171, -0.20984816551208496, 0.9989609718322754
767, 10, 0.4458950459957123, 0.4218214750289917, -0.21038183569908142, 0.9991663694381714
767, 11, 0.47802144289016724, 0.43566957116127014, -0.14508765935897827, 0.9960052371025085
767, 12, 0.43743282556533813, 0.38320422172546387, -0.14957241714000702, 0.9985530972480774
767, 13, 0.4863111972808838, 0.48145949840545654, -0.1632903516292572, 0.966532289981842
767, 14, 0.4077873229980469, 0.4102594554424286, -0.1643686443567276, 0.9954977035522461
767, 15, 0.47040805220603943, 0.4789503216743469, -0.22040554881095886, 0.945622980594635
767, 16, 0.4086218476295471, 0.4534015357494354, -0.19207115471363068, 0.9884633421897888
767, 17, 0.46748417615890503, 0.4824966788291931, -0.2361866980791092, 0.8879052996635437
767, 18, 0.4057498574256897, 0.4651082456111908, -0.20702917873859406, 0.9605761766433716
767, 19, 0.4651545584201813, 0.4730483889579773, -0.23671767115592957, 0.8835332989692688
767, 20, 0.41272157430648804, 0.4626978039741516, -0.20664843916893005, 0.9528260231018066
767, 21, 0.4654015898704529, 0.47069039940834045, -0.22175076603889465, 0.7901868224143982
767, 22, 0.41456231474876404, 0.45989254117012024, -0.19233135879039764, 0.9271771907806396
767, 23, 0.4813705086708069, 0.37563270330429077, -0.002581673674285412, 0.9971877932548523
767, 24, 0.46342071890830994, 0.35224610567092896, 0.002476190449669957, 0.9984865188598633
767, 25, 0.4622245728969574, 0.41902783513069153, 0.08926942944526672, 0.055433426052331924
767, 26, 0.4437349736690521, 0.3974289894104004, 0.08774475753307343, 0.1291208416223526
767, 27, 0.46147674322128296, 0.41053491830825806, 0.21575148403644562, 0.06498344242572784
767, 28, 0.4524943232536316, 0.39215922355651855, 0.20941737294197083, 0.09825180470943451
767, 29, 0.46259456872940063, 0.4045688509941101, 0.22926175594329834, 0.12316947430372238
767, 30, 0.45562949776649475, 0.38957545161247253, 0.22290916740894318, 0.12095585465431213
767, 31, 0.4560331404209137, 0.41980183124542236, 0.2467823475599289, 0.0656634122133255
767, 32, 0.45148444175720215, 0.3983127474784851, 0.24001653492450714, 0.0899747982621193
768, 0, 0.4573787748813629, 0.43759629130363464, -0.21336165070533752, 0.9069423079490662
768, 1, 0.4616216719150543, 0.4320893883705139, -0.2159353494644165, 0.9107204675674438
768, 2, 0.46364831924438477, 0.43274667859077454, -0.21593257784843445, 0.8979690670967102
768, 3, 0.4656814634799957, 0.4333556294441223, -0.21598000824451447, 0.8894972205162048
768, 4, 0.45580172538757324, 0.4283512234687805, -0.2161952555179596, 0.9334043860435486
768, 5, 0.45392361283302307, 0.4266970753669739, -0.21623928844928741, 0.9298145174980164
768, 6, 0.4520479142665863, 0.4250461459159851, -0.21628642082214355, 0.9354637861251831
768, 7, 0.47159233689308167, 0.42425811290740967, -0.1861640363931656, 0.7312363386154175
768, 8, 0.45029860734939575, 0.4109933078289032, -0.18674811720848083, 0.8801851272583008
768, 9, 0.46112173795700073, 0.43562155961990356, -0.19777685403823853, 0.8354165554046631
768, 10, 0.45510369539260864, 0.4320012032985687, -0.19798123836517334, 0.8600720763206482
768, 11, 0.48887234926223755, 0.42467817664146423, -0.13729767501354218, 0.9216180443763733
768, 12, 0.43427735567092896, 0.38555604219436646, -0.14024244248867035, 0.9799178242683411
768, 13, 0.4916343092918396, 0.464901864528656, -0.1261427402496338, 0.6191793084144592
768, 14, 0.4080825746059418, 0.42704322934150696, -0.13053631782531738, 0.9414429664611816
768, 15, 0.4826337695121765, 0.4795435667037964, -0.1535862237215042, 0.6328660845756531
768, 16, 0.41128379106521606, 0.4735807180404663, -0.14949141442775726, 0.9400390982627869
768, 17, 0.4845545291900635, 0.4853318929672241, -0.16901831328868866, 0.5254635810852051
768, 18, 0.40842002630233765, 0.48474234342575073, -0.16731993854045868, 0.9015493392944336
768, 19, 0.47933682799339294, 0.4778038561344147, -0.17316830158233643, 0.5379810929298401
768, 20, 0.41693273186683655, 0.4821588397026062, -0.17062444984912872, 0.9027840495109558
768, 21, 0.47730571031570435, 0.4737175703048706, -0.15614566206932068, 0.46192529797554016
768, 22, 0.4198901653289795, 0.4786049723625183, -0.15159986913204193, 0.862423300743103
768, 23, 0.48689642548561096, 0.3529545068740845, -0.004147455561906099, 0.953977108001709
768, 24, 0.4629588723182678, 0.33337104320526123, 0.003965925425291061, 0.9789283275604248
768, 25, 0.475985586643219, 0.41458362340927124, 0.10343949496746063, 0.020158221945166588
768, 26, 0.45190638303756714, 0.38816314935684204, 0.10341890901327133, 0.035479191690683365
768, 27, 0.47843971848487854, 0.4151456952095032, 0.2544693052768707, 0.033715445548295975
768, 28, 0.45811834931373596, 0.3884783387184143, 0.2511880099773407, 0.04239461570978165
768, 29, 0.4797912538051605, 0.4112869203090668, 0.2705661356449127, 0.0391516387462616
768, 30, 0.45967286825180054, 0.3876045346260071, 0.26745280623435974, 0.041155796498060226
768, 31, 0.47473612427711487, 0.4284616708755493, 0.27616608142852783, 0.041641101241111755
768, 32, 0.4574740529060364, 0.3957459628582001, 0.27193233370780945, 0.03709791228175163
769, 0, 0.4594649374485016, 0.42737361788749695, -0.20935578644275665, 0.9969478249549866
769, 1, 0.4616837501525879, 0.4252852499485016, -0.21725454926490784, 0.9980789422988892
769, 2, 0.46281948685646057, 0.4257124960422516, -0.217241570353508, 0.9978944659233093
769, 3, 0.46395349502563477, 0.42611163854599, -0.2172739952802658, 0.9973830580711365
769, 4, 0.4584973454475403, 0.4240304231643677, -0.2180786430835724, 0.9985442161560059
769, 5, 0.4573397636413574, 0.42348891496658325, -0.21815164387226105, 0.998634397983551
769, 6, 0.45618119835853577, 0.4229429364204407, -0.21819159388542175, 0.9987432360649109
769, 7, 0.46623268723487854, 0.4245993196964264, -0.20376817882061005, 0.9980599284172058
769, 8, 0.45500391721725464, 0.419478178024292, -0.2082097977399826, 0.999321699142456
769, 9, 0.4612445831298828, 0.4269779622554779, -0.19860193133354187, 0.9983664155006409
769, 10, 0.4573984146118164, 0.425447940826416, -0.20003218948841095, 0.9988001585006714
769, 11, 0.46993356943130493, 0.4271661639213562, -0.14460697770118713, 0.9980954527854919
769, 12, 0.45108652114868164, 0.41269081830978394, -0.1565016657114029, 0.9991426467895508
769, 13, 0.46315616369247437, 0.443196177482605, -0.08777403831481934, 0.5168247222900391
769, 14, 0.45359379053115845, 0.44254863262176514, -0.09890110790729523, 0.8834328055381775
769, 15, 0.4629541337490082, 0.45886722207069397, -0.08293623477220535, 0.4144822955131531
769, 16, 0.4623491168022156, 0.4736357033252716, -0.07344170659780502, 0.8898642659187317
769, 17, 0.46570563316345215, 0.4638464152812958, -0.0930376946926117, 0.3570457994937897
769, 18, 0.4624318480491638, 0.48190274834632874, -0.0824650228023529, 0.8390527963638306
769, 19, 0.4638078808784485, 0.4610222578048706, -0.10037414729595184, 0.37566518783569336
769, 20, 0.4660300314426422, 0.477885365486145, -0.09055618196725845, 0.8548086285591125
769, 21, 0.46218937635421753, 0.45844829082489014, -0.08596082776784897, 0.28928276896476746
769, 22, 0.46633821725845337, 0.4743235409259796, -0.07619073987007141, 0.8217136263847351
769, 23, 0.4711783528327942, 0.37908607721328735, 0.0008647525683045387, 0.9989879727363586
769, 24, 0.46273770928382874, 0.3702993094921112, -0.0007836123113520443, 0.9993767142295837
769, 25, 0.4668683111667633, 0.42725515365600586, 0.10012791305780411, 0.06264364719390869
769, 26, 0.45297759771347046, 0.42316529154777527, 0.09249868988990784, 0.051791828125715256
769, 27, 0.47464418411254883, 0.4229554533958435, 0.24587400257587433, 0.06939742714166641
769, 28, 0.4629947245121002, 0.4182683825492859, 0.24052724242210388, 0.03413273021578789
769, 29, 0.4763970375061035, 0.41949591040611267, 0.26151564717292786, 0.0642935112118721
769, 30, 0.46442002058029175, 0.41542407870292664, 0.25635403394699097, 0.032448627054691315
769, 31, 0.4728979170322418, 0.43590638041496277, 0.255528062582016, 0.05666838213801384
769, 32, 0.4629878103733063, 0.4280087351799011, 0.2507801949977875, 0.027244821190834045
770, 0, 0.46613091230392456, 0.4342140257358551, -0.05666372925043106, 0.9806463718414307
770, 1, 0.46821698546409607, 0.42865097522735596, -0.05817859247326851, 0.9901695847511292
770, 2, 0.4689229130744934, 0.427865594625473, -0.05821800231933594, 0.9886950850486755
770, 3, 0.46963781118392944, 0.42705678939819336, -0.05829237774014473, 0.9906172156333923
770, 4, 0.46609362959861755, 0.4291234016418457, -0.05916643887758255, 0.9904860854148865
770, 5, 0.46538257598876953, 0.4286321997642517, -0.05916526913642883, 0.9896473288536072
770, 6, 0.46465739607810974, 0.4281046688556671, -0.059162430465221405, 0.9916766881942749
770, 7, 0.47054237127304077, 0.41913101077079773, -0.042855117470026016, 0.988338828086853
770, 8, 0.4631630480289459, 0.4199117124080658, -0.047665372490882874, 0.9899818301200867
770, 9, 0.46635380387306213, 0.43099451065063477, -0.048322033137083054, 0.987147867679596
770, 10, 0.4638865888118744, 0.43128305673599243, -0.049805499613285065, 0.9890292882919312
770, 11, 0.4699738919734955, 0.4157620668411255, -0.020787648856639862, 0.9962087869644165
770, 12, 0.45541912317276, 0.41266751289367676, -0.030947893857955933, 0.9984429478645325
770, 13, 0.4570696949958801, 0.4332856833934784, -0.013513751327991486, 0.15446458756923676
770, 14, 0.4419735074043274, 0.44313353300094604, -0.003319504903629422, 0.4328717291355133
770, 15, 0.45843759179115295, 0.4605308473110199, -0.03036481700837612, 0.12738242745399475
770, 16, 0.4350489675998688, 0.4789251983165741, 0.0073262834921479225, 0.5579116344451904
770, 17, 0.4624776244163513, 0.47006669640541077, -0.039674196392297745, 0.10119392722845078
770, 18, 0.43150433897972107, 0.4916223883628845, -0.0007787961512804031, 0.46097204089164734
770, 19, 0.45950931310653687, 0.47241705656051636, -0.04227383807301521, 0.11104486137628555
770, 20, 0.43591052293777466, 0.49204111099243164, -0.003692829515784979, 0.4812415540218353
770, 21, 0.4575292468070984, 0.4674026370048523, -0.03187831863760948, 0.09118489176034927
770, 22, 0.43705087900161743, 0.4878646731376648, 0.006177167408168316, 0.4361109137535095
770, 23, 0.4677759110927582, 0.39192885160446167, 0.003735360922291875, 0.9999526739120483
770, 24, 0.46307438611984253, 0.38587450981140137, -0.003760604653507471, 0.9999688863754272
770, 25, 0.46649521589279175, 0.45125341415405273, 0.05277325585484505, 0.3064996898174286
770, 26, 0.4663723409175873, 0.4506493806838989, 0.05383272096514702, 0.7990810871124268
770, 27, 0.4512089788913727, 0.4507862627506256, 0.1360393762588501, 0.07542989403009415
770, 28, 0.4621902108192444, 0.4468628466129303, 0.1277397871017456, 0.3698900043964386
770, 29, 0.44881096482276917, 0.4417773485183716, 0.14671580493450165, 0.12602455914020538
770, 30, 0.4620071351528168, 0.43587201833724976, 0.13695621490478516, 0.25489968061447144
770, 31, 0.44671303033828735, 0.471185564994812, 0.14690279960632324, 0.1715853214263916
770, 32, 0.45660653710365295, 0.4693705141544342, 0.13725164532661438, 0.4171963036060333
771, 0, 0.4621032774448395, 0.4453670382499695, -0.18755075335502625, 0.9993595480918884
771, 1, 0.46472087502479553, 0.4448094964027405, -0.19110406935214996, 0.9997032284736633
771, 2, 0.4654102921485901, 0.4449186623096466, -0.1911218762397766, 0.9996144771575928
771, 3, 0.4661308228969574, 0.4449846148490906, -0.19115597009658813, 0.9998095631599426
771, 4, 0.4629310965538025, 0.4435836672782898, -0.19507962465286255, 0.9997346997261047
771, 5, 0.46246519684791565, 0.4426710903644562, -0.19513338804244995, 0.9995654225349426
771, 6, 0.4619651734828949, 0.44174766540527344, -0.1951475888490677, 0.9996603727340698
771, 7, 0.46755051612854004, 0.4394596815109253, -0.1750185340642929, 0.9996108412742615
771, 8, 0.4614480435848236, 0.4345204532146454, -0.19302918016910553, 0.9997634291648865
771, 9, 0.46205663681030273, 0.4423181414604187, -0.17749141156673431, 0.999821126461029
771, 10, 0.46004825830459595, 0.44027450680732727, -0.18261127173900604, 0.9998015761375427
771, 11, 0.46823424100875854, 0.4300823509693146, -0.1229124441742897, 0.9998206496238708
771, 12, 0.4515437185764313, 0.4227175712585449, -0.14722339808940887, 0.9997590184211731
771, 13, 0.4505555033683777, 0.4462021589279175, -0.10555925220251083, 0.45958489179611206
771, 14, 0.4456424117088318, 0.4299711585044861, -0.09160123765468597, 0.7227252125740051
771, 15, 0.433805376291275, 0.4758680462837219, -0.12653158605098724, 0.5063399076461792
771, 16, 0.4438043236732483, 0.4448460340499878, -0.06223709508776665, 0.7950156927108765
771, 17, 0.4313015937805176, 0.48811161518096924, -0.14057590067386627, 0.5127174854278564
771, 18, 0.44120222330093384, 0.44888895750045776, -0.0724199041724205, 0.709469199180603
771, 19, 0.43000707030296326, 0.4871461093425751, -0.15173964202404022, 0.5195752382278442
771, 20, 0.4434417188167572, 0.4505704343318939, -0.07878723740577698, 0.6892966032028198
771, 21, 0.4301271438598633, 0.4815416932106018, -0.13278795778751373, 0.48463132977485657
771, 22, 0.4442724585533142, 0.4484521746635437, -0.06469004601240158, 0.6768505573272705
771, 23, 0.4765114188194275, 0.3861449360847473, 0.005782786291092634, 0.999955415725708
771, 24, 0.46502289175987244, 0.3827652931213379, -0.0056482115760445595, 0.9999336004257202
771, 25, 0.49736732244491577, 0.44663166999816895, 0.012808592990040779, 0.3879290223121643
771, 26, 0.4764341413974762, 0.43672293424606323, -0.005986904725432396, 0.5363756418228149
771, 27, 0.4992449879646301, 0.49719175696372986, 0.06939660757780075, 0.7709015011787415
771, 28, 0.48192930221557617, 0.48549529910087585, 0.06120256334543228, 0.4989224672317505
771, 29, 0.5003747344017029, 0.4987293779850006, 0.07427740842103958, 0.6527373194694519
771, 30, 0.4838961958885193, 0.4844116270542145, 0.06684911996126175, 0.37006551027297974
771, 31, 0.49621161818504333, 0.533329963684082, 0.032756365835666656, 0.7710707783699036
771, 32, 0.4805019497871399, 0.5201079249382019, 0.030499061569571495, 0.49510735273361206
772, 0, 0.4715133309364319, 0.43513214588165283, -0.17662206292152405, 0.9996820688247681
772, 1, 0.47693926095962524, 0.4332219958305359, -0.18783989548683167, 0.9996296167373657
772, 2, 0.4791964888572693, 0.43279629945755005, -0.18782933056354523, 0.9996471405029297
772, 3, 0.4814521372318268, 0.4323298931121826, -0.18787506222724915, 0.9995800852775574
772, 4, 0.4698809087276459, 0.432966411113739, -0.18642038106918335, 0.999581515789032
772, 5, 0.4676882326602936, 0.43247321248054504, -0.18645024299621582, 0.9995489716529846
772, 6, 0.4654788076877594, 0.4319626986980438, -0.1864725649356842, 0.9995623230934143
772, 7, 0.4865211844444275, 0.42116257548332214, -0.1946885585784912, 0.9992462396621704
772, 8, 0.46099478006362915, 0.4192337989807129, -0.1883951872587204, 0.9991129040718079
772, 9, 0.47371548414230347, 0.4290282726287842, -0.173538476228714, 0.999384880065918
772, 10, 0.46679049730300903, 0.4283601939678192, -0.17191892862319946, 0.9994623064994812
772, 11, 0.4998090863227844, 0.39504343271255493, -0.15535782277584076, 0.9945821166038513
772, 12, 0.4358184337615967, 0.39788949489593506, -0.14833132922649384, 0.9991381168365479
772, 13, 0.5355998277664185, 0.40679773688316345, -0.11179594695568085, 0.947337806224823
772, 14, 0.4087011218070984, 0.44206756353378296, -0.12103207409381866, 0.9888363480567932
772, 15, 0.5472383499145508, 0.4456239342689514, -0.08696146309375763, 0.9320297837257385
772, 16, 0.3906514048576355, 0.5118716359138489, -0.13195069134235382, 0.9953450560569763
772, 17, 0.5570855736732483, 0.45118531584739685, -0.09651800245046616, 0.8915185332298279
772, 18, 0.3815786838531494, 0.526239812374115, -0.15050111711025238, 0.9919750094413757
772, 19, 0.5488190650939941, 0.4540274441242218, -0.10412396490573883, 0.891147255897522
772, 20, 0.3883993625640869, 0.5285047888755798, -0.15116536617279053, 0.9922807812690735
772, 21, 0.5434325337409973, 0.45124351978302, -0.0889454036951065, 0.8403800129890442
772, 22, 0.39305728673934937, 0.5227948427200317, -0.1330827921628952, 0.9870133996009827
772, 23, 0.48188358545303345, 0.3549290895462036, -0.002881597960367799, 0.9978803396224976
772, 24, 0.4558817744255066, 0.3470808267593384, 0.0028205211274325848, 0.9985209107398987
772, 25, 0.4644204080104828, 0.43209293484687805, 0.09027551859617233, 0.16187839210033417
772, 26, 0.4397718012332916, 0.4199103116989136, 0.10836084187030792, 0.16756004095077515
772, 27, 0.45172709226608276, 0.46269720792770386, 0.235610693693161, 0.1531953662633896
772, 28, 0.436340868473053, 0.4558694064617157, 0.2635328471660614, 0.0940389409661293
772, 29, 0.44945091009140015, 0.46257537603378296, 0.2518834173679352, 0.12864965200424194
772, 30, 0.4358699917793274, 0.45867761969566345, 0.2798704504966736, 0.07329128682613373
772, 31, 0.44889408349990845, 0.4859611392021179, 0.24450328946113586, 0.1684383898973465
772, 32, 0.435279905796051, 0.4763546288013458, 0.26988685131073, 0.0914255827665329
773, 0, 0.46208715438842773, 0.41308292746543884, -0.2320597618818283, 0.999698281288147
773, 1, 0.46145209670066833, 0.4152448773384094, -0.23682144284248352, 0.9998601675033569
773, 2, 0.46108371019363403, 0.41555577516555786, -0.23683646321296692, 0.9997962117195129
773, 3, 0.4607202112674713, 0.41584527492523193, -0.2369500696659088, 0.9997952580451965
773, 4, 0.46296244859695435, 0.414732962846756, -0.23593756556510925, 0.9998761415481567
773, 5, 0.46342068910598755, 0.41447150707244873, -0.23597797751426697, 0.9998047947883606
773, 6, 0.46387261152267456, 0.4141708016395569, -0.23600640892982483, 0.9998182654380798
773, 7, 0.45988234877586365, 0.41716986894607544, -0.21244561672210693, 0.9998905658721924
773, 8, 0.46523481607437134, 0.4148748219013214, -0.20795027911663055, 0.9999440908432007
773, 9, 0.4617202877998352, 0.4119696617126465, -0.2176695168018341, 0.9998791217803955
773, 10, 0.46274933218955994, 0.41074785590171814, -0.2165900021791458, 0.9999067783355713
773, 11, 0.4566453993320465, 0.421756774187088, -0.1496393382549286, 0.9999327659606934
773, 12, 0.4718942642211914, 0.41324669122695923, -0.14363133907318115, 0.9999431371688843
773, 13, 0.4368511140346527, 0.43522560596466064, -0.11275677382946014, 0.6811255812644958
773, 14, 0.4806446135044098, 0.4283077120780945, -0.09045899659395218, 0.5585202574729919
773, 15, 0.43788808584213257, 0.46599143743515015, -0.09383830428123474, 0.45468977093696594
773, 16, 0.4704785943031311, 0.4397841989994049, -0.06093808263540268, 0.39484646916389465
773, 17, 0.4380362629890442, 0.47721976041793823, -0.09938312321901321, 0.3101743459701538
773, 18, 0.4671172499656677, 0.4444737732410431, -0.06362650543451309, 0.22437135875225067
773, 19, 0.4395731985569, 0.4768010079860687, -0.10073399543762207, 0.28098875284194946
773, 20, 0.46626418828964233, 0.44553372263908386, -0.0684598758816719, 0.22301709651947021
773, 21, 0.43994253873825073, 0.47275540232658386, -0.09355079382658005, 0.2102280706167221
773, 22, 0.46659335494041443, 0.44444578886032104, -0.06161408871412277, 0.23844879865646362
773, 23, 0.4645227789878845, 0.3962704837322235, 0.00030335126211866736, 0.9999549388885498
773, 24, 0.4729904234409332, 0.39248955249786377, -9.323091217083856e-05, 0.9999470710754395
773, 25, 0.43897199630737305, 0.43625256419181824, 0.04796135425567627, 0.3689117133617401
773, 26, 0.4493909478187561, 0.4402146339416504, 0.06579779833555222, 0.14929504692554474
773, 27, 0.42451533675193787, 0.46031850576400757, 0.1547103077173233, 0.19764280319213867
773, 28, 0.4374842047691345, 0.4549735486507416, 0.187201589345932, 0.13181129097938538
773, 29, 0.4257300794124603, 0.46107757091522217, 0.16646352410316467, 0.29267457127571106
773, 30, 0.436040461063385, 0.4525284767150879, 0.20006291568279266, 0.11124962568283081
773, 31, 0.41333526372909546, 0.47268739342689514, 0.15261901915073395, 0.4850180447101593
773, 32, 0.4313651919364929, 0.4689319133758545, 0.1836547553539276, 0.27047398686408997
774, 0, 0.4717767834663391, 0.4234318733215332, -0.25106415152549744, 0.9823336601257324
774, 1, 0.46707430481910706, 0.4242449402809143, -0.25626271963119507, 0.9817380309104919
774, 2, 0.4656626284122467, 0.4230217933654785, -0.2562532424926758, 0.9763768315315247
774, 3, 0.4642673432826996, 0.4217611849308014, -0.25630566477775574, 0.9757827520370483
774, 4, 0.47054797410964966, 0.42890456318855286, -0.25414544343948364, 0.9857425689697266
774, 5, 0.471365749835968, 0.4306962788105011, -0.25418925285339355, 0.9814643263816833
774, 6, 0.4721875786781311, 0.4324527680873871, -0.2542349100112915, 0.9849520325660706
774, 7, 0.4578891694545746, 0.42288997769355774, -0.23459891974925995, 0.9861931204795837
774, 8, 0.46994295716285706, 0.4393547773361206, -0.22542378306388855, 0.9953436255455017
774, 9, 0.4691656231880188, 0.42135924100875854, -0.2382543385028839, 0.9939153790473938
774, 10, 0.47246426343917847, 0.42567646503448486, -0.23569878935813904, 0.9971922039985657
774, 11, 0.44606322050094604, 0.41199612617492676, -0.18464387953281403, 0.9992234706878662
774, 12, 0.47704988718032837, 0.45443427562713623, -0.17723509669303894, 0.9997023940086365
774, 13, 0.4545910954475403, 0.37128588557243347, -0.16358429193496704, 0.9051007032394409
774, 14, 0.4978792071342468, 0.44627347588539124, -0.16519437730312347, 0.9858603477478027
774, 15, 0.4750243127346039, 0.3596016466617584, -0.1640108823776245, 0.7202991247177124
774, 16, 0.5044600963592529, 0.4007905423641205, -0.17625628411769867, 0.9366843700408936
774, 17, 0.47802162170410156, 0.35521477460861206, -0.17763732373714447, 0.4978371560573578
774, 18, 0.5094276666641235, 0.39173179864883423, -0.19144472479820251, 0.8058189749717712
774, 19, 0.48069247603416443, 0.3623741567134857, -0.1801104098558426, 0.49068331718444824
774, 20, 0.5040555000305176, 0.385297954082489, -0.1943848729133606, 0.8060353994369507
774, 21, 0.48033928871154785, 0.36465808749198914, -0.1649986207485199, 0.3841441571712494
774, 22, 0.5023048520088196, 0.38664719462394714, -0.17803730070590973, 0.7501270771026611
774, 23, 0.45863717794418335, 0.4014355540275574, 7.16325575922383e-06, 0.9978736639022827
774, 24, 0.4762772023677826, 0.4231613278388977, 1.7449612641939893e-05, 0.9983305335044861
774, 25, 0.45616117119789124, 0.37905359268188477, 0.08285222947597504, 0.17592398822307587
774, 26, 0.48862701654434204, 0.4167431592941284, 0.08686801046133041, 0.14475443959236145
774, 27, 0.4655504822731018, 0.3887339234352112, 0.2272128164768219, 0.04030175134539604
774, 28, 0.4922054708003998, 0.4078671634197235, 0.22095732390880585, 0.04404590651392937
774, 29, 0.46617117524147034, 0.39438551664352417, 0.2422400414943695, 0.03471551090478897
774, 30, 0.49094563722610474, 0.40853962302207947, 0.23500724136829376, 0.027819864451885223
774, 31, 0.47196826338768005, 0.3756866157054901, 0.22847585380077362, 0.06636661291122437
774, 32, 0.49828505516052246, 0.3941098153591156, 0.21845953166484833, 0.06829273700714111
775, 0, 0.46383267641067505, 0.42209315299987793, -0.18358337879180908, 0.9998621940612793
775, 1, 0.46204090118408203, 0.425690621137619, -0.19312502443790436, 0.9996938705444336
775, 2, 0.4609953761100769, 0.42543864250183105, -0.19311657547950745, 0.9997484087944031
775, 3, 0.45994240045547485, 0.42512762546539307, -0.193211168050766, 0.9994851350784302
775, 4, 0.46480244398117065, 0.4274247884750366, -0.19002415239810944, 0.9996691942214966
775, 5, 0.46545037627220154, 0.4280279278755188, -0.1900475174188614, 0.9996755123138428
775, 6, 0.46609601378440857, 0.42858344316482544, -0.1900610625743866, 0.9993701577186584
775, 7, 0.4559781551361084, 0.4274550676345825, -0.19546644389629364, 0.999846339225769
775, 8, 0.46673449873924255, 0.4324408173561096, -0.18039892613887787, 0.9999643564224243
775, 9, 0.4622144103050232, 0.41971760988235474, -0.1790706068277359, 0.9999182224273682
775, 10, 0.4644857347011566, 0.42049410939216614, -0.17481260001659393, 0.9999499320983887
775, 11, 0.44149455428123474, 0.41944727301597595, -0.15396903455257416, 0.9999977350234985
775, 12, 0.47793999314308167, 0.4382759630680084, -0.13576103746891022, 0.9999982118606567
775, 13, 0.4206527769565582, 0.4164881110191345, -0.1450210064649582, 0.780022144317627
775, 14, 0.5051670670509338, 0.4433598518371582, -0.09638004750013351, 0.36254382133483887
775, 15, 0.4103337228298187, 0.4387568235397339, -0.14190274477005005, 0.6615049839019775
775, 16, 0.502055287361145, 0.4087023138999939, -0.06503663957118988, 0.18942353129386902
775, 17, 0.4069899022579193, 0.4476953148841858, -0.14717482030391693, 0.5780388116836548
775, 18, 0.5034624338150024, 0.39935004711151123, -0.06134765222668648, 0.12408832460641861
775, 19, 0.4090197682380676, 0.4505707919597626, -0.15100660920143127, 0.5806776881217957
775, 20, 0.49834465980529785, 0.3984546363353729, -0.06800365447998047, 0.12566760182380676
775, 21, 0.41146546602249146, 0.44518882036209106, -0.14306674897670746, 0.5576380491256714
775, 22, 0.49667444825172424, 0.40067243576049805, -0.06596562266349792, 0.16387110948562622
775, 23, 0.46009254455566406, 0.38183462619781494, -0.006890611257404089, 0.9999948740005493
775, 24, 0.4781150221824646, 0.39357373118400574, 0.006951175630092621, 0.9999983310699463
775, 25, 0.46715253591537476, 0.4192902743816376, 0.04309476166963577, 0.4803151488304138
775, 26, 0.4907883107662201, 0.44195854663848877, 0.03944738954305649, 0.300473153591156
775, 27, 0.45319533348083496, 0.49417245388031006, 0.13008563220500946, 0.2312338650226593
775, 28, 0.5006722807884216, 0.5030462741851807, 0.06906620413064957, 0.4509925842285156
775, 29, 0.45265811681747437, 0.5031833648681641, 0.1403149962425232, 0.2496914267539978
775, 30, 0.5013171434402466, 0.5067277550697327, 0.07158881425857544, 0.2896266281604767
775, 31, 0.44646328687667847, 0.5212979316711426, 0.13120707869529724, 0.4593079686164856
775, 32, 0.503014087677002, 0.5315335988998413, 0.04615548253059387, 0.526466965675354
776, 0, 0.47866782546043396, 0.410921186208725, -0.13360700011253357, 0.9576377868652344
776, 1, 0.48054033517837524, 0.41566717624664307, -0.13209784030914307, 0.9847649335861206
776, 2, 0.4802149832248688, 0.41670599579811096, -0.13210836052894592, 0.9761493802070618
776, 3, 0.4798784852027893, 0.41773080825805664, -0.13216647505760193, 0.9795856475830078
776, 4, 0.4821295142173767, 0.4122281074523926, -0.13684703409671783, 0.9815487265586853
776, 5, 0.48292702436447144, 0.41092753410339355, -0.13690127432346344, 0.9757822751998901
776, 6, 0.48370957374572754, 0.40965160727500916, -0.13695292174816132, 0.9855651259422302
776, 7, 0.4817977845668793, 0.41684800386428833, -0.1058550700545311, 0.9923022985458374
776, 8, 0.4871143400669098, 0.4046119153499603, -0.12769180536270142, 0.990691602230072
776, 9, 0.47753462195396423, 0.40834400057792664, -0.12149767577648163, 0.9918147921562195
776, 10, 0.479358434677124, 0.40460315346717834, -0.12801145017147064, 0.9941359758377075
776, 11, 0.4743700921535492, 0.4096057415008545, -0.07145768404006958, 0.9949917197227478
776, 12, 0.4852767586708069, 0.3797498345375061, -0.10653388500213623, 0.9987143278121948
776, 13, 0.45119771361351013, 0.41223910450935364, -0.04244238883256912, 0.3002905249595642
776, 14, 0.46835756301879883, 0.3620918393135071, -0.09331735223531723, 0.4675653278827667
776, 15, 0.44109708070755005, 0.39334461092948914, -0.02376932092010975, 0.063143290579319
776, 16, 0.458047091960907, 0.370925635099411, -0.07880976051092148, 0.3731330335140228
776, 17, 0.4366578459739685, 0.3869117796421051, -0.02496318891644478, 0.0509796068072319
776, 18, 0.45450615882873535, 0.37140265107154846, -0.08326131850481033, 0.34641939401626587
776, 19, 0.4401853084564209, 0.3847198784351349, -0.029655447229743004, 0.05065347999334335
776, 20, 0.4562523365020752, 0.37690603733062744, -0.08839075267314911, 0.36593323945999146
776, 21, 0.44211912155151367, 0.38631781935691833, -0.024992939084768295, 0.051646072417497635
776, 22, 0.4575272500514984, 0.37737706303596497, -0.07999932020902634, 0.37526553869247437
776, 23, 0.4490852355957031, 0.3796122968196869, 0.005569232627749443, 0.9945831894874573
776, 24, 0.4516257643699646, 0.36515289545059204, -0.005449457559734583, 0.9941644072532654
776, 25, 0.43642276525497437, 0.40831437706947327, -0.016529159620404243, 0.7541170716285706
776, 26, 0.4416593909263611, 0.41055455803871155, -0.032526638358831406, 0.42114371061325073
776, 27, 0.41282159090042114, 0.43534350395202637, 0.001389198238030076, 0.6927540898323059
776, 28, 0.4152386784553528, 0.4366263449192047, -0.00046195750473998487, 0.6395811438560486
776, 29, 0.40927308797836304, 0.43534034490585327, 0.0025832275860011578, 0.7163161635398865
776, 30, 0.41041213274002075, 0.43718937039375305, 0.0029056931380182505, 0.4826219081878662
776, 31, 0.406945139169693, 0.44624000787734985, -0.022086311131715775, 0.6668843626976013
776, 32, 0.41070491075515747, 0.4499503970146179, -0.0207835640758276, 0.5501360893249512
777, 0, 0.44988909363746643, 0.43487927317619324, -0.1891711950302124, 0.9993342757225037
777, 1, 0.451956182718277, 0.4333578646183014, -0.19427470862865448, 0.9996273517608643
777, 2, 0.4526931345462799, 0.4336584806442261, -0.19425109028816223, 0.9994733929634094
777, 3, 0.4534474015235901, 0.4339464008808136, -0.19424939155578613, 0.9994988441467285
777, 4, 0.4498156011104584, 0.4308091998100281, -0.19441205263137817, 0.9996836185455322
777, 5, 0.44917160272598267, 0.42949870228767395, -0.19446417689323425, 0.9996089339256287
777, 6, 0.4485251307487488, 0.4281715750694275, -0.19449689984321594, 0.9996945858001709
777, 7, 0.4553298056125641, 0.4275466203689575, -0.17889264225959778, 0.9990929365158081
777, 8, 0.44737595319747925, 0.41860517859458923, -0.18013396859169006, 0.9998018145561218
777, 9, 0.4506135582923889, 0.4322564899921417, -0.17954346537590027, 0.9997795224189758
777, 10, 0.4483655095100403, 0.4289950132369995, -0.17990650236606598, 0.9998754262924194
777, 11, 0.4582799971103668, 0.4211159944534302, -0.12143515050411224, 0.9991412162780762
777, 12, 0.4441700577735901, 0.40035468339920044, -0.13754479587078094, 0.9998781681060791
777, 13, 0.45827800035476685, 0.4396907687187195, -0.08061806112527847, 0.35311996936798096
777, 14, 0.4453705847263336, 0.42477333545684814, -0.09652205556631088, 0.9525001645088196
777, 15, 0.45382270216941833, 0.4612228274345398, -0.07734298706054688, 0.4959450364112854
777, 16, 0.44805988669395447, 0.4519936144351959, -0.08591511100530624, 0.9735875129699707
777, 17, 0.4541601538658142, 0.4674474596977234, -0.08753644675016403, 0.39670923352241516
777, 18, 0.4464349150657654, 0.45804908871650696, -0.09723496437072754, 0.9342018961906433
777, 19, 0.4523833692073822, 0.46496230363845825, -0.09615582972764969, 0.3978410065174103
777, 20, 0.44955912232398987, 0.45773670077323914, -0.1069323867559433, 0.9327661991119385
777, 21, 0.45190519094467163, 0.46213895082473755, -0.08140609413385391, 0.3479163944721222
777, 22, 0.45070403814315796, 0.45502230525016785, -0.0898238867521286, 0.9261000752449036
777, 23, 0.4690791666507721, 0.385743111371994, 0.008806307800114155, 0.9994828701019287
777, 24, 0.4642873704433441, 0.3744196593761444, -0.008812641724944115, 0.9995777010917664
777, 25, 0.4558660387992859, 0.4288008511066437, 0.07298633456230164, 0.04808874800801277
777, 26, 0.4402994215488434, 0.4243597984313965, 0.047998908907175064, 0.19432003796100616
777, 27, 0.4468930661678314, 0.4358222484588623, 0.18807251751422882, 0.014018421061336994
777, 28, 0.44030699133872986, 0.42892616987228394, 0.16306184232234955, 0.009820285253226757
777, 29, 0.44720882177352905, 0.43264952301979065, 0.20049551129341125, 0.01675931178033352
777, 30, 0.44203290343284607, 0.42395803332328796, 0.17518138885498047, 0.011127830483019352
777, 31, 0.43995100259780884, 0.4483153820037842, 0.19301027059555054, 0.06086517497897148
777, 32, 0.43503618240356445, 0.44118914008140564, 0.16892993450164795, 0.03353014215826988
778, 0, 0.4395144581794739, 0.43383198976516724, -0.2436751425266266, 0.9939800500869751
778, 1, 0.4459684491157532, 0.43030646443367004, -0.2453826367855072, 0.9918381571769714
778, 2, 0.44786185026168823, 0.4325852692127228, -0.24541060626506805, 0.9927236437797546
778, 3, 0.4497595429420471, 0.4347861707210541, -0.24547800421714783, 0.9907138347625732
778, 4, 0.4410046637058258, 0.4217507541179657, -0.24720343947410583, 0.992709755897522
778, 5, 0.4397379755973816, 0.4186723828315735, -0.24724724888801575, 0.9943718910217285
778, 6, 0.4384675920009613, 0.41559869050979614, -0.24726954102516174, 0.9936089515686035
778, 7, 0.45660915970802307, 0.4342634975910187, -0.21030950546264648, 0.9876982569694519
778, 8, 0.4398953318595886, 0.40575110912323, -0.2180771380662918, 0.9946848750114441
778, 9, 0.4429906904697418, 0.43840882182121277, -0.22557978332042694, 0.9932357668876648
778, 10, 0.43758249282836914, 0.42978838086128235, -0.22795052826404572, 0.9935526847839355
778, 11, 0.46401554346084595, 0.45266565680503845, -0.1543980836868286, 0.9946627616882324
778, 12, 0.4323527216911316, 0.3890252709388733, -0.16285696625709534, 0.9980307221412659
778, 13, 0.4517163634300232, 0.49181368947029114, -0.15767523646354675, 0.9503101110458374
778, 14, 0.3954891562461853, 0.4142158627510071, -0.1650697886943817, 0.9972484707832336
778, 15, 0.432506263256073, 0.483527809381485, -0.2122286856174469, 0.9061169624328613
778, 16, 0.3860112130641937, 0.4687386453151703, -0.1966424584388733, 0.9913308620452881
778, 17, 0.4290745258331299, 0.4860783815383911, -0.22871801257133484, 0.7722739577293396
778, 18, 0.3827560544013977, 0.48308295011520386, -0.21427281200885773, 0.9717759490013123
778, 19, 0.4287172257900238, 0.47593963146209717, -0.2310718595981598, 0.7453036308288574
778, 20, 0.3902435302734375, 0.48349279165267944, -0.2157527506351471, 0.9661985039710999
778, 21, 0.4288579523563385, 0.4751235544681549, -0.21411362290382385, 0.6486178040504456
778, 22, 0.3913041949272156, 0.48069384694099426, -0.19764302670955658, 0.9454928040504456
778, 23, 0.4761980473995209, 0.3885972201824188, -0.0029729725793004036, 0.997427761554718
778, 24, 0.46083593368530273, 0.35927900671958923, 0.0029790045227855444, 0.9988584518432617
778, 25, 0.45897287130355835, 0.4190395474433899, 0.09436853229999542, 0.0356273427605629
778, 26, 0.4442295432090759, 0.39218229055404663, 0.09535346180200577, 0.049768172204494476
778, 27, 0.46310052275657654, 0.4124276340007782, 0.2406279742717743, 0.013669963926076889
778, 28, 0.45566797256469727, 0.39218056201934814, 0.23943261802196503, 0.014845583587884903
778, 29, 0.4659838080406189, 0.40657442808151245, 0.256295382976532, 0.042734719812870026
778, 30, 0.459477961063385, 0.39039871096611023, 0.25523704290390015, 0.03226001188158989
778, 31, 0.45608800649642944, 0.42223167419433594, 0.27333205938339233, 0.03473031893372536
778, 32, 0.45387110114097595, 0.3997008800506592, 0.274220734834671, 0.02704308182001114
779, 0, 0.4579312801361084, 0.4326751232147217, -0.13318495452404022, 0.9021144509315491
779, 1, 0.4596404433250427, 0.4272685647010803, -0.13973410427570343, 0.9308303594589233
779, 2, 0.46104222536087036, 0.4269680082798004, -0.13977013528347015, 0.9207239151000977
779, 3, 0.46241530776023865, 0.42660433053970337, -0.13983076810836792, 0.9363161325454712
779, 4, 0.45548734068870544, 0.4279595613479614, -0.13906237483024597, 0.9542601704597473
779, 5, 0.4539276957511902, 0.4281269609928131, -0.13909853994846344, 0.9517723321914673
779, 6, 0.4523589015007019, 0.42823517322540283, -0.1391695737838745, 0.964875340461731
779, 7, 0.46383920311927795, 0.4241029620170593, -0.13736359775066376, 0.9244123697280884
779, 8, 0.4491824209690094, 0.4250669777393341, -0.13497908413410187, 0.9734546542167664
779, 9, 0.4595624506473541, 0.4318167269229889, -0.12854750454425812, 0.92368483543396
779, 10, 0.4543972611427307, 0.43263739347457886, -0.127999946475029, 0.9281731247901917
779, 11, 0.46926864981651306, 0.4235352873802185, -0.10959261655807495, 0.9696866273880005
779, 12, 0.4414737820625305, 0.42672255635261536, -0.10380667448043823, 0.9764154553413391
779, 13, 0.48228558897972107, 0.44433435797691345, -0.09523866325616837, 0.9730467796325684
779, 14, 0.429271399974823, 0.43385031819343567, -0.08092242479324341, 0.0827498808503151
779, 15, 0.5034654140472412, 0.4658842384815216, -0.10751526057720184, 0.856857180595398
779, 16, 0.42161646485328674, 0.4417083263397217, -0.07845001667737961, 0.10633184760808945
779, 17, 0.5126241445541382, 0.4735848009586334, -0.12076941877603531, 0.7403973937034607
779, 18, 0.41842252016067505, 0.4456489682197571, -0.09164534509181976, 0.08297934383153915
779, 19, 0.5102538466453552, 0.4765995740890503, -0.1213192492723465, 0.745958685874939
779, 20, 0.4216805398464203, 0.4477960467338562, -0.09069829434156418, 0.0833112820982933
779, 21, 0.5052921175956726, 0.4731579124927521, -0.10839178413152695, 0.5048785209655762
779, 22, 0.42356938123703003, 0.44609323143959045, -0.07898025959730148, 0.07576467841863632
779, 23, 0.46326953172683716, 0.3920432925224304, -0.0008013423648662865, 0.9986365437507629
779, 24, 0.45092877745628357, 0.3960283398628235, 0.0007582009420730174, 0.99791020154953
779, 25, 0.470120370388031, 0.4367615580558777, 0.0826806053519249, 0.07777063548564911
779, 26, 0.45368877053260803, 0.4506339728832245, 0.08180132508277893, 0.0816752165555954
779, 27, 0.4691316485404968, 0.4290224313735962, 0.19134166836738586, 0.15214453637599945
779, 28, 0.46187224984169006, 0.4369056820869446, 0.1917506903409958, 0.07487130910158157
779, 29, 0.46692124009132385, 0.4252365827560425, 0.20338869094848633, 0.11295237392187119
779, 30, 0.46243730187416077, 0.43296098709106445, 0.20331203937530518, 0.05728534981608391
779, 31, 0.4754285216331482, 0.44122618436813354, 0.2003875970840454, 0.06980521976947784
779, 32, 0.4668692946434021, 0.44312670826911926, 0.1992008090019226, 0.04862960800528526
780, 0, 0.4493177533149719, 0.4351331889629364, -0.2627609968185425, 0.9979039430618286
780, 1, 0.45450037717819214, 0.43177497386932373, -0.2676970064640045, 0.9967774748802185
780, 2, 0.4563928544521332, 0.4330647885799408, -0.26771441102027893, 0.9966122508049011
780, 3, 0.4582914710044861, 0.4342953860759735, -0.2677786946296692, 0.996874213218689
780, 4, 0.44948822259902954, 0.42650604248046875, -0.2696898281574249, 0.9967374205589294
780, 5, 0.44801902770996094, 0.42427101731300354, -0.2697146236896515, 0.996123731136322
780, 6, 0.4465361535549164, 0.42202165722846985, -0.2697199881076813, 0.996148943901062
780, 7, 0.4633055329322815, 0.43023982644081116, -0.2447710484266281, 0.9908893704414368
780, 8, 0.4457191824913025, 0.41205108165740967, -0.25358104705810547, 0.9905565977096558
780, 9, 0.45191916823387146, 0.435844749212265, -0.24881196022033691, 0.9978911280632019
780, 10, 0.44606679677963257, 0.42958834767341614, -0.2514689862728119, 0.9972977042198181
780, 11, 0.47097039222717285, 0.4333367943763733, -0.1777360886335373, 0.9990372657775879
780, 12, 0.43446797132492065, 0.3958891034126282, -0.1980637013912201, 0.9973798394203186
780, 13, 0.47205767035484314, 0.44985681772232056, -0.13169340789318085, 0.7188590168952942
780, 14, 0.41474342346191406, 0.4138387143611908, -0.18188439309597015, 0.991373598575592
780, 15, 0.4588937759399414, 0.46145904064178467, -0.12967336177825928, 0.7394712567329407
780, 16, 0.3978104293346405, 0.4519854784011841, -0.19718477129936218, 0.9926018118858337
780, 17, 0.4614713191986084, 0.46808525919914246, -0.14360041916370392, 0.7184450030326843
780, 18, 0.3900330662727356, 0.46136993169784546, -0.2211618721485138, 0.9835000038146973
780, 19, 0.4562048017978668, 0.46334409713745117, -0.15584516525268555, 0.6685689687728882
780, 20, 0.39519983530044556, 0.4626868665218353, -0.22330382466316223, 0.9780162572860718
780, 21, 0.45442742109298706, 0.4600925147533417, -0.13488060235977173, 0.5319100022315979
780, 22, 0.3985476493835449, 0.46042922139167786, -0.19928650557994843, 0.963988184928894
780, 23, 0.4690788686275482, 0.3942602276802063, 0.003857084782794118, 0.9993501305580139
780, 24, 0.4524990916252136, 0.37845954298973083, -0.003771501826122403, 0.998604953289032
780, 25, 0.4527297616004944, 0.43674275279045105, 0.09524469822645187, 0.03060755878686905
780, 26, 0.4365425705909729, 0.4244508445262909, 0.09769826382398605, 0.05634908378124237
780, 27, 0.43273696303367615, 0.4407051205635071, 0.256408154964447, 0.036372143775224686
780, 28, 0.4281982481479645, 0.43365776538848877, 0.2538328766822815, 0.034729547798633575
780, 29, 0.42966365814208984, 0.4368332028388977, 0.2738221287727356, 0.06744646281003952
780, 30, 0.4262527823448181, 0.4298021197319031, 0.26967328786849976, 0.04747505858540535
780, 31, 0.427583783864975, 0.4580627977848053, 0.26379483938217163, 0.04842926934361458
780, 32, 0.42860889434814453, 0.45545369386672974, 0.25517985224723816, 0.034873079508543015
781, 0, 0.452536404132843, 0.4274066090583801, -0.21240217983722687, 0.9998972415924072
781, 1, 0.45741406083106995, 0.42283451557159424, -0.21653132140636444, 0.9997761845588684
781, 2, 0.45919743180274963, 0.4235711097717285, -0.21654696762561798, 0.999739944934845
781, 3, 0.460987389087677, 0.42428797483444214, -0.21654601395130157, 0.9998912811279297
781, 4, 0.45222291350364685, 0.41944149136543274, -0.21935656666755676, 0.9998835325241089
781, 5, 0.450554221868515, 0.41803592443466187, -0.21941199898719788, 0.9998570680618286
781, 6, 0.4488760828971863, 0.4166156053543091, -0.2194180190563202, 0.9998582601547241
781, 7, 0.465244859457016, 0.41982126235961914, -0.19719389081001282, 0.9997097849845886
781, 8, 0.44669508934020996, 0.40782228112220764, -0.2105657160282135, 0.9998390674591064
781, 9, 0.45480459928512573, 0.42862704396247864, -0.2012612521648407, 0.999929666519165
781, 10, 0.4490434527397156, 0.42461317777633667, -0.20511409640312195, 0.9999397993087769
781, 11, 0.47393542528152466, 0.4260753095149994, -0.13731172680854797, 0.9996622800827026
781, 12, 0.43011474609375, 0.39423879981040955, -0.15772880613803864, 0.9997871518135071
781, 13, 0.47780823707580566, 0.45077142119407654, -0.11136023700237274, 0.5264243483543396
781, 14, 0.41442856192588806, 0.4185643792152405, -0.13889619708061218, 0.9981520771980286
781, 15, 0.4647436738014221, 0.47113025188446045, -0.12881316244602203, 0.7575441598892212
781, 16, 0.38949424028396606, 0.45908427238464355, -0.15348230302333832, 0.9974650144577026
781, 17, 0.46623092889785767, 0.47907230257987976, -0.14360202848911285, 0.8593574166297913
781, 18, 0.38149493932724, 0.46723508834838867, -0.17367392778396606, 0.9950247406959534
781, 19, 0.46351784467697144, 0.4760272204875946, -0.1552659422159195, 0.8878852725028992
781, 20, 0.3879922032356262, 0.47246411442756653, -0.17918024957180023, 0.9956114888191223
781, 21, 0.46172913908958435, 0.4725765287876129, -0.13489770889282227, 0.8364428281784058
781, 22, 0.3924294710159302, 0.4698050916194916, -0.15697012841701508, 0.9886668920516968
781, 23, 0.4697265625, 0.3930734395980835, 0.003162934212014079, 0.999961256980896
781, 24, 0.448209285736084, 0.376574844121933, -0.00321265053935349, 0.9999430179595947
781, 25, 0.47215670347213745, 0.4565446078777313, 0.04996966943144798, 0.41508546471595764
781, 26, 0.4387083649635315, 0.4421877861022949, 0.01591203175485134, 0.7219734191894531
781, 27, 0.4728480279445648, 0.4773196876049042, 0.155830517411232, 0.175749272108078
781, 28, 0.46012192964553833, 0.4633919596672058, 0.1114640086889267, 0.6577072143554688
781, 29, 0.4728354513645172, 0.4744376838207245, 0.1670781373977661, 0.13696105778217316
781, 30, 0.46425431966781616, 0.4598572254180908, 0.12099714577198029, 0.31076350808143616
781, 31, 0.46965622901916504, 0.5012059807777405, 0.1528061479330063, 0.515570342540741
781, 32, 0.46180349588394165, 0.49062806367874146, 0.10005871951580048, 0.7779917120933533
782, 0, 0.45222654938697815, 0.43908363580703735, -0.1724712997674942, 0.8892584443092346
782, 1, 0.45696792006492615, 0.4339296221733093, -0.1823585331439972, 0.8685570955276489
782, 2, 0.45961636304855347, 0.4342881441116333, -0.1823921799659729, 0.8928611278533936
782, 3, 0.46225857734680176, 0.43460553884506226, -0.18243727087974548, 0.8193711042404175
782, 4, 0.44913631677627563, 0.43097037076950073, -0.1816665530204773, 0.8714502453804016
782, 5, 0.446627676486969, 0.4295947253704071, -0.1817360669374466, 0.9120421409606934
782, 6, 0.4441295564174652, 0.4282064139842987, -0.1818397343158722, 0.9021623730659485
782, 7, 0.46934112906455994, 0.42704418301582336, -0.18076321482658386, 0.7713672518730164
782, 8, 0.4413067698478699, 0.4150923490524292, -0.17770592868328094, 0.8728086948394775
782, 9, 0.4573005735874176, 0.4375303387641907, -0.1663116216659546, 0.8442553281784058
782, 10, 0.4491503834724426, 0.43423670530319214, -0.165492981672287, 0.8655152320861816
782, 11, 0.48913440108299255, 0.4116559624671936, -0.13751736283302307, 0.8859378695487976
782, 12, 0.4243861138820648, 0.3993626832962036, -0.14232665300369263, 0.9830086827278137
782, 13, 0.5215495824813843, 0.41963765025138855, -0.10381671041250229, 0.8895008563995361
782, 14, 0.3947434723377228, 0.42196565866470337, -0.1106346845626831, 0.8820788860321045
782, 15, 0.5372867584228516, 0.4538763165473938, -0.10005954653024673, 0.9179626703262329
782, 16, 0.38411155343055725, 0.4901726245880127, -0.10774897038936615, 0.9719564318656921
782, 17, 0.5478384494781494, 0.4590284526348114, -0.11197425425052643, 0.9063231348991394
782, 18, 0.3787744641304016, 0.5072894096374512, -0.1207999438047409, 0.9766468405723572
782, 19, 0.5411355495452881, 0.45939281582832336, -0.11546812951564789, 0.900862991809845
782, 20, 0.38598355650901794, 0.5050288438796997, -0.12411831319332123, 0.976584255695343
782, 21, 0.5356512069702148, 0.457221657037735, -0.10150448232889175, 0.806702733039856
782, 22, 0.3901502192020416, 0.5002253651618958, -0.10908208042383194, 0.9599700570106506
782, 23, 0.4761335849761963, 0.3730076253414154, -0.0020186349283903837, 0.9944139719009399
782, 24, 0.4519596993923187, 0.36399683356285095, 0.001889410661533475, 0.9952012300491333
782, 25, 0.46461424231529236, 0.4151988923549652, 0.10666556656360626, 0.02279849909245968
782, 26, 0.44358134269714355, 0.4073753356933594, 0.10075123608112335, 0.07036039233207703
782, 27, 0.4688495695590973, 0.4041406810283661, 0.2591046988964081, 0.08852265030145645
782, 28, 0.4541863799095154, 0.3939610421657562, 0.2496134340763092, 0.060293521732091904
782, 29, 0.46969613432884216, 0.3994956910610199, 0.2767156958580017, 0.08670336753129959
782, 30, 0.4562205672264099, 0.3903704881668091, 0.26668184995651245, 0.06887204945087433
782, 31, 0.46646493673324585, 0.4149109423160553, 0.2836480736732483, 0.025468958541750908
782, 32, 0.4533156454563141, 0.39878615736961365, 0.2691890299320221, 0.016892297193408012
783, 0, 0.4545103907585144, 0.40119776129722595, -0.22115866839885712, 0.9952842593193054
783, 1, 0.4531506896018982, 0.40358084440231323, -0.22796745598316193, 0.9957738518714905
783, 2, 0.4522187113761902, 0.404318630695343, -0.22799710929393768, 0.9963860511779785
783, 3, 0.4513019025325775, 0.4050042927265167, -0.22807082533836365, 0.995888888835907
783, 4, 0.4558385908603668, 0.4029124677181244, -0.2287689745426178, 0.9968168139457703
783, 5, 0.4565235674381256, 0.40251120924949646, -0.22883982956409454, 0.997572124004364
783, 6, 0.4571914076805115, 0.4020622968673706, -0.2288823425769806, 0.9961045980453491
783, 7, 0.44878262281417847, 0.4070715606212616, -0.21153075993061066, 0.996685802936554
783, 8, 0.45804500579833984, 0.4038078188896179, -0.2158997356891632, 0.9990978240966797
783, 9, 0.45276445150375366, 0.4013843834400177, -0.2094791829586029, 0.9972943663597107
783, 10, 0.4549024701118469, 0.39930135011672974, -0.21104057133197784, 0.9974863529205322
783, 11, 0.4350888133049011, 0.41251838207244873, -0.16399168968200684, 0.9996317625045776
783, 12, 0.46335965394973755, 0.4119207262992859, -0.16673235595226288, 0.999416708946228
783, 13, 0.3969826400279999, 0.4322449266910553, -0.13708387315273285, 0.8298861384391785
783, 14, 0.45736852288246155, 0.4517393708229065, -0.1160537376999855, 0.5961716771125793
783, 15, 0.3875979781150818, 0.4641229808330536, -0.1564842164516449, 0.9321970343589783
783, 16, 0.46350836753845215, 0.4729216992855072, -0.10435817390680313, 0.6562214493751526
783, 17, 0.3815726041793823, 0.473437637090683, -0.17056576907634735, 0.8807331323623657
783, 18, 0.46719032526016235, 0.48309770226478577, -0.11394236981868744, 0.6264046430587769
783, 19, 0.38400256633758545, 0.4732254147529602, -0.1772705465555191, 0.893753170967102
783, 20, 0.4655473232269287, 0.4787181317806244, -0.11993969976902008, 0.6170362830162048
783, 21, 0.38724878430366516, 0.46947669982910156, -0.16038571298122406, 0.8393322825431824
783, 22, 0.4629315435886383, 0.47355127334594727, -0.10685251653194427, 0.5522961020469666
783, 23, 0.45133987069129944, 0.3815649747848511, -0.0008851154707372189, 0.9998310804367065
783, 24, 0.4663127362728119, 0.39070096611976624, 0.0010072248987853527, 0.9998844861984253
783, 25, 0.4440017342567444, 0.41491377353668213, 0.10753689706325531, 0.057896122336387634
783, 26, 0.44918304681777954, 0.4279085695743561, 0.11051080375909805, 0.031480781733989716
783, 27, 0.45007070899009705, 0.42581096291542053, 0.2582239806652069, 0.04007873311638832
783, 28, 0.4587993621826172, 0.43734562397003174, 0.255089670419693, 0.030230939388275146
783, 29, 0.4507054388523102, 0.42992281913757324, 0.27473196387290955, 0.08372635394334793
783, 30, 0.45796459913253784, 0.43825674057006836, 0.2699459195137024, 0.045930128544569016
783, 31, 0.4532078802585602, 0.4273865520954132, 0.2665843963623047, 0.05444746091961861
783, 32, 0.4621012210845947, 0.43683385848999023, 0.25894275307655334, 0.040167324244976044
784, 0, 0.4502601623535156, 0.44440528750419617, -0.19341439008712769, 0.9794145226478577
784, 1, 0.45464223623275757, 0.4409053921699524, -0.20063082873821259, 0.9829263687133789
784, 2, 0.45711690187454224, 0.44201672077178955, -0.20063085854053497, 0.9854208827018738
784, 3, 0.4595887064933777, 0.4430866539478302, -0.20065757632255554, 0.9739316701889038
784, 4, 0.4475725293159485, 0.4354654848575592, -0.19972483813762665, 0.9757989645004272
784, 5, 0.4452897608280182, 0.4332665205001831, -0.19980488717556, 0.9834647178649902
784, 6, 0.44301778078079224, 0.43107956647872925, -0.1998932957649231, 0.9826567769050598
784, 7, 0.46709126234054565, 0.4368794858455658, -0.19139190018177032, 0.9608122706413269
784, 8, 0.441906213760376, 0.4165214002132416, -0.18777406215667725, 0.9794161319732666
784, 9, 0.4558578133583069, 0.4443039298057556, -0.18532954156398773, 0.9617982506752014
784, 10, 0.44868555665016174, 0.43860042095184326, -0.18438856303691864, 0.9676241874694824
784, 11, 0.49131321907043457, 0.4218546152114868, -0.1466437578201294, 0.9638258218765259
784, 12, 0.4281581938266754, 0.39555028080940247, -0.1545049399137497, 0.9930908679962158
784, 13, 0.5223546624183655, 0.4462459087371826, -0.12012045085430145, 0.9491797089576721
784, 14, 0.3987216651439667, 0.42025211453437805, -0.12198181450366974, 0.8109026551246643
784, 15, 0.5395310521125793, 0.4907786548137665, -0.11787781864404678, 0.9443798661231995
784, 16, 0.3808426558971405, 0.4729728400707245, -0.1034025326371193, 0.9458229541778564
784, 17, 0.5458967685699463, 0.4901787340641022, -0.13122232258319855, 0.9241241216659546
784, 18, 0.3718990087509155, 0.4834648668766022, -0.11551132053136826, 0.954376757144928
784, 19, 0.5404455065727234, 0.48831766843795776, -0.1356336623430252, 0.9219152927398682
784, 20, 0.3794674575328827, 0.4829898774623871, -0.1155124306678772, 0.9528294801712036
784, 21, 0.5354947447776794, 0.48471522331237793, -0.12015452235937119, 0.8409557938575745
784, 22, 0.3846134841442108, 0.47980451583862305, -0.10298092663288116, 0.9188253283500671
784, 23, 0.4895954132080078, 0.37089458107948303, -0.00405814778059721, 0.9937006235122681
784, 24, 0.4675915837287903, 0.3581750988960266, 0.0038427296094596386, 0.9938487410545349
784, 25, 0.47501707077026367, 0.4031565487384796, 0.1190030425786972, 0.018766606226563454
784, 26, 0.45754843950271606, 0.38844218850135803, 0.11417631804943085, 0.03705425560474396
784, 27, 0.4825317859649658, 0.40573564171791077, 0.275352418422699, 0.059792209416627884
784, 28, 0.4688015580177307, 0.3904023766517639, 0.26841577887535095, 0.03443551063537598
784, 29, 0.4852233827114105, 0.40431201457977295, 0.2933272421360016, 0.055977631360292435
784, 30, 0.47227439284324646, 0.39003562927246094, 0.2861728072166443, 0.04194134846329689
784, 31, 0.4767604470252991, 0.4166853129863739, 0.29808107018470764, 0.021437376737594604
784, 32, 0.4641117453575134, 0.39510127902030945, 0.28976303339004517, 0.011172134429216385
785, 0, 0.4534143805503845, 0.4169946014881134, -0.2757801115512848, 0.9748238921165466
785, 1, 0.45008230209350586, 0.419975608587265, -0.28722304105758667, 0.9855325818061829
785, 2, 0.44872385263442993, 0.4193993806838989, -0.2872271239757538, 0.9864674210548401
785, 3, 0.44739237427711487, 0.4187546670436859, -0.28728970885276794, 0.9842255115509033
785, 4, 0.4537319540977478, 0.4224165678024292, -0.2862125039100647, 0.9884953498840332
785, 5, 0.45486027002334595, 0.42325741052627563, -0.28625667095184326, 0.987940788269043
785, 6, 0.4560064673423767, 0.42402055859565735, -0.28622472286224365, 0.9856047034263611
785, 7, 0.4449978470802307, 0.41861671209335327, -0.27708616852760315, 0.9933239817619324
785, 8, 0.4578931927680969, 0.4256826937198639, -0.2723340392112732, 0.9971025586128235
785, 9, 0.4525032639503479, 0.41259312629699707, -0.264178603887558, 0.9796343445777893
785, 10, 0.456092894077301, 0.4146040678024292, -0.26301634311676025, 0.9807587265968323
785, 11, 0.43699008226394653, 0.4208337962627411, -0.21780233085155487, 0.9996021389961243
785, 12, 0.46856656670570374, 0.42892366647720337, -0.21140769124031067, 0.9990082383155823
785, 13, 0.4054691791534424, 0.4235702157020569, -0.17272035777568817, 0.9737551212310791
785, 14, 0.4793732166290283, 0.4339776635169983, -0.12703374028205872, 0.28907203674316406
785, 15, 0.4041668474674225, 0.44545525312423706, -0.16357314586639404, 0.8587638735771179
785, 16, 0.4768970012664795, 0.4141983985900879, -0.09507940709590912, 0.13726995885372162
785, 17, 0.40038031339645386, 0.45565828680992126, -0.17892949283123016, 0.7699140906333923
785, 18, 0.47821497917175293, 0.41464775800704956, -0.10540356487035751, 0.13542874157428741
785, 19, 0.40365880727767944, 0.45754745602607727, -0.1802166998386383, 0.7380172610282898
785, 20, 0.4738035798072815, 0.4140617251396179, -0.11232797801494598, 0.13538062572479248
785, 21, 0.40610042214393616, 0.4534011781215668, -0.16427573561668396, 0.6330411434173584
785, 22, 0.47212618589401245, 0.41373053193092346, -0.09725756198167801, 0.12452370673418045
785, 23, 0.44977664947509766, 0.4008553922176361, -0.0007116870256140828, 0.9968385696411133
785, 24, 0.46634441614151, 0.4109477698802948, 0.0008330070413649082, 0.9960501790046692
785, 25, 0.4336046278476715, 0.43031468987464905, 0.15831904113292694, 0.015772327780723572
785, 26, 0.451018750667572, 0.4418849050998688, 0.17290979623794556, 0.007673569023609161
785, 27, 0.42398208379745483, 0.4469242990016937, 0.34748637676239014, 0.030322469770908356
785, 28, 0.4405696392059326, 0.455117404460907, 0.36003372073173523, 0.008976838551461697
785, 29, 0.4229152798652649, 0.45196571946144104, 0.3685469627380371, 0.08230289816856384
785, 30, 0.43668684363365173, 0.45887577533721924, 0.3804723024368286, 0.022490201517939568
785, 31, 0.4214950501918793, 0.44311144948005676, 0.36869746446609497, 0.03861190378665924
785, 32, 0.44251662492752075, 0.4472060203552246, 0.3811207413673401, 0.012922936119139194
786, 0, 0.45439833402633667, 0.43048956990242004, -0.20847578346729279, 0.9429553151130676
786, 1, 0.4583733081817627, 0.4255518317222595, -0.2140517681837082, 0.9445834755897522
786, 2, 0.4604864716529846, 0.42609211802482605, -0.21406908333301544, 0.9499945044517517
786, 3, 0.4625898003578186, 0.4266197085380554, -0.21411964297294617, 0.9186476469039917
786, 4, 0.4524330198764801, 0.4226619601249695, -0.21409639716148376, 0.9276790022850037
786, 5, 0.45054513216018677, 0.42141205072402954, -0.21417632699012756, 0.9461418390274048
786, 6, 0.4486488401889801, 0.420223206281662, -0.21427080035209656, 0.9492055773735046
786, 7, 0.4687436521053314, 0.4217938780784607, -0.1956419199705124, 0.8845402002334595
786, 8, 0.4473937451839447, 0.4104497730731964, -0.19629837572574615, 0.922170102596283
786, 9, 0.4588472247123718, 0.4311610460281372, -0.19684532284736633, 0.9005702137947083
786, 10, 0.452606737613678, 0.4277939796447754, -0.19712553918361664, 0.9182940721511841
786, 11, 0.48461446166038513, 0.41702133417129517, -0.14577433466911316, 0.9694097638130188
786, 12, 0.43305644392967224, 0.40093040466308594, -0.15850259363651276, 0.9932097792625427
786, 13, 0.5065156817436218, 0.4202601909637451, -0.1179792508482933, 0.5072330832481384
786, 14, 0.4002835750579834, 0.42274346947669983, -0.14135156571865082, 0.925708532333374
786, 15, 0.5171368718147278, 0.4283696413040161, -0.12605319917201996, 0.5462677478790283
786, 16, 0.384029358625412, 0.48797687888145447, -0.14635786414146423, 0.9820005297660828
786, 17, 0.5248957276344299, 0.4284888505935669, -0.1382945477962494, 0.5369535088539124
786, 18, 0.37519657611846924, 0.500243067741394, -0.1627373993396759, 0.9842275977134705
786, 19, 0.5197424292564392, 0.4245990216732025, -0.1441596895456314, 0.5271047353744507
786, 20, 0.38298702239990234, 0.5016601085662842, -0.1637844294309616, 0.9848940968513489
786, 21, 0.515632688999176, 0.4245709180831909, -0.12892767786979675, 0.40602004528045654
786, 22, 0.3876400887966156, 0.4973706007003784, -0.1473647654056549, 0.9693937301635742
786, 23, 0.47663503885269165, 0.37904903292655945, -0.004306981805711985, 0.9968884587287903
786, 24, 0.4588860869407654, 0.37022820115089417, 0.004171768203377724, 0.9977800250053406
786, 25, 0.4655567705631256, 0.4098362326622009, 0.1064671128988266, 0.01527774054557085
786, 26, 0.44858846068382263, 0.3969913125038147, 0.09903978556394577, 0.031776003539562225
786, 27, 0.47090062499046326, 0.40790125727653503, 0.2501397728919983, 0.03608456254005432
786, 28, 0.45944762229919434, 0.39747992157936096, 0.24174804985523224, 0.03457692638039589
786, 29, 0.4720865786075592, 0.40607404708862305, 0.2664465010166168, 0.04136742278933525
786, 30, 0.4623584747314453, 0.3968016803264618, 0.2582016587257385, 0.03160267323255539
786, 31, 0.4688626229763031, 0.41766470670700073, 0.2708317041397095, 0.01992057077586651
786, 32, 0.4569072723388672, 0.4043026268482208, 0.2611699104309082, 0.013723010197281837
787, 0, 0.4601793885231018, 0.447183221578598, -0.2013433873653412, 0.9643389582633972
787, 1, 0.46430593729019165, 0.4409412741661072, -0.20806452631950378, 0.9588887095451355
787, 2, 0.4668598771095276, 0.4412471354007721, -0.20806768536567688, 0.9580879211425781
787, 3, 0.4694085717201233, 0.44151338934898376, -0.20810692012310028, 0.9464761018753052
787, 4, 0.4569788873195648, 0.43819481134414673, -0.2078983038663864, 0.9637277126312256
787, 5, 0.4545798897743225, 0.43692320585250854, -0.20795901119709015, 0.9666133522987366
787, 6, 0.4522036612033844, 0.43566274642944336, -0.20803220570087433, 0.9700067639350891
787, 7, 0.47630053758621216, 0.43174129724502563, -0.1926659494638443, 0.8634934425354004
787, 8, 0.4494728446006775, 0.421284943819046, -0.19151262938976288, 0.9388876557350159
787, 9, 0.4653574824333191, 0.44483131170272827, -0.19045060873031616, 0.9214122295379639
787, 10, 0.4576804041862488, 0.4419691264629364, -0.19019080698490143, 0.9400175213813782
787, 11, 0.49792081117630005, 0.42143750190734863, -0.1474425047636032, 0.91392982006073
787, 12, 0.43161648511886597, 0.3985768258571625, -0.15084050595760345, 0.984272837638855
787, 13, 0.5214509963989258, 0.45802298188209534, -0.12641887366771698, 0.9061102271080017
787, 14, 0.3960004448890686, 0.42542189359664917, -0.13726302981376648, 0.9483808875083923
787, 15, 0.5246291756629944, 0.5154708623886108, -0.1411755084991455, 0.9137462377548218
787, 16, 0.3856881260871887, 0.49400171637535095, -0.15861868858337402, 0.9841258525848389
787, 17, 0.532505452632904, 0.5274858474731445, -0.15931619703769684, 0.8831142783164978
787, 18, 0.37975528836250305, 0.5100243091583252, -0.17976020276546478, 0.9809451103210449
787, 19, 0.5233741998672485, 0.5263626575469971, -0.16407988965511322, 0.8846238255500793
787, 20, 0.3871055841445923, 0.5131313800811768, -0.18275587260723114, 0.9817371368408203
787, 21, 0.5184038877487183, 0.52101731300354, -0.1440647840499878, 0.7975070476531982
787, 22, 0.3923933207988739, 0.5115405321121216, -0.16101586818695068, 0.9679629802703857
787, 23, 0.48683443665504456, 0.3681681454181671, -0.00490972213447094, 0.9621837735176086
787, 24, 0.459010511636734, 0.35412418842315674, 0.0047172969207167625, 0.9693636894226074
787, 25, 0.47700461745262146, 0.42527318000793457, 0.09533531963825226, 0.028688423335552216
787, 26, 0.4469488561153412, 0.409563273191452, 0.09942938387393951, 0.03046579100191593
787, 27, 0.4818463921546936, 0.4177301228046417, 0.2533491551876068, 0.0577981062233448
787, 28, 0.45782384276390076, 0.40123236179351807, 0.25281962752342224, 0.028303030878305435
787, 29, 0.4830027222633362, 0.41355547308921814, 0.27069535851478577, 0.04557333141565323
787, 30, 0.45991843938827515, 0.39775869250297546, 0.27010080218315125, 0.02584056742489338
787, 31, 0.47941628098487854, 0.43285688757896423, 0.2709653675556183, 0.0340413898229599
787, 32, 0.45900827646255493, 0.41167667508125305, 0.2699619233608246, 0.01709810271859169
788, 0, 0.45997723937034607, 0.4198635518550873, -0.25297996401786804, 0.9911394715309143
788, 1, 0.464008629322052, 0.41402652859687805, -0.25707119703292847, 0.9825596809387207
788, 2, 0.46595796942710876, 0.4150145947933197, -0.2571093738079071, 0.9796804785728455
788, 3, 0.4678976535797119, 0.4159593880176544, -0.2571389079093933, 0.9853537082672119
788, 4, 0.45846185088157654, 0.4111097455024719, -0.25912097096443176, 0.9909249544143677
788, 5, 0.45659318566322327, 0.41026338934898376, -0.25919046998023987, 0.9914366602897644
788, 6, 0.4547206461429596, 0.4094424247741699, -0.2592546343803406, 0.9929080009460449
788, 7, 0.4722667634487152, 0.41559451818466187, -0.22668948769569397, 0.9729606509208679
788, 8, 0.4521964490413666, 0.4052179455757141, -0.23651084303855896, 0.9900464415550232
788, 9, 0.46322718262672424, 0.4245060086250305, -0.23624321818351746, 0.9891155362129211
788, 10, 0.4569721221923828, 0.4212861657142639, -0.23916414380073547, 0.9910753965377808
788, 11, 0.4838573932647705, 0.4289994239807129, -0.16475443542003632, 0.9834413528442383
788, 12, 0.43389493227005005, 0.40438953042030334, -0.1748453676700592, 0.9971897006034851
788, 13, 0.48965588212013245, 0.4490329325199127, -0.14118322730064392, 0.6697059869766235
788, 14, 0.3956509828567505, 0.4286845624446869, -0.16191330552101135, 0.9885868430137634
788, 15, 0.4941380023956299, 0.47816163301467896, -0.1739223599433899, 0.6681283712387085
788, 16, 0.3835675120353699, 0.4928286671638489, -0.1848762482404709, 0.9790720343589783
788, 17, 0.5023566484451294, 0.48476818203926086, -0.19291472434997559, 0.7273500561714172
788, 18, 0.37730368971824646, 0.5053707957267761, -0.20706133544445038, 0.973884105682373
788, 19, 0.49688205122947693, 0.48245513439178467, -0.19990858435630798, 0.7602805495262146
788, 20, 0.3869272470474243, 0.5066160559654236, -0.21273013949394226, 0.977397084236145
788, 21, 0.4922446310520172, 0.47893524169921875, -0.17819717526435852, 0.6324720978736877
788, 22, 0.3907356560230255, 0.5024833083152771, -0.18846137821674347, 0.9538565278053284
788, 23, 0.4762372076511383, 0.3899132311344147, -0.00440188916400075, 0.9985514283180237
788, 24, 0.45513296127319336, 0.37831369042396545, 0.004253967199474573, 0.999100923538208
788, 25, 0.4673921465873718, 0.4366498589515686, 0.08882824331521988, 0.03266991674900055
788, 26, 0.4401574730873108, 0.42112380266189575, 0.07928483933210373, 0.12750567495822906
788, 27, 0.47568660974502563, 0.4298800528049469, 0.24152500927448273, 0.021933656185865402
788, 28, 0.46461623907089233, 0.4088270962238312, 0.2300986796617508, 0.08307754248380661
788, 29, 0.47756195068359375, 0.42533835768699646, 0.25798091292381287, 0.027544770389795303
788, 30, 0.4692499041557312, 0.405416876077652, 0.24666738510131836, 0.059576962143182755
788, 31, 0.4735427796840668, 0.4439099133014679, 0.25947803258895874, 0.043487101793289185
788, 32, 0.4647407531738281, 0.41661593317985535, 0.24697403609752655, 0.07506897300481796
789, 0, 0.4526858925819397, 0.42532747983932495, -0.24807623028755188, 0.9408723711967468
789, 1, 0.45696932077407837, 0.4211210608482361, -0.24984712898731232, 0.9386968612670898
789, 2, 0.45857077836990356, 0.42247042059898376, -0.2498851716518402, 0.9177835583686829
789, 3, 0.4601656496524811, 0.4237625002861023, -0.2499721497297287, 0.9494492411613464
789, 4, 0.4526882767677307, 0.41647979617118835, -0.2523750066757202, 0.9552698135375977
789, 5, 0.45135244727134705, 0.4147484600543976, -0.25242161750793457, 0.945943295955658
789, 6, 0.4500233232975006, 0.41304075717926025, -0.2524641454219818, 0.9611247181892395
789, 7, 0.4644337594509125, 0.42295482754707336, -0.21588993072509766, 0.8849981427192688
789, 8, 0.4492120146751404, 0.4063679873943329, -0.22667725384235382, 0.9554808735847473
789, 9, 0.45503631234169006, 0.4291691780090332, -0.23064079880714417, 0.9631168246269226
789, 10, 0.4500010013580322, 0.424079567193985, -0.23388108611106873, 0.9640583395957947
789, 11, 0.46817201375961304, 0.4363386929035187, -0.15487265586853027, 0.9861260056495667
789, 12, 0.43778032064437866, 0.4048366844654083, -0.17005817592144012, 0.9945963025093079
789, 13, 0.44939833879470825, 0.4509762227535248, -0.1410386860370636, 0.4461480677127838
789, 14, 0.40716084837913513, 0.43452852964401245, -0.15171639621257782, 0.9354332685470581
789, 15, 0.4419301152229309, 0.4653647243976593, -0.18604862689971924, 0.36976975202560425
789, 16, 0.3935268521308899, 0.4764518439769745, -0.17748844623565674, 0.947919487953186
789, 17, 0.44405436515808105, 0.471999853849411, -0.206787109375, 0.34514379501342773
789, 18, 0.38841941952705383, 0.48602378368377686, -0.20033633708953857, 0.9261782765388489
789, 19, 0.4411803185939789, 0.46778762340545654, -0.21529778838157654, 0.37640246748924255
789, 20, 0.3948594033718109, 0.4874933362007141, -0.20595209300518036, 0.9330132007598877
789, 21, 0.43920788168907166, 0.4636170268058777, -0.19162039458751678, 0.30922171473503113
789, 22, 0.3980327546596527, 0.4846055209636688, -0.1813705414533615, 0.9006211757659912
789, 23, 0.4714788794517517, 0.3941669762134552, -0.00625761691480875, 0.9994340538978577
789, 24, 0.4560897946357727, 0.38183385133743286, 0.006262054201215506, 0.9997133612632751
789, 25, 0.46784940361976624, 0.4390833079814911, 0.07258141040802002, 0.19667266309261322
789, 26, 0.4490949511528015, 0.4259028434753418, 0.0769403725862503, 0.08187704533338547
789, 27, 0.4802168905735016, 0.45132309198379517, 0.20899911224842072, 0.12877032160758972
789, 28, 0.4753131866455078, 0.43723589181900024, 0.21135751903057098, 0.09207576513290405
789, 29, 0.48331838846206665, 0.4513140320777893, 0.22349539399147034, 0.1364915668964386
789, 30, 0.480480819940567, 0.4377158582210541, 0.22567753493785858, 0.07891098409891129
789, 31, 0.4781631529331207, 0.4669455587863922, 0.2150004357099533, 0.1560065597295761
789, 32, 0.47740525007247925, 0.44994446635246277, 0.21782132983207703, 0.10730642825365067
790, 0, 0.4492594599723816, 0.4229840636253357, -0.2296563684940338, 0.999321699142456
790, 1, 0.4489528238773346, 0.4249279499053955, -0.23476067185401917, 0.9994921684265137
790, 2, 0.448829710483551, 0.42567771673202515, -0.23478162288665771, 0.9993752837181091
790, 3, 0.4487191140651703, 0.4264124035835266, -0.234844371676445, 0.999388575553894
790, 4, 0.44957470893859863, 0.4236118197441101, -0.23540988564491272, 0.9996054768562317
790, 5, 0.4496789574623108, 0.42308127880096436, -0.23544855415821075, 0.999535322189331
790, 6, 0.4497818946838379, 0.4225236773490906, -0.23546001315116882, 0.9994468092918396
790, 7, 0.44836848974227905, 0.4279768764972687, -0.21487219631671906, 0.9994366765022278
790, 8, 0.4505947232246399, 0.4228437542915344, -0.21783745288848877, 0.9997797608375549
790, 9, 0.44934970140457153, 0.4224144518375397, -0.21708813309669495, 0.9997265934944153
790, 10, 0.44928044080734253, 0.4201087951660156, -0.2180842161178589, 0.9996857643127441
790, 11, 0.44432029128074646, 0.43157169222831726, -0.1606415957212448, 0.9999322891235352
790, 12, 0.4552554190158844, 0.42039158940315247, -0.16926655173301697, 0.9997952580451965
790, 13, 0.41718974709510803, 0.44102150201797485, -0.14763285219669342, 0.9366117715835571
790, 14, 0.4491816461086273, 0.4361990690231323, -0.14006122946739197, 0.7137853503227234
790, 15, 0.4013913571834564, 0.46095094084739685, -0.17486056685447693, 0.9445652961730957
790, 16, 0.44573360681533813, 0.45657455921173096, -0.13756687939167023, 0.6379830241203308
790, 17, 0.39653870463371277, 0.47233057022094727, -0.19165749847888947, 0.8911119699478149
790, 18, 0.4442225396633148, 0.46518218517303467, -0.15163619816303253, 0.4537562429904938
790, 19, 0.3912867605686188, 0.47812002897262573, -0.20003268122673035, 0.8912829160690308
790, 20, 0.44480806589126587, 0.46262502670288086, -0.15555128455162048, 0.4448049068450928
790, 21, 0.3995431363582611, 0.464277982711792, -0.17978781461715698, 0.7958836555480957
790, 22, 0.4443175196647644, 0.4587746858596802, -0.13978712260723114, 0.405719131231308
790, 23, 0.45791012048721313, 0.39898252487182617, 0.004048142582178116, 0.9999314546585083
790, 24, 0.4621292054653168, 0.39707809686660767, -0.003942257259041071, 0.9999252557754517
790, 25, 0.4438967704772949, 0.4384326636791229, 0.09672383219003677, 0.07001718878746033
790, 26, 0.44206541776657104, 0.43770620226860046, 0.09271863102912903, 0.07510337978601456
790, 27, 0.4439672827720642, 0.44234034419059753, 0.2419014424085617, 0.05047900974750519
790, 28, 0.4468972086906433, 0.4473765790462494, 0.24128146469593048, 0.026019705459475517
790, 29, 0.4444163739681244, 0.44152483344078064, 0.25687190890312195, 0.04883359745144844
790, 30, 0.4467640519142151, 0.4451312720775604, 0.2559204399585724, 0.030987108126282692
790, 31, 0.44153380393981934, 0.45259106159210205, 0.24165160953998566, 0.10432818531990051
790, 32, 0.4487245976924896, 0.4600135087966919, 0.24291583895683289, 0.05184394493699074
791, 0, 0.46023139357566833, 0.39851874113082886, -0.2387833595275879, 0.9945909976959229
791, 1, 0.4555438458919525, 0.4031825065612793, -0.24577240645885468, 0.9964434504508972
791, 2, 0.4537457525730133, 0.40263694524765015, -0.2457873374223709, 0.9970744848251343
791, 3, 0.45198073983192444, 0.40205371379852295, -0.24587126076221466, 0.9962886571884155
791, 4, 0.46070122718811035, 0.40683749318122864, -0.24602267146110535, 0.9978247880935669
791, 5, 0.46203431487083435, 0.408145010471344, -0.2460755854845047, 0.9982823133468628
791, 6, 0.4633648991584778, 0.4093734622001648, -0.2461060732603073, 0.9973281621932983
791, 7, 0.4473893642425537, 0.4053804576396942, -0.22558128833770752, 0.9976220726966858
791, 8, 0.46461573243141174, 0.41602033376693726, -0.2270389348268509, 0.9995742440223694
791, 9, 0.4578734338283539, 0.3954474925994873, -0.22540397942066193, 0.992590069770813
791, 10, 0.4625399708747864, 0.398453027009964, -0.22600403428077698, 0.9950651526451111
791, 11, 0.43168458342552185, 0.40862858295440674, -0.17453792691230774, 0.9993269443511963
791, 12, 0.47559887170791626, 0.42746180295944214, -0.169495090842247, 0.9989142417907715
791, 13, 0.3965262472629547, 0.4304417371749878, -0.15441325306892395, 0.8296937346458435
791, 14, 0.48646634817123413, 0.4419096112251282, -0.10172568261623383, 0.11426585912704468
791, 15, 0.38896626234054565, 0.45766520500183105, -0.1701420545578003, 0.911709189414978
791, 16, 0.49451667070388794, 0.420451283454895, -0.07605603337287903, 0.22586677968502045
791, 17, 0.38123762607574463, 0.46730315685272217, -0.18391743302345276, 0.8565516471862793
791, 18, 0.5002002716064453, 0.4224555492401123, -0.07994269579648972, 0.2562640607357025
791, 19, 0.38595375418663025, 0.47205352783203125, -0.18548046052455902, 0.877495527267456
791, 20, 0.49500489234924316, 0.41792505979537964, -0.08649355918169022, 0.2722732722759247
791, 21, 0.3896733820438385, 0.46841514110565186, -0.17169830203056335, 0.8103687763214111
791, 22, 0.49172013998031616, 0.41626405715942383, -0.07756805419921875, 0.21160385012626648
791, 23, 0.448072612285614, 0.390270859003067, -0.0030155570711940527, 0.9997161030769348
791, 24, 0.4708004891872406, 0.4108063280582428, 0.0031378385610878468, 0.9997760653495789
791, 25, 0.4538179934024811, 0.41120415925979614, 0.12734867632389069, 0.04231974855065346
791, 26, 0.47482556104660034, 0.43824708461761475, 0.13077035546302795, 0.014521031640470028
791, 27, 0.46324434876441956, 0.4369802176952362, 0.2680307924747467, 0.1336873471736908
791, 28, 0.4922713339328766, 0.46593397855758667, 0.272627055644989, 0.06102994456887245
791, 29, 0.4646484851837158, 0.4461366534233093, 0.28345897793769836, 0.19084861874580383
791, 30, 0.49294620752334595, 0.47199714183807373, 0.28741922974586487, 0.08422835171222687
791, 31, 0.46910491585731506, 0.4322142004966736, 0.2667890787124634, 0.08330760151147842
791, 32, 0.49791592359542847, 0.4605604410171509, 0.2705058455467224, 0.04144385829567909
792, 0, 0.4535090923309326, 0.4326782524585724, -0.21399541199207306, 0.9848524928092957
792, 1, 0.4574402868747711, 0.42752695083618164, -0.22068588435649872, 0.9864967465400696
792, 2, 0.459719181060791, 0.42777734994888306, -0.22069141268730164, 0.987136960029602
792, 3, 0.4619787335395813, 0.42799872159957886, -0.22073082625865936, 0.9776087999343872
792, 4, 0.45077043771743774, 0.4252373278141022, -0.2211979180574417, 0.9854171872138977
792, 5, 0.4486239552497864, 0.4242650866508484, -0.2212744653224945, 0.9890055060386658
792, 6, 0.4464879035949707, 0.4232763648033142, -0.2213587462902069, 0.9888812899589539
792, 7, 0.4681449830532074, 0.4229019284248352, -0.2034231722354889, 0.9731744527816772
792, 8, 0.4442526400089264, 0.4134736657142639, -0.2058776170015335, 0.9879575371742249
792, 9, 0.4581874907016754, 0.43276986479759216, -0.20198273658752441, 0.9740939736366272
792, 10, 0.4512408375740051, 0.4302605986595154, -0.20281819999217987, 0.9826163053512573
792, 11, 0.4868469834327698, 0.415542334318161, -0.14717189967632294, 0.9702381491661072
792, 12, 0.42702609300613403, 0.40525925159454346, -0.15995700657367706, 0.9942634701728821
792, 13, 0.513460636138916, 0.4247204661369324, -0.10928144305944443, 0.7464501857757568
792, 14, 0.3972311019897461, 0.431802362203598, -0.11823824793100357, 0.8142567873001099
792, 15, 0.5254983901977539, 0.44553184509277344, -0.09876696765422821, 0.7959938049316406
792, 16, 0.3823759853839874, 0.4893452823162079, -0.09470536559820175, 0.934756875038147
792, 17, 0.5338948965072632, 0.4487479031085968, -0.10825936496257782, 0.7495383024215698
792, 18, 0.3745194375514984, 0.5010901093482971, -0.10431478917598724, 0.9427713751792908
792, 19, 0.528484582901001, 0.44769296050071716, -0.1127583384513855, 0.7371504902839661
792, 20, 0.3819909989833832, 0.49985212087631226, -0.10506422817707062, 0.9422079920768738
792, 21, 0.5238725543022156, 0.4460642635822296, -0.10048725455999374, 0.609932005405426
792, 22, 0.3866443634033203, 0.49588045477867126, -0.09421703219413757, 0.9007260203361511
792, 23, 0.4750744700431824, 0.38676923513412476, -0.0049734776839613914, 0.9985456466674805
792, 24, 0.45383062958717346, 0.37845227122306824, 0.004854787606745958, 0.9987510442733765
792, 25, 0.4668990969657898, 0.4268289804458618, 0.10394735634326935, 0.027450475841760635
792, 26, 0.4474920630455017, 0.4114312529563904, 0.1021108627319336, 0.03442294895648956
792, 27, 0.479322612285614, 0.42973220348358154, 0.2539516091346741, 0.08014068007469177
792, 28, 0.464059442281723, 0.4163850247859955, 0.24855521321296692, 0.04606745019555092
792, 29, 0.4819357395172119, 0.4289940297603607, 0.27121061086654663, 0.07012364268302917
792, 30, 0.46792611479759216, 0.41538992524147034, 0.26519784331321716, 0.04037712141871452
792, 31, 0.4782983660697937, 0.439164936542511, 0.2771380543708801, 0.035703275352716446
792, 32, 0.46323713660240173, 0.42558860778808594, 0.2668735980987549, 0.019602222368121147
793, 0, 0.4583647847175598, 0.4276081919670105, -0.21442773938179016, 0.9496870040893555
793, 1, 0.46279898285865784, 0.42357927560806274, -0.2183854579925537, 0.9556100964546204
793, 2, 0.46459347009658813, 0.42435988783836365, -0.21840950846672058, 0.9471141695976257
793, 3, 0.46636825799942017, 0.4251079857349396, -0.21848197281360626, 0.9443889856338501
793, 4, 0.4577159285545349, 0.42094916105270386, -0.21912150084972382, 0.9703363180160522
793, 5, 0.4559551179409027, 0.4199574887752533, -0.21916261315345764, 0.9690822958946228
793, 6, 0.45419842004776, 0.41897866129875183, -0.21921785175800323, 0.9739574790000916
793, 7, 0.4699515700340271, 0.42327338457107544, -0.19259494543075562, 0.9270724654197693
793, 8, 0.4515264928340912, 0.4131186604499817, -0.19571703672409058, 0.971752405166626
793, 9, 0.46034273505210876, 0.4287877380847931, -0.19989512860774994, 0.9307017922401428
793, 10, 0.4546423852443695, 0.425704687833786, -0.20095443725585938, 0.9435713887214661
793, 11, 0.4753749966621399, 0.4309917092323303, -0.13417594134807587, 0.9761170148849487
793, 12, 0.43352609872817993, 0.40811821818351746, -0.1429293006658554, 0.9902366995811462
793, 13, 0.4742526412010193, 0.456522673368454, -0.1026080995798111, 0.31763261556625366
793, 14, 0.40698710083961487, 0.43519875407218933, -0.10973922163248062, 0.7160789966583252
793, 15, 0.47565770149230957, 0.48635271191596985, -0.12018130719661713, 0.3299371004104614
793, 16, 0.39558055996894836, 0.46751195192337036, -0.11494813859462738, 0.7978479862213135
793, 17, 0.4811522364616394, 0.4954432249069214, -0.13290534913539886, 0.3235072195529938
793, 18, 0.38951972126960754, 0.4739457368850708, -0.13058656454086304, 0.7800043225288391
793, 19, 0.47561758756637573, 0.4922928810119629, -0.13852600753307343, 0.33873334527015686
793, 20, 0.39609014987945557, 0.4746856987476349, -0.13222210109233856, 0.8004419803619385
793, 21, 0.471984326839447, 0.4872990548610687, -0.12289895862340927, 0.23916158080101013
793, 22, 0.3999195098876953, 0.4723135530948639, -0.11612184345722198, 0.7030640244483948
793, 23, 0.4686507284641266, 0.3913995027542114, -0.005801963619887829, 0.9982004165649414
793, 24, 0.4525677561759949, 0.38287150859832764, 0.005709107033908367, 0.9985660910606384
793, 25, 0.46242737770080566, 0.4374777376651764, 0.08303029835224152, 0.06302731484174728
793, 26, 0.4440421462059021, 0.43180495500564575, 0.08814770728349686, 0.03572738170623779
793, 27, 0.4701010286808014, 0.4333769381046295, 0.21440747380256653, 0.05607054755091667
793, 28, 0.45872217416763306, 0.4244207739830017, 0.2190634310245514, 0.03256382420659065
793, 29, 0.47103151679039, 0.4303625226020813, 0.22923919558525085, 0.04707551375031471
793, 30, 0.4614587724208832, 0.4225160777568817, 0.23324783146381378, 0.025489600375294685
793, 31, 0.47049006819725037, 0.44695746898651123, 0.2309478223323822, 0.04253982752561569
793, 32, 0.46138256788253784, 0.4325323700904846, 0.2330629825592041, 0.02298678644001484
794, 0, 0.45595741271972656, 0.42060840129852295, -0.03938375785946846, 0.9966362714767456
794, 1, 0.45321980118751526, 0.4218861162662506, -0.03889535367488861, 0.9940701127052307
794, 2, 0.4520997405052185, 0.4215126037597656, -0.03893275931477547, 0.9957576394081116
794, 3, 0.4509654641151428, 0.42108154296875, -0.0390453077852726, 0.9922814965248108
794, 4, 0.45702919363975525, 0.4228678345680237, -0.03823903203010559, 0.9927904605865479
794, 5, 0.4580862522125244, 0.4227897524833679, -0.03820344805717468, 0.9955934882164001
794, 6, 0.45910459756851196, 0.4225587546825409, -0.038235921412706375, 0.9902224540710449
794, 7, 0.4485999047756195, 0.41746774315834045, -0.025063658133149147, 0.9952319264411926
794, 8, 0.46124306321144104, 0.42034220695495605, -0.01967982016503811, 0.9961035251617432
794, 9, 0.4546917974948883, 0.4164486825466156, -0.032441701740026474, 0.9959707856178284
794, 10, 0.4582964777946472, 0.4169155955314636, -0.031139031052589417, 0.9958375692367554
794, 11, 0.4365774989128113, 0.41285786032676697, -0.021138545125722885, 0.999737560749054
794, 12, 0.47364336252212524, 0.4144878387451172, 0.0004207396414130926, 0.9996378421783447
794, 13, 0.40187376737594604, 0.4437152147293091, -0.02861505188047886, 0.6398613452911377
794, 14, 0.49400949478149414, 0.42934852838516235, 0.008176620118319988, 0.07266443222761154
794, 15, 0.3821313977241516, 0.4717583954334259, -0.046721577644348145, 0.642016589641571
794, 16, 0.508080244064331, 0.45364120602607727, 0.01024321187287569, 0.27412810921669006
794, 17, 0.37637263536453247, 0.4778537452220917, -0.05037573724985123, 0.6311807632446289
794, 18, 0.5149464011192322, 0.4584599435329437, 0.01029683742672205, 0.2979893088340759
794, 19, 0.3783855438232422, 0.4817541241645813, -0.056478310376405716, 0.6415669918060303
794, 20, 0.5123445987701416, 0.4651797115802765, 0.0046351030468940735, 0.3004404902458191
794, 21, 0.38175272941589355, 0.47829949855804443, -0.04952573403716087, 0.6206501126289368
794, 22, 0.5089010000228882, 0.4625058174133301, 0.00838372204452753, 0.3192879855632782
794, 23, 0.45114070177078247, 0.38191622495651245, -0.010359951294958591, 0.9999850988388062
794, 24, 0.4718450903892517, 0.39589282870292664, 0.010321046225726604, 0.9999914169311523
794, 25, 0.46154069900512695, 0.4307015836238861, -0.005717863328754902, 0.8908092975616455
794, 26, 0.48510104417800903, 0.46219682693481445, -0.02518240176141262, 0.641319215297699
794, 27, 0.4756247103214264, 0.46285510063171387, 0.020057857036590576, 0.3655382990837097
794, 28, 0.5043374300003052, 0.48966434597969055, -0.07515093684196472, 0.5159650444984436
794, 29, 0.4790476858615875, 0.4635985791683197, 0.024161269888281822, 0.4378691613674164
794, 30, 0.5062341690063477, 0.4796759784221649, -0.0799543485045433, 0.5765733122825623
794, 31, 0.48235630989074707, 0.4870591163635254, -0.0012374866055324674, 0.5751522779464722
794, 32, 0.5080356597900391, 0.5257564783096313, -0.11288072168827057, 0.641247034072876
795, 0, 0.45266446471214294, 0.43468067049980164, -0.225687175989151, 0.9992799162864685
795, 1, 0.4531481862068176, 0.43748143315315247, -0.22728851437568665, 0.9991670846939087
795, 2, 0.45310336351394653, 0.43829217553138733, -0.22733601927757263, 0.999247670173645
795, 3, 0.45306769013404846, 0.4390372931957245, -0.22741012275218964, 0.9991728663444519
795, 4, 0.45335468649864197, 0.4350762367248535, -0.22929581999778748, 0.9995143413543701
795, 5, 0.45338672399520874, 0.43386712670326233, -0.2293395698070526, 0.9995162487030029
795, 6, 0.4533906877040863, 0.43260735273361206, -0.22938652336597443, 0.9991961121559143
795, 7, 0.4533553123474121, 0.43440961837768555, -0.2000022679567337, 0.998671293258667
795, 8, 0.45316821336746216, 0.42501410841941833, -0.20863290131092072, 0.9997335076332092
795, 9, 0.45209845900535583, 0.4309045076370239, -0.2116258591413498, 0.9994159936904907
795, 10, 0.4523182809352875, 0.4274546802043915, -0.2142931967973709, 0.9994810223579407
795, 11, 0.45361146330833435, 0.4240330159664154, -0.1472843736410141, 0.9996507167816162
795, 12, 0.4501649737358093, 0.4113096594810486, -0.1498202681541443, 0.9986155033111572
795, 13, 0.43772369623184204, 0.4480832517147064, -0.13757960498332977, 0.4519432485103607
795, 14, 0.4552658200263977, 0.4232127368450165, -0.08443731814622879, 0.226571723818779
795, 15, 0.4332341253757477, 0.48522013425827026, -0.17254801094532013, 0.7277098298072815
795, 16, 0.4727417528629303, 0.42843419313430786, -0.053952980786561966, 0.44484463334083557
795, 17, 0.4327250123023987, 0.4957127869129181, -0.18923132121562958, 0.7170398235321045
795, 18, 0.47802644968032837, 0.430499404668808, -0.061781805008649826, 0.5000569820404053
795, 19, 0.43308010697364807, 0.50104159116745, -0.19782745838165283, 0.7170925736427307
795, 20, 0.4784115254878998, 0.43088197708129883, -0.06987135857343674, 0.5107927918434143
795, 21, 0.4326607286930084, 0.495074599981308, -0.1773819625377655, 0.6125410199165344
795, 22, 0.4765596389770508, 0.4285633862018585, -0.05667327716946602, 0.4565868079662323
795, 23, 0.46128755807876587, 0.38683703541755676, -0.005165718961507082, 0.9998636245727539
795, 24, 0.46137651801109314, 0.3869224190711975, 0.005355043336749077, 0.9997665286064148
795, 25, 0.47701936960220337, 0.4442465901374817, 0.08291422575712204, 0.15063676238059998
795, 26, 0.4701312184333801, 0.4467076063156128, 0.06161285191774368, 0.022747624665498734
795, 27, 0.4994274973869324, 0.4802789092063904, 0.2122872769832611, 0.5469347238540649
795, 28, 0.493598610162735, 0.47661924362182617, 0.15487509965896606, 0.07319845259189606
795, 29, 0.5026779174804688, 0.4849918484687805, 0.22632737457752228, 0.5590572357177734
795, 30, 0.4958837628364563, 0.47684943675994873, 0.16374324262142181, 0.11695881187915802
795, 31, 0.5080392360687256, 0.49616560339927673, 0.20678222179412842, 0.38228002190589905
795, 32, 0.5016506910324097, 0.493958443403244, 0.13881847262382507, 0.05763286352157593
796, 0, 0.44529205560684204, 0.4436456561088562, -0.2366962730884552, 0.9930416345596313
796, 1, 0.44810357689857483, 0.4398250877857208, -0.24284660816192627, 0.9967069029808044
796, 2, 0.4499141573905945, 0.4404961168766022, -0.24285241961479187, 0.9961456060409546
796, 3, 0.4517112374305725, 0.4411202371120453, -0.24288146197795868, 0.993958592414856
796, 4, 0.44290652871131897, 0.4371899962425232, -0.24387888610363007, 0.9977850914001465
796, 5, 0.4411751329898834, 0.4361295998096466, -0.24392163753509521, 0.9977587461471558
796, 6, 0.4394415020942688, 0.435025691986084, -0.24395796656608582, 0.9974793791770935
796, 7, 0.4555680751800537, 0.43927937746047974, -0.2212294042110443, 0.992489755153656
796, 8, 0.4372093081474304, 0.43003571033477783, -0.22611241042613983, 0.9984363913536072
796, 9, 0.4486899971961975, 0.44461581110954285, -0.22271624207496643, 0.9934833645820618
796, 10, 0.4427019953727722, 0.44185179471969604, -0.22433361411094666, 0.9952071309089661
796, 11, 0.4670518934726715, 0.4413871467113495, -0.15825775265693665, 0.9984476566314697
796, 12, 0.42902716994285583, 0.4203501343727112, -0.16453595459461212, 0.9965264201164246
796, 13, 0.47359734773635864, 0.4382994472980499, -0.09963866323232651, 0.8233887553215027
796, 14, 0.4213053286075592, 0.4127870202064514, -0.11321456730365753, 0.9409520030021667
796, 15, 0.4648527503013611, 0.44349971413612366, -0.08419696241617203, 0.744061291217804
796, 16, 0.4220072627067566, 0.4233595132827759, -0.0965394601225853, 0.94174724817276
796, 17, 0.4661087989807129, 0.44697409868240356, -0.09460896998643875, 0.7908847332000732
796, 18, 0.4192517399787903, 0.4249587953090668, -0.10746222734451294, 0.9000852108001709
796, 19, 0.46198052167892456, 0.44349390268325806, -0.10436780750751495, 0.7567818760871887
796, 20, 0.4226159453392029, 0.42552104592323303, -0.1130458265542984, 0.8722625374794006
796, 21, 0.4600330889225006, 0.44149118661880493, -0.08779038488864899, 0.6107972264289856
796, 22, 0.42493143677711487, 0.425320565700531, -0.09813396632671356, 0.827667772769928
796, 23, 0.45916348695755005, 0.4013046324253082, -0.0030348789878189564, 0.9979549646377563
796, 24, 0.44444936513900757, 0.3943175971508026, 0.0030821310356259346, 0.9964488744735718
796, 25, 0.4627043306827545, 0.4259225130081177, 0.10059310495853424, 0.10523714125156403
796, 26, 0.4484715461730957, 0.4206807017326355, 0.11121612787246704, 0.04241589084267616
796, 27, 0.46491533517837524, 0.4144608676433563, 0.2559305429458618, 0.2755614221096039
796, 28, 0.45519915223121643, 0.4112435579299927, 0.2629758417606354, 0.11726684868335724
796, 29, 0.465191125869751, 0.40909960865974426, 0.27244383096694946, 0.27287882566452026
796, 30, 0.455394446849823, 0.4072548449039459, 0.2790195941925049, 0.11998459696769714
796, 31, 0.4656878113746643, 0.4292176067829132, 0.2678670883178711, 0.02341051772236824
796, 32, 0.458585649728775, 0.4225086271762848, 0.2742795944213867, 0.011822136119008064
797, 0, 0.4476262032985687, 0.4436037838459015, -0.2348683774471283, 0.9752388000488281
797, 1, 0.45062360167503357, 0.44023504853248596, -0.2405824363231659, 0.9874788522720337
797, 2, 0.45235195755958557, 0.4411536455154419, -0.24058203399181366, 0.983988344669342
797, 3, 0.4540686011314392, 0.44202253222465515, -0.24062232673168182, 0.9776306748390198
797, 4, 0.4456905722618103, 0.4371495842933655, -0.24232009053230286, 0.9907616972923279
797, 5, 0.44409218430519104, 0.4360455274581909, -0.24235263466835022, 0.9900627732276917
797, 6, 0.4424894452095032, 0.43490809202194214, -0.24236884713172913, 0.9876272082328796
797, 7, 0.45802417397499084, 0.44119229912757874, -0.21752969920635223, 0.9551324248313904
797, 8, 0.44063979387283325, 0.4304697811603546, -0.22525425255298615, 0.9878647923469543
797, 9, 0.4507268965244293, 0.4455259144306183, -0.22027698159217834, 0.9616447687149048
797, 10, 0.4450910687446594, 0.4423896372318268, -0.22274959087371826, 0.9642490744590759
797, 11, 0.46956866979599, 0.44711366295814514, -0.15273569524288177, 0.9954217076301575
797, 12, 0.43106597661972046, 0.42142438888549805, -0.16138622164726257, 0.9884496927261353
797, 13, 0.4738326668739319, 0.45032012462615967, -0.09227608144283295, 0.8080489039421082
797, 14, 0.41994696855545044, 0.4181218147277832, -0.10390637814998627, 0.9129419326782227
797, 15, 0.4661993980407715, 0.45122113823890686, -0.06201361492276192, 0.5520151257514954
797, 16, 0.4221699833869934, 0.4327048361301422, -0.07291528582572937, 0.870717465877533
797, 17, 0.46723705530166626, 0.454070121049881, -0.06796672195196152, 0.49632811546325684
797, 18, 0.420217901468277, 0.43639612197875977, -0.07945702970027924, 0.772753894329071
797, 19, 0.4636678099632263, 0.44883888959884644, -0.07526563853025436, 0.4551765024662018
797, 20, 0.4244458079338074, 0.43534767627716064, -0.083944171667099, 0.7243401408195496
797, 21, 0.4620959162712097, 0.4475865960121155, -0.0642089992761612, 0.3251952528953552
797, 22, 0.42628055810928345, 0.43498340249061584, -0.07354221493005753, 0.6929850578308105
797, 23, 0.4627823829650879, 0.39969736337661743, -0.003302269149571657, 0.9978744983673096
797, 24, 0.44603314995765686, 0.38869044184684753, 0.003289908869192004, 0.995578944683075
797, 25, 0.46089380979537964, 0.43407008051872253, 0.10118532180786133, 0.12455669045448303
797, 26, 0.4447118639945984, 0.41991573572158813, 0.11864844709634781, 0.033245645463466644
797, 27, 0.4585895538330078, 0.42642369866371155, 0.2647600769996643, 0.08829259127378464
797, 28, 0.44520682096481323, 0.4228992164134979, 0.2749735116958618, 0.03925943374633789
797, 29, 0.4584125876426697, 0.4228731393814087, 0.2824257016181946, 0.07643716782331467
797, 30, 0.4446333348751068, 0.42116492986679077, 0.2916836440563202, 0.042259957641363144
797, 31, 0.4584570527076721, 0.43925654888153076, 0.28067514300346375, 0.018930882215499878
797, 32, 0.4459020495414734, 0.43610137701034546, 0.28769081830978394, 0.010600208304822445
798, 0, 0.44701725244522095, 0.43792861700057983, -0.2082836925983429, 0.9935762286186218
798, 1, 0.44836893677711487, 0.43785715103149414, -0.21765363216400146, 0.9971838593482971
798, 2, 0.44928503036499023, 0.43830516934394836, -0.2176598608493805, 0.9960005879402161
798, 3, 0.45020633935928345, 0.4387270510196686, -0.2176806628704071, 0.995051920413971
798, 4, 0.4455581307411194, 0.4365941286087036, -0.21853308379650116, 0.9982361793518066
798, 5, 0.4445517659187317, 0.4361572563648224, -0.21859534084796906, 0.997902512550354
798, 6, 0.443540096282959, 0.4357006549835205, -0.21864137053489685, 0.9980838298797607
798, 7, 0.4520302414894104, 0.43890684843063354, -0.21087141335010529, 0.9949193596839905
798, 8, 0.4419354498386383, 0.4341984689235687, -0.21512043476104736, 0.9992008805274963
798, 9, 0.4487314820289612, 0.43770739436149597, -0.1992669254541397, 0.9974719882011414
798, 10, 0.44540366530418396, 0.4363242983818054, -0.20066218078136444, 0.998331606388092
798, 11, 0.458149254322052, 0.44033464789390564, -0.15773941576480865, 0.9990409016609192
798, 12, 0.4376673698425293, 0.4269440472126007, -0.16202592849731445, 0.9989014863967896
798, 13, 0.4599713385105133, 0.4292753338813782, -0.10724940150976181, 0.6692348122596741
798, 14, 0.44078055024147034, 0.41434672474861145, -0.10712748765945435, 0.8884066343307495
798, 15, 0.45857325196266174, 0.439410537481308, -0.09731464087963104, 0.6571251153945923
798, 16, 0.4445820748806, 0.422484427690506, -0.0805291086435318, 0.7555252313613892
798, 17, 0.46056246757507324, 0.44328129291534424, -0.10980482399463654, 0.6528153419494629
798, 18, 0.44369012117385864, 0.4243510365486145, -0.08992055058479309, 0.6505054831504822
798, 19, 0.4576195776462555, 0.4438000023365021, -0.1165245920419693, 0.6269775629043579
798, 20, 0.4453384280204773, 0.42420896887779236, -0.09603022783994675, 0.6326774954795837
798, 21, 0.456097275018692, 0.4419114291667938, -0.100203737616539, 0.5011309385299683
798, 22, 0.4459109306335449, 0.4237852394580841, -0.0824444517493248, 0.591058611869812
798, 23, 0.4562285840511322, 0.401387095451355, -0.0030320410151034594, 0.9992567896842957
798, 24, 0.4490373134613037, 0.3977701961994171, 0.003134531434625387, 0.9987767338752747
798, 25, 0.4624451696872711, 0.418856143951416, 0.10405297577381134, 0.09137998521327972
798, 26, 0.45232468843460083, 0.4177702069282532, 0.11458054929971695, 0.02532682567834854
798, 27, 0.4656681418418884, 0.4131968319416046, 0.2581007182598114, 0.10888729244470596
798, 28, 0.4619159698486328, 0.4127851128578186, 0.26295071840286255, 0.023488197475671768
798, 29, 0.4657220244407654, 0.40920186042785645, 0.2747436463832855, 0.10066588222980499
798, 30, 0.4620179533958435, 0.4100884199142456, 0.27855902910232544, 0.024801671504974365
798, 31, 0.46670299768447876, 0.42555174231529236, 0.2718219459056854, 0.030485106632113457
798, 32, 0.466916561126709, 0.4208810031414032, 0.2738669216632843, 0.008054654113948345
799, 0, 0.4481179118156433, 0.44151318073272705, -0.2182723730802536, 0.9834372997283936
799, 1, 0.45133861899375916, 0.43696245551109314, -0.22498950362205505, 0.990786075592041
799, 2, 0.45323044061660767, 0.4374394416809082, -0.2249923199415207, 0.9903458952903748
799, 3, 0.45511117577552795, 0.43788942694664, -0.22502747178077698, 0.984514057636261
799, 4, 0.44581833481788635, 0.4345669150352478, -0.22572119534015656, 0.9930558800697327
799, 5, 0.4440363943576813, 0.4334939420223236, -0.22577199339866638, 0.9938934445381165
799, 6, 0.44225233793258667, 0.4323942959308624, -0.225798100233078, 0.9928004741668701
799, 7, 0.4592371881008148, 0.4341413676738739, -0.20741622149944305, 0.9778717160224915
799, 8, 0.4397154748439789, 0.4258548617362976, -0.21086177229881287, 0.9946904182434082
799, 9, 0.4513792395591736, 0.4416562020778656, -0.20606032013893127, 0.9866406321525574
799, 10, 0.4452020525932312, 0.4391728639602661, -0.20725032687187195, 0.9901453852653503
799, 11, 0.4702649712562561, 0.43628159165382385, -0.14513429999351501, 0.9959675073623657
799, 12, 0.42954739928245544, 0.4132390022277832, -0.15137037634849548, 0.9956222176551819
799, 13, 0.4743618369102478, 0.44038283824920654, -0.0796724483370781, 0.4743073880672455
799, 14, 0.4228288531303406, 0.4120367765426636, -0.08894464373588562, 0.8579305410385132
799, 15, 0.46749457716941833, 0.45521965622901917, -0.05415438860654831, 0.5235993266105652
799, 16, 0.4268570840358734, 0.43641048669815063, -0.057720549404621124, 0.8916091918945312
799, 17, 0.4693562388420105, 0.45992767810821533, -0.06110890582203865, 0.5927703380584717
799, 18, 0.42468157410621643, 0.4411475658416748, -0.06515894830226898, 0.8626883625984192
799, 19, 0.4655531942844391, 0.4558955430984497, -0.07068245112895966, 0.5562961101531982
799, 20, 0.42876696586608887, 0.4404739439487457, -0.07105103880167007, 0.8362748622894287
799, 21, 0.4634262025356293, 0.4536076784133911, -0.05721629783511162, 0.42401939630508423
799, 22, 0.43059951066970825, 0.4392920732498169, -0.05899648740887642, 0.7999818325042725
799, 23, 0.4615951478481293, 0.3953995704650879, -0.0002355035103391856, 0.9986781477928162
799, 24, 0.44476765394210815, 0.3864959180355072, 0.0003301075194031, 0.9981093406677246
799, 25, 0.46197932958602905, 0.43447837233543396, 0.09112167358398438, 0.1088283583521843
799, 26, 0.4436759948730469, 0.4261273145675659, 0.10015746206045151, 0.07420279830694199
799, 27, 0.4577891230583191, 0.4266926944255829, 0.24288132786750793, 0.11865390837192535
799, 28, 0.44409531354904175, 0.42552095651626587, 0.2479798048734665, 0.07373154908418655
799, 29, 0.4570217728614807, 0.4218422472476959, 0.25941917300224304, 0.1207091212272644
799, 30, 0.4432235360145569, 0.4229101538658142, 0.26388290524482727, 0.06647936254739761
799, 31, 0.45715874433517456, 0.44200989603996277, 0.2579830288887024, 0.026778986677527428
799, 32, 0.4456325173377991, 0.43918800354003906, 0.26137879490852356, 0.014229695312678814
800, 0, 0.44811034202575684, 0.4352509081363678, -0.2354581356048584, 0.992117702960968
800, 1, 0.4504109025001526, 0.4327707886695862, -0.24197742342948914, 0.9953515529632568
800, 2, 0.45178642868995667, 0.43330246210098267, -0.241986945271492, 0.9931064248085022
800, 3, 0.45316067337989807, 0.43381351232528687, -0.242019921541214, 0.9930207133293152
800, 4, 0.4465397000312805, 0.430747389793396, -0.24329456686973572, 0.9968754053115845
800, 5, 0.4452494978904724, 0.4299505352973938, -0.24334116280078888, 0.9960042834281921
800, 6, 0.4439454674720764, 0.4291400909423828, -0.24337324500083923, 0.9968090653419495
800, 7, 0.4559597074985504, 0.43246543407440186, -0.22258169949054718, 0.9884659051895142
800, 8, 0.4421047568321228, 0.4256242513656616, -0.22860848903656006, 0.9975795149803162
800, 9, 0.45045924186706543, 0.4354414939880371, -0.22231987118721008, 0.996492326259613
800, 10, 0.44578155875205994, 0.4332405626773834, -0.2241852730512619, 0.997244119644165
800, 11, 0.4641442894935608, 0.43746495246887207, -0.15871021151542664, 0.9990493655204773
800, 12, 0.43427619338035583, 0.41672080755233765, -0.16759316623210907, 0.9989023208618164
800, 13, 0.46461743116378784, 0.43948477506637573, -0.11390626430511475, 0.4217289984226227
800, 14, 0.43188267946243286, 0.4130198061466217, -0.1180407851934433, 0.9041399955749512
800, 15, 0.4617547392845154, 0.45019298791885376, -0.11743827164173126, 0.5153785347938538
800, 16, 0.4352032244205475, 0.4309936463832855, -0.101192906498909, 0.8926057815551758
800, 17, 0.4640296995639801, 0.45424962043762207, -0.13181112706661224, 0.5381503105163574
800, 18, 0.43325191736221313, 0.4353279173374176, -0.11392034590244293, 0.8334397673606873
800, 19, 0.4608384072780609, 0.45274797081947327, -0.1419808566570282, 0.5205202698707581
800, 20, 0.43621307611465454, 0.43524059653282166, -0.1203310638666153, 0.8177183866500854
800, 21, 0.4588293135166168, 0.45076319575309753, -0.12218974530696869, 0.39814841747283936
800, 22, 0.4375358521938324, 0.4339352548122406, -0.10361836850643158, 0.7888453006744385
800, 23, 0.458428293466568, 0.39815062284469604, 0.0009294558549299836, 0.9988815188407898
800, 24, 0.4469847083091736, 0.39028027653694153, -0.0008313310099765658, 0.9984128475189209
800, 25, 0.4570947289466858, 0.4376165568828583, 0.08739062398672104, 0.05943124368786812
800, 26, 0.443901926279068, 0.43273574113845825, 0.09416444599628448, 0.04495202749967575
800, 27, 0.4510917067527771, 0.4321367144584656, 0.2371457815170288, 0.06453394889831543
800, 28, 0.4452102780342102, 0.42888903617858887, 0.2408808171749115, 0.027749599888920784
800, 29, 0.4502662718296051, 0.42721033096313477, 0.252758651971817, 0.05789290741086006
800, 30, 0.44460955262184143, 0.4259290099143982, 0.2557879686355591, 0.023187320679426193
800, 31, 0.44912129640579224, 0.44816234707832336, 0.2444928139448166, 0.05778144672513008
800, 32, 0.4468475878238678, 0.4401768445968628, 0.2467201054096222, 0.020490704104304314
801, 0, 0.4477548599243164, 0.44164222478866577, -0.20111985504627228, 0.987346887588501
801, 1, 0.45074552297592163, 0.4395527243614197, -0.21053937077522278, 0.9924324750900269
801, 2, 0.45250409841537476, 0.43994349241256714, -0.21054546535015106, 0.9912410378456116
801, 3, 0.45425719022750854, 0.4403107464313507, -0.2105586975812912, 0.9850871562957764
801, 4, 0.445651113986969, 0.43770191073417664, -0.21180656552314758, 0.995369017124176
801, 5, 0.44399699568748474, 0.4368678331375122, -0.21186324954032898, 0.9958323836326599
801, 6, 0.4423385560512543, 0.43601199984550476, -0.2118963748216629, 0.9952287673950195
801, 7, 0.45835357904434204, 0.43670183420181274, -0.2024197280406952, 0.9803804755210876
801, 8, 0.44014662504196167, 0.4302043616771698, -0.20809254050254822, 0.9967654943466187
801, 9, 0.45077815651893616, 0.44046157598495483, -0.19152039289474487, 0.9918524622917175
801, 10, 0.44519463181495667, 0.4385632872581482, -0.1933359056711197, 0.9947172999382019
801, 11, 0.4694475531578064, 0.4346579313278198, -0.1468927264213562, 0.9960636496543884
801, 12, 0.4302047789096832, 0.4154074490070343, -0.1539047509431839, 0.9960189461708069
801, 13, 0.47206392884254456, 0.435944139957428, -0.08152932673692703, 0.5785413384437561
801, 14, 0.4268251955509186, 0.4131324291229248, -0.08808623999357224, 0.8455908298492432
801, 15, 0.465562641620636, 0.45157724618911743, -0.06598397344350815, 0.5571445822715759
801, 16, 0.4379705786705017, 0.4355625510215759, -0.05883815884590149, 0.8183991312980652
801, 17, 0.46743345260620117, 0.455849826335907, -0.0776112973690033, 0.6348466873168945
801, 18, 0.43787747621536255, 0.4398515522480011, -0.06865677237510681, 0.7753266096115112
801, 19, 0.4636360704898834, 0.45331570506095886, -0.08771507441997528, 0.6027246117591858
801, 20, 0.4419711232185364, 0.438199520111084, -0.07691764831542969, 0.7488898038864136
801, 21, 0.46163803339004517, 0.4511738717556, -0.06997907161712646, 0.5052496194839478
801, 22, 0.4428507387638092, 0.4367663562297821, -0.061337314546108246, 0.7252020239830017
801, 23, 0.4611506462097168, 0.3915044963359833, -0.0012153537245467305, 0.9988987445831299
801, 24, 0.44546157121658325, 0.38401034474372864, 0.0013057055184617639, 0.9982836246490479
801, 25, 0.46232834458351135, 0.426407128572464, 0.10858486592769623, 0.0750713124871254
801, 26, 0.44621095061302185, 0.4199064075946808, 0.11380205303430557, 0.043855633586645126
801, 27, 0.46337324380874634, 0.41734471917152405, 0.2735633850097656, 0.16724750399589539
801, 28, 0.45066380500793457, 0.41798651218414307, 0.2796369194984436, 0.045534875243902206
801, 29, 0.4633112847805023, 0.4122355282306671, 0.29168808460235596, 0.16575512290000916
801, 30, 0.4499736726284027, 0.4153427481651306, 0.2975021004676819, 0.06547809392213821
801, 31, 0.4637088179588318, 0.43236443400382996, 0.2904711663722992, 0.029629971832036972
801, 32, 0.45377492904663086, 0.42929670214653015, 0.29688921570777893, 0.008142496459186077
802, 0, 0.4467508792877197, 0.4426528513431549, -0.2079199254512787, 0.9919079542160034
802, 1, 0.4499240517616272, 0.44131407141685486, -0.21644023060798645, 0.9960169196128845
802, 2, 0.45179444551467896, 0.4417335093021393, -0.21645846962928772, 0.9949246644973755
802, 3, 0.4536500573158264, 0.4421171545982361, -0.2164914906024933, 0.9908088445663452
802, 4, 0.44450998306274414, 0.43940725922584534, -0.21822433173656464, 0.9983680844306946
802, 5, 0.4427463412284851, 0.43855154514312744, -0.21827499568462372, 0.998391330242157
802, 6, 0.4409733712673187, 0.4376644194126129, -0.21832367777824402, 0.9980186223983765
802, 7, 0.45791953802108765, 0.4386467933654785, -0.2057168185710907, 0.986939549446106
802, 8, 0.43860626220703125, 0.43180984258651733, -0.21345970034599304, 0.9991222023963928
802, 9, 0.4498439431190491, 0.44145074486732483, -0.19733253121376038, 0.9952961802482605
802, 10, 0.4438723921775818, 0.4395201504230499, -0.19975163042545319, 0.9974690675735474
802, 11, 0.4698689579963684, 0.4345141649246216, -0.14840222895145416, 0.9967803955078125
802, 12, 0.4279080331325531, 0.41848647594451904, -0.15831395983695984, 0.9966200590133667
802, 13, 0.47325748205184937, 0.4316657483577728, -0.09532136470079422, 0.7489646673202515
802, 14, 0.42162561416625977, 0.4108852446079254, -0.09116553515195847, 0.793523907661438
802, 15, 0.46768179535865784, 0.44854408502578735, -0.09685344994068146, 0.7958349585533142
802, 16, 0.4310666024684906, 0.4262629747390747, -0.06525140255689621, 0.8729223012924194
802, 17, 0.4697476923465729, 0.453291118144989, -0.11174406111240387, 0.8166007399559021
802, 18, 0.43062132596969604, 0.4282330274581909, -0.07590029388666153, 0.8364453911781311
802, 19, 0.46629229187965393, 0.45304185152053833, -0.12165186554193497, 0.7876262068748474
802, 20, 0.4345128536224365, 0.4278109669685364, -0.08463875204324722, 0.8053674101829529
802, 21, 0.46395963430404663, 0.45072558522224426, -0.10134723037481308, 0.670596718788147
802, 22, 0.43589526414871216, 0.4274440407752991, -0.06780832260847092, 0.7672818303108215
802, 23, 0.46067553758621216, 0.39545750617980957, -0.001193168107420206, 0.9993195533752441
802, 24, 0.4434688687324524, 0.39038199186325073, 0.001270828302949667, 0.9983808994293213
802, 25, 0.4642748236656189, 0.4281384348869324, 0.10841517150402069, 0.10410758852958679
802, 26, 0.44677576422691345, 0.42405587434768677, 0.11489608138799667, 0.07370598614215851
802, 27, 0.46551936864852905, 0.41628262400627136, 0.27338841557502747, 0.3141929805278778
802, 28, 0.4502537250518799, 0.4188119173049927, 0.28091076016426086, 0.08969315141439438
802, 29, 0.4650903344154358, 0.41048896312713623, 0.2913963794708252, 0.3009397089481354
802, 30, 0.44874587655067444, 0.41543206572532654, 0.29840853810310364, 0.1115204319357872
802, 31, 0.4668160080909729, 0.4310930371284485, 0.2886548936367035, 0.031058279797434807
802, 32, 0.45431023836135864, 0.4288354218006134, 0.2953060567378998, 0.00894604716449976
803, 0, 0.4481883645057678, 0.44859594106674194, -0.18741340935230255, 0.993601381778717
803, 1, 0.45105797052383423, 0.44800126552581787, -0.1943517029285431, 0.9962983727455139
803, 2, 0.45274418592453003, 0.44845399260520935, -0.19437824189662933, 0.9954003691673279
803, 3, 0.45442190766334534, 0.44886407256126404, -0.19442205131053925, 0.9930738210678101
803, 4, 0.4463101923465729, 0.44615647196769714, -0.1965024769306183, 0.9981613755226135
803, 5, 0.44473952054977417, 0.44533827900886536, -0.19654561579227448, 0.9981580376625061
803, 6, 0.4431512951850891, 0.4445018768310547, -0.1965908706188202, 0.9978062510490417
803, 7, 0.4581376016139984, 0.44511064887046814, -0.18336066603660583, 0.985285222530365
803, 8, 0.44117504358291626, 0.4386824667453766, -0.19262486696243286, 0.9988607168197632
803, 9, 0.45085230469703674, 0.44693130254745483, -0.1775253266096115, 0.9957584738731384
803, 10, 0.445457398891449, 0.444854199886322, -0.18028226494789124, 0.9964963793754578
803, 11, 0.4698147177696228, 0.436532586812973, -0.1314370483160019, 0.9982989430427551
803, 12, 0.430103063583374, 0.42295998334884644, -0.1456919014453888, 0.9967666864395142
803, 13, 0.47109031677246094, 0.4309598207473755, -0.0988396629691124, 0.7691742777824402
803, 14, 0.4226493239402771, 0.414833664894104, -0.10178053379058838, 0.8692008852958679
803, 15, 0.4645484387874603, 0.4486401379108429, -0.11511117219924927, 0.8371526598930359
803, 16, 0.4364452362060547, 0.4312710762023926, -0.08943548053503036, 0.9010883569717407
803, 17, 0.46555620431900024, 0.4555072784423828, -0.13104727864265442, 0.8299509286880493
803, 18, 0.4367639422416687, 0.4370315670967102, -0.10185988992452621, 0.829138994216919
803, 19, 0.46180444955825806, 0.4560788571834564, -0.13995029032230377, 0.8087451457977295
803, 20, 0.44116339087486267, 0.4355558156967163, -0.10842669010162354, 0.7937082648277283
803, 21, 0.46011883020401, 0.45312047004699707, -0.12002333253622055, 0.7013775110244751
803, 22, 0.4420386254787445, 0.43364495038986206, -0.09186568111181259, 0.7685794234275818
803, 23, 0.4616909921169281, 0.39266589283943176, 0.00030395746580325067, 0.9993683695793152
803, 24, 0.4441569447517395, 0.38780686259269714, -0.00023378206242341548, 0.9981864094734192
803, 25, 0.46928125619888306, 0.42758890986442566, 0.09237676858901978, 0.1312372386455536
803, 26, 0.44912081956863403, 0.4231812655925751, 0.09699374437332153, 0.0817549005150795
803, 27, 0.4674195349216461, 0.4164453148841858, 0.2458260953426361, 0.27485400438308716
803, 28, 0.450965017080307, 0.42105239629745483, 0.2519586682319641, 0.08534033596515656
803, 29, 0.4657823145389557, 0.41055476665496826, 0.2621435225009918, 0.24660006165504456
803, 30, 0.4489804208278656, 0.4177996814250946, 0.2677701413631439, 0.1355913132429123
803, 31, 0.47105783224105835, 0.43098270893096924, 0.2557399570941925, 0.037906382232904434
803, 32, 0.4568921625614166, 0.43136194348335266, 0.2610928416252136, 0.01754283532500267
804, 0, 0.45001229643821716, 0.44999393820762634, -0.1754734367132187, 0.9699679613113403
804, 1, 0.45254960656166077, 0.44979727268218994, -0.18316905200481415, 0.9859602451324463
804, 2, 0.4540718197822571, 0.4500778913497925, -0.18319448828697205, 0.9821231961250305
804, 3, 0.455584853887558, 0.4503241181373596, -0.18323084712028503, 0.9728451371192932
804, 4, 0.4480925500392914, 0.44865769147872925, -0.18488605320453644, 0.99327552318573
804, 5, 0.4465824067592621, 0.44814300537109375, -0.18493685126304626, 0.9932199716567993
804, 6, 0.4450570046901703, 0.44761520624160767, -0.18499793112277985, 0.992120623588562
804, 7, 0.45864352583885193, 0.4472317695617676, -0.1769513487815857, 0.9550146460533142
804, 8, 0.4427834451198578, 0.4432336986064911, -0.1843663454055786, 0.9974729418754578
804, 9, 0.45238274335861206, 0.4483273923397064, -0.16754840314388275, 0.9906699657440186
804, 10, 0.4473606050014496, 0.44702067971229553, -0.16975973546504974, 0.9937185049057007
804, 11, 0.4679540991783142, 0.4379916787147522, -0.12832535803318024, 0.9961302280426025
804, 12, 0.43284010887145996, 0.43053820729255676, -0.13925814628601074, 0.9955258965492249
804, 13, 0.46679943799972534, 0.4224562644958496, -0.09765893220901489, 0.5129997134208679
804, 14, 0.43012160062789917, 0.4138237535953522, -0.08396994322538376, 0.6261072158813477
804, 15, 0.4626350402832031, 0.4422591030597687, -0.11130537837743759, 0.583122730255127
804, 16, 0.4432505667209625, 0.427404522895813, -0.05478186160326004, 0.5793212056159973
804, 17, 0.46474456787109375, 0.44820496439933777, -0.1259109377861023, 0.5764657258987427
804, 18, 0.4438256323337555, 0.43128034472465515, -0.0633329376578331, 0.4900233745574951
804, 19, 0.4608578681945801, 0.4504331350326538, -0.13380365073680878, 0.5414162278175354
804, 20, 0.4477471709251404, 0.43048909306526184, -0.07011361420154572, 0.4455668032169342
804, 21, 0.4587978422641754, 0.4479653537273407, -0.11565877497196198, 0.43553999066352844
804, 22, 0.4484473764896393, 0.4292256236076355, -0.056763697415590286, 0.4325166344642639
804, 23, 0.4607219099998474, 0.39520716667175293, -0.00015176944725681096, 0.9993261098861694
804, 24, 0.4451928734779358, 0.39357706904411316, 0.00025955820456147194, 0.9984512329101562
804, 25, 0.4730457663536072, 0.42206817865371704, 0.08940804749727249, 0.2157590687274933
804, 26, 0.45374631881713867, 0.4235938489437103, 0.09323251992464066, 0.10554256290197372
804, 27, 0.47514039278030396, 0.41300544142723083, 0.23714189231395721, 0.29895493388175964
804, 28, 0.45756810903549194, 0.41809430718421936, 0.2391398698091507, 0.07086401432752609
804, 29, 0.47413578629493713, 0.40760260820388794, 0.25299254059791565, 0.25892317295074463
804, 30, 0.45593833923339844, 0.41494667530059814, 0.25392523407936096, 0.07974611967802048
804, 31, 0.4787236154079437, 0.42644092440605164, 0.24684889614582062, 0.06201043725013733
804, 32, 0.46292346715927124, 0.4253091514110565, 0.2458944022655487, 0.01663234643638134
805, 0, 0.45265665650367737, 0.441633403301239, -0.22412940859794617, 0.9882165789604187
805, 1, 0.45665258169174194, 0.4391317069530487, -0.22978369891643524, 0.9807326197624207
805, 2, 0.45856809616088867, 0.44033458828926086, -0.22980281710624695, 0.9797564148902893
805, 3, 0.46047407388687134, 0.44151437282562256, -0.22982053458690643, 0.9743098616600037
805, 4, 0.4508083462715149, 0.434237539768219, -0.22942475974559784, 0.9879853129386902
805, 5, 0.44884243607521057, 0.4323735535144806, -0.22951412200927734, 0.9906931519508362
805, 6, 0.44685226678848267, 0.43057283759117126, -0.22961768507957458, 0.9921451210975647
805, 7, 0.4648517966270447, 0.4366644024848938, -0.2090846300125122, 0.9460220336914062
805, 8, 0.4437194764614105, 0.41948461532592773, -0.20781853795051575, 0.9905797839164734
805, 9, 0.45556002855300903, 0.4420665204524994, -0.21134617924690247, 0.9749327301979065
805, 10, 0.44967612624168396, 0.43662184476852417, -0.2109653502702713, 0.983356237411499
805, 11, 0.4796600341796875, 0.43038034439086914, -0.15368510782718658, 0.971010684967041
805, 12, 0.42257243394851685, 0.4001166820526123, -0.1591280996799469, 0.9969086050987244
805, 13, 0.500892162322998, 0.46097472310066223, -0.13945339620113373, 0.8651458621025085
805, 14, 0.3947018086910248, 0.42615872621536255, -0.14163050055503845, 0.9190424680709839
805, 15, 0.5136429071426392, 0.5090718865394592, -0.16411754488945007, 0.9296568632125854
805, 16, 0.3814767301082611, 0.4726932942867279, -0.14771991968154907, 0.9629642367362976
805, 17, 0.522171676158905, 0.522495448589325, -0.18165424466133118, 0.9188045263290405
805, 18, 0.37216252088546753, 0.48031121492385864, -0.1663753092288971, 0.9646331667900085
805, 19, 0.5145744681358337, 0.5225005745887756, -0.1849977970123291, 0.9157515168190002
805, 20, 0.3796321749687195, 0.48104023933410645, -0.16725927591323853, 0.9638566374778748
805, 21, 0.5101609826087952, 0.515899658203125, -0.16663898527622223, 0.8366430401802063
805, 22, 0.3855065405368805, 0.47875094413757324, -0.14870072901248932, 0.9279609322547913
805, 23, 0.47737759351730347, 0.3781905770301819, -0.008248991332948208, 0.9971892237663269
805, 24, 0.4561440348625183, 0.3644818067550659, 0.008028343319892883, 0.9972900152206421
805, 25, 0.46938833594322205, 0.4264456331729889, 0.1000605970621109, 0.04109850898385048
805, 26, 0.4479169249534607, 0.4103139638900757, 0.10004045814275742, 0.06169391795992851
805, 27, 0.4795929789543152, 0.42966604232788086, 0.24844852089881897, 0.08692920953035355
805, 28, 0.4685457646846771, 0.4152623414993286, 0.24453607201576233, 0.05621280521154404
805, 29, 0.48164671659469604, 0.4258270561695099, 0.26528531312942505, 0.07568692415952682
805, 30, 0.4720466732978821, 0.4135909080505371, 0.2610045373439789, 0.054141100496053696
805, 31, 0.47903674840927124, 0.44933241605758667, 0.26882341504096985, 0.062368474900722504
805, 32, 0.47135478258132935, 0.42654651403427124, 0.2615954279899597, 0.042340248823165894
806, 0, 0.4499642252922058, 0.4472302198410034, -0.21661421656608582, 0.9984385371208191
806, 1, 0.45397624373435974, 0.4440804421901703, -0.2187906950712204, 0.9982908368110657
806, 2, 0.4558233618736267, 0.44515109062194824, -0.21879646182060242, 0.9975925087928772
806, 3, 0.45768386125564575, 0.4461292624473572, -0.21883416175842285, 0.9976580142974854
806, 4, 0.4486862123012543, 0.4394044578075409, -0.21966484189033508, 0.9991604089736938
806, 5, 0.4471513628959656, 0.4375990927219391, -0.21972770988941193, 0.9990264177322388
806, 6, 0.4455949366092682, 0.4357893764972687, -0.21979877352714539, 0.9992331266403198
806, 7, 0.4641832411289215, 0.4378727674484253, -0.18988773226737976, 0.9895607233047485
806, 8, 0.44471389055252075, 0.4212106168270111, -0.19345563650131226, 0.9985194802284241
806, 9, 0.45336437225341797, 0.44619306921958923, -0.2011963576078415, 0.9955768585205078
806, 10, 0.4481327533721924, 0.4412042498588562, -0.20224782824516296, 0.9967363476753235
806, 11, 0.4853433072566986, 0.43335863947868347, -0.139849454164505, 0.9220718145370483
806, 12, 0.42684406042099, 0.3960972726345062, -0.14268557727336884, 0.9953122138977051
806, 13, 0.4968899190425873, 0.4908769726753235, -0.1295955926179886, 0.9326435327529907
806, 14, 0.3930652141571045, 0.4238455593585968, -0.13015064597129822, 0.9244515895843506
806, 15, 0.5015981197357178, 0.5677930116653442, -0.16273526847362518, 0.9582696557044983
806, 16, 0.3827535808086395, 0.4812174439430237, -0.1552191525697708, 0.9734256267547607
806, 17, 0.5078250765800476, 0.5906975269317627, -0.18372148275375366, 0.9316608309745789
806, 18, 0.37596744298934937, 0.48998960852622986, -0.17781701683998108, 0.9612719416618347
806, 19, 0.49890631437301636, 0.5891919136047363, -0.1874108463525772, 0.931603729724884
806, 20, 0.37381666898727417, 0.4874706268310547, -0.18065237998962402, 0.958989143371582
806, 21, 0.4952005445957184, 0.5789587497711182, -0.16580882668495178, 0.8807970285415649
806, 22, 0.37959980964660645, 0.4856872856616974, -0.15758317708969116, 0.9361587762832642
806, 23, 0.486886203289032, 0.3726833760738373, -0.004738847725093365, 0.9875379800796509
806, 24, 0.4604037404060364, 0.3537149429321289, 0.0046241749078035355, 0.9926621913909912
806, 25, 0.47849220037460327, 0.44974571466445923, 0.05667523294687271, 0.05431239306926727
806, 26, 0.4420381486415863, 0.41031473875045776, 0.05322001129388809, 0.13588078320026398
806, 27, 0.48189598321914673, 0.47103962302207947, 0.18397007882595062, 0.08612558245658875
806, 28, 0.4501422941684723, 0.41989728808403015, 0.19150470197200775, 0.03428192436695099
806, 29, 0.4828585684299469, 0.4698565602302551, 0.19819355010986328, 0.06767018884420395
806, 30, 0.4511415362358093, 0.4182514548301697, 0.20714440941810608, 0.0411059707403183
806, 31, 0.479243665933609, 0.4957888424396515, 0.19645662605762482, 0.12207341939210892
806, 32, 0.452861487865448, 0.43319132924079895, 0.20966263115406036, 0.05960054695606232
807, 0, 0.4487296938896179, 0.47001731395721436, -0.2891906499862671, 0.9998526573181152
807, 1, 0.45911067724227905, 0.46548330783843994, -0.2908775508403778, 0.999906063079834
807, 2, 0.46227002143859863, 0.4660327136516571, -0.29089874029159546, 0.9998840093612671
807, 3, 0.46543893218040466, 0.4676761329174042, -0.29096484184265137, 0.9999210834503174
807, 4, 0.4461826682090759, 0.45846208930015564, -0.2925386130809784, 0.9999407529830933
807, 5, 0.44341784715652466, 0.4559882581233978, -0.2925799787044525, 0.9999258518218994
807, 6, 0.44148388504981995, 0.4544447660446167, -0.2925823926925659, 0.9999316930770874
807, 7, 0.4732288718223572, 0.4540497362613678, -0.25621262192726135, 0.9995734095573425
807, 8, 0.4401426911354065, 0.43679073452949524, -0.2628798484802246, 0.9998416900634766
807, 9, 0.45345085859298706, 0.4681796133518219, -0.27147069573402405, 0.9996247291564941
807, 10, 0.44750913977622986, 0.4613962769508362, -0.2732682228088379, 0.9995574355125427
807, 11, 0.492418110370636, 0.45159000158309937, -0.18688198924064636, 0.9753627181053162
807, 12, 0.4361425042152405, 0.3989924192428589, -0.19442366063594818, 0.9894959330558777
807, 13, 0.49418696761131287, 0.5238800048828125, -0.16877281665802002, 0.89383864402771
807, 14, 0.3982886075973511, 0.4232439398765564, -0.16690605878829956, 0.9365738034248352
807, 15, 0.4926472306251526, 0.6192490458488464, -0.2175430953502655, 0.974980354309082
807, 16, 0.38420310616493225, 0.48960021138191223, -0.2028317153453827, 0.9776509404182434
807, 17, 0.49512696266174316, 0.6475245952606201, -0.24564771354198456, 0.9681437015533447
807, 18, 0.3774261772632599, 0.503463864326477, -0.23083050549030304, 0.9729527831077576
807, 19, 0.4851761758327484, 0.6467829942703247, -0.25136125087738037, 0.9669426083564758
807, 20, 0.381858229637146, 0.5113848447799683, -0.24160203337669373, 0.9712523818016052
807, 21, 0.48323068022727966, 0.6365172863006592, -0.22246906161308289, 0.9472185373306274
807, 22, 0.3880752921104431, 0.5091571807861328, -0.2089836150407791, 0.9590945243835449
807, 23, 0.4958062767982483, 0.3863244354724884, -0.0023010869044810534, 0.997829258441925
807, 24, 0.46491193771362305, 0.3651839792728424, 0.00240275333635509, 0.9981293082237244
807, 25, 0.49727898836135864, 0.503441572189331, -0.0054029137827456, 0.2926323115825653
807, 26, 0.44573554396629333, 0.44850650429725647, 0.024615775793790817, 0.3371019959449768
807, 27, 0.5015630125999451, 0.5737169981002808, 0.08834336698055267, 0.43756648898124695
807, 28, 0.4492562413215637, 0.4828316867351532, 0.13832712173461914, 0.1865127831697464
807, 29, 0.5033706426620483, 0.5807046890258789, 0.09772045910358429, 0.32751208543777466
807, 30, 0.4509216248989105, 0.4860881268978119, 0.15026816725730896, 0.16859592497348785
807, 31, 0.49691495299339294, 0.6177293658256531, 0.05613482743501663, 0.6022640466690063
807, 32, 0.4448409974575043, 0.5065842866897583, 0.12172071635723114, 0.2890434265136719
808, 0, 0.4480920732021332, 0.4678230583667755, -0.24498653411865234, 0.999980092048645
808, 1, 0.45798859000205994, 0.4630807638168335, -0.24725201725959778, 0.9999861717224121
808, 2, 0.46212953329086304, 0.46387720108032227, -0.24725405871868134, 0.9999840259552002
808, 3, 0.4650142788887024, 0.4648483991622925, -0.24728980660438538, 0.999988317489624
808, 4, 0.4439939558506012, 0.45416030287742615, -0.2481624186038971, 0.999991774559021
808, 5, 0.44133085012435913, 0.4509931206703186, -0.24821047484874725, 0.9999899864196777
808, 6, 0.4381863474845886, 0.4465363025665283, -0.24821555614471436, 0.9999899864196777
808, 7, 0.4725913107395172, 0.45617106556892395, -0.22008845210075378, 0.999931812286377
808, 8, 0.4371519088745117, 0.4273412823677063, -0.22385689616203308, 0.9999741315841675
808, 9, 0.4568691849708557, 0.46978938579559326, -0.23069676756858826, 0.9999381303787231
808, 10, 0.442158043384552, 0.46094390749931335, -0.23167335987091064, 0.9999372959136963
808, 11, 0.4930201470851898, 0.44910651445388794, -0.1607820838689804, 0.9881412982940674
808, 12, 0.43618059158325195, 0.394497811794281, -0.1667936146259308, 0.9950838685035706
808, 13, 0.4939813017845154, 0.5254958868026733, -0.14032681286334991, 0.9263595342636108
808, 14, 0.40046048164367676, 0.4222038984298706, -0.14434519410133362, 0.940826416015625
808, 15, 0.48542508482933044, 0.6170647740364075, -0.181244358420372, 0.9818798303604126
808, 16, 0.3844979703426361, 0.48901546001434326, -0.17237260937690735, 0.9820737838745117
808, 17, 0.4859408438205719, 0.6453629732131958, -0.205540731549263, 0.97660893201828
808, 18, 0.37829577922821045, 0.501410961151123, -0.19784963130950928, 0.9753012657165527
808, 19, 0.47708049416542053, 0.639333963394165, -0.21125957369804382, 0.9761834740638733
808, 20, 0.3844502568244934, 0.5095548629760742, -0.2054482251405716, 0.9731268882751465
808, 21, 0.4756935238838196, 0.6270874738693237, -0.185690775513649, 0.9642088413238525
808, 22, 0.39064130187034607, 0.5064139366149902, -0.1769832968711853, 0.9628459811210632
808, 23, 0.4968183934688568, 0.3837278187274933, -0.002366432221606374, 0.9988723397254944
808, 24, 0.46574774384498596, 0.3592589199542999, 0.002468519378453493, 0.9989577531814575
808, 25, 0.49397510290145874, 0.49823763966560364, -0.00803581066429615, 0.5046602487564087
808, 26, 0.44127950072288513, 0.4294144809246063, 0.04076994210481644, 0.5658888220787048
808, 27, 0.49477729201316833, 0.5714319944381714, 0.0683787614107132, 0.5899344086647034
808, 28, 0.4482190012931824, 0.4647892713546753, 0.16261979937553406, 0.3533208966255188
808, 29, 0.4964720606803894, 0.5783343315124512, 0.07633654028177261, 0.4259890615940094
808, 30, 0.45090994238853455, 0.4688788652420044, 0.17583759129047394, 0.2782353162765503
808, 31, 0.4889158606529236, 0.6133675575256348, 0.042165402323007584, 0.7732124328613281
808, 32, 0.4438936114311218, 0.48440641164779663, 0.1599276065826416, 0.5081534385681152
809, 0, 0.45251813530921936, 0.4647391140460968, -0.2744307219982147, 0.9999496936798096
809, 1, 0.45760422945022583, 0.46135246753692627, -0.2756417393684387, 0.9999709129333496
809, 2, 0.4596298635005951, 0.4625965654850006, -0.27565798163414, 0.9999608993530273
809, 3, 0.4665629267692566, 0.4642099142074585, -0.2757125794887543, 0.9999715089797974
809, 4, 0.4521436095237732, 0.455866277217865, -0.2767132818698883, 0.9999830722808838
809, 5, 0.4456239640712738, 0.4520321786403656, -0.2767564654350281, 0.9999769926071167
809, 6, 0.4439772963523865, 0.45107609033584595, -0.2767694592475891, 0.9999791383743286
809, 7, 0.4733833372592926, 0.45592156052589417, -0.23884189128875732, 0.9998334646224976
809, 8, 0.4430806040763855, 0.4328921139240265, -0.24277611076831818, 0.9999549388885498
809, 9, 0.45653003454208374, 0.4633457064628601, -0.2559378147125244, 0.9998713731765747
809, 10, 0.4510454535484314, 0.45672929286956787, -0.25690925121307373, 0.9998600482940674
809, 11, 0.4915921092033386, 0.45238152146339417, -0.1695563793182373, 0.9840482473373413
809, 12, 0.4364689886569977, 0.40170949697494507, -0.1810302883386612, 0.9938371777534485
809, 13, 0.49393755197525024, 0.5215182900428772, -0.16093836724758148, 0.8610446453094482
809, 14, 0.3990880846977234, 0.42937567830085754, -0.16667440533638, 0.9615432620048523
809, 15, 0.48979243636131287, 0.612872838973999, -0.2117169201374054, 0.9780334830284119
809, 16, 0.38596251606941223, 0.4942520260810852, -0.2031075656414032, 0.9878534078598022
809, 17, 0.49096399545669556, 0.6403762102127075, -0.23971295356750488, 0.9736576676368713
809, 18, 0.3770062327384949, 0.5079599618911743, -0.23215246200561523, 0.9823013544082642
809, 19, 0.48179465532302856, 0.6385884881019592, -0.24618923664093018, 0.9730534553527832
809, 20, 0.3854703903198242, 0.5137850046157837, -0.2411303073167801, 0.9807434678077698
809, 21, 0.4805714190006256, 0.6233394145965576, -0.2174563705921173, 0.9570716023445129
809, 22, 0.391659140586853, 0.5100062489509583, -0.2088821679353714, 0.9732698798179626
809, 23, 0.4948560297489166, 0.38705185055732727, -0.0013851000694558024, 0.9991520643234253
809, 24, 0.4652634561061859, 0.3651975095272064, 0.0014364997623488307, 0.9991629123687744
809, 25, 0.4922139644622803, 0.49669021368026733, 0.0014205032493919134, 0.3779343366622925
809, 26, 0.43942132592201233, 0.4494951367378235, 0.020253954455256462, 0.4539090692996979
809, 27, 0.49981626868247986, 0.5518749356269836, 0.08871127665042877, 0.4503856897354126
809, 28, 0.4494211673736572, 0.4655894935131073, 0.14899027347564697, 0.12962467968463898
809, 29, 0.5023326277732849, 0.5569757223129272, 0.0979699045419693, 0.329081267118454
809, 30, 0.4525303244590759, 0.4659730792045593, 0.16322042047977448, 0.12544052302837372
809, 31, 0.4960605502128601, 0.5877296328544617, 0.06609533727169037, 0.6739346981048584
809, 32, 0.44573870301246643, 0.4810304045677185, 0.1509457677602768, 0.2492397129535675
810, 0, 0.4541754126548767, 0.44089049100875854, -0.2046239823102951, 0.9724884033203125
810, 1, 0.4576229453086853, 0.43844130635261536, -0.21032647788524628, 0.9803213477134705
810, 2, 0.45944005250930786, 0.43917226791381836, -0.21033403277397156, 0.979781985282898
810, 3, 0.4612511098384857, 0.439873069524765, -0.21038062870502472, 0.9734984636306763
810, 4, 0.45213252305984497, 0.4353311359882355, -0.21019390225410461, 0.9803916215896606
810, 5, 0.4502914547920227, 0.434246689081192, -0.21027116477489471, 0.9821348190307617
810, 6, 0.4484545588493347, 0.43316492438316345, -0.21035635471343994, 0.9849860668182373
810, 7, 0.46567338705062866, 0.43507176637649536, -0.19094713032245636, 0.9599196314811707
810, 8, 0.44555220007896423, 0.42363816499710083, -0.19054721295833588, 0.9775729179382324
810, 9, 0.45723646879196167, 0.4398512840270996, -0.19240933656692505, 0.9687556028366089
810, 10, 0.45157188177108765, 0.4365171790122986, -0.19236357510089874, 0.9752721190452576
810, 11, 0.48103219270706177, 0.42767879366874695, -0.13784976303577423, 0.9716827273368835
810, 12, 0.4264431893825531, 0.40689027309417725, -0.14568184316158295, 0.9935178756713867
810, 13, 0.5036920309066772, 0.4390142261981964, -0.11214437335729599, 0.5070859789848328
810, 14, 0.3970060646533966, 0.42495790123939514, -0.12760718166828156, 0.8867859840393066
810, 15, 0.5115306973457336, 0.4615282714366913, -0.12056931108236313, 0.5621557831764221
810, 16, 0.38320350646972656, 0.47926077246665955, -0.13330711424350739, 0.9372379779815674
810, 17, 0.5193095803260803, 0.46634912490844727, -0.13326983153820038, 0.5183592438697815
810, 18, 0.3742392957210541, 0.48544996976852417, -0.15035788714885712, 0.9320878386497498
810, 19, 0.5123497247695923, 0.4647262692451477, -0.14071667194366455, 0.5165227055549622
810, 20, 0.38095489144325256, 0.4864081144332886, -0.15067991614341736, 0.9330344796180725
810, 21, 0.508030891418457, 0.4617597460746765, -0.12392155826091766, 0.38822707533836365
810, 22, 0.38587385416030884, 0.4838361144065857, -0.1339951604604721, 0.8842675685882568
810, 23, 0.474199116230011, 0.38271766901016235, -0.00398798193782568, 0.9935414791107178
810, 24, 0.4535929560661316, 0.37059685587882996, 0.0038601390551775694, 0.9946804642677307
810, 25, 0.4611799120903015, 0.4289969205856323, 0.08728643506765366, 0.03664588928222656
810, 26, 0.4392525553703308, 0.41878819465637207, 0.07921911031007767, 0.07117941230535507
810, 27, 0.46610015630722046, 0.42090457677841187, 0.22139854729175568, 0.057573214173316956
810, 28, 0.4514394700527191, 0.4126625955104828, 0.21826431155204773, 0.031454045325517654
810, 29, 0.46735697984695435, 0.41668441891670227, 0.23631925880908966, 0.039743680506944656
810, 30, 0.45427972078323364, 0.40982818603515625, 0.23377959430217743, 0.021103180944919586
810, 31, 0.4650251865386963, 0.4322684109210968, 0.23974266648292542, 0.044888436794281006
810, 32, 0.451544851064682, 0.41974878311157227, 0.23754146695137024, 0.023454338312149048
811, 0, 0.45647984743118286, 0.4688534140586853, -0.1019166111946106, 0.9997714161872864
811, 1, 0.46462684869766235, 0.4683119058609009, -0.11265797913074493, 0.9996752738952637
811, 2, 0.467928409576416, 0.46675360202789307, -0.11268828809261322, 0.9997026324272156
811, 3, 0.4713010787963867, 0.4661498963832855, -0.11270461976528168, 0.9997482895851135
811, 4, 0.45201268792152405, 0.4657829999923706, -0.11287955194711685, 0.9996738433837891
811, 5, 0.4475277066230774, 0.462084025144577, -0.11291112005710602, 0.9996845722198486
811, 6, 0.44499626755714417, 0.4599270224571228, -0.11294840276241302, 0.9997299313545227
811, 7, 0.47808021306991577, 0.4513741731643677, -0.11703566461801529, 0.9992881417274475
811, 8, 0.4401759207248688, 0.43405213952064514, -0.11827095597982407, 0.9995172023773193
811, 9, 0.4643382132053375, 0.46920064091682434, -0.09847766906023026, 0.9998539686203003
811, 10, 0.45339885354042053, 0.45692604780197144, -0.09884276241064072, 0.999840259552002
811, 11, 0.5022740364074707, 0.4321392774581909, -0.08343289792537689, 0.9972121119499207
811, 12, 0.43261829018592834, 0.38089311122894287, -0.08734425902366638, 0.9978208541870117
811, 13, 0.5181707739830017, 0.4776080548763275, -0.06592340022325516, 0.9638898372650146
811, 14, 0.4022098183631897, 0.4078165590763092, -0.06772443652153015, 0.9276145100593567
811, 15, 0.5163651704788208, 0.5557615756988525, -0.11379208415746689, 0.9917090535163879
811, 16, 0.386455774307251, 0.4796818494796753, -0.10629339516162872, 0.9850308895111084
811, 17, 0.5225904583930969, 0.5798563957214355, -0.135386124253273, 0.9895523190498352
811, 18, 0.37623244524002075, 0.4952685534954071, -0.13208863139152527, 0.9811304211616516
811, 19, 0.5081026554107666, 0.5752212405204773, -0.14407163858413696, 0.9894774556159973
811, 20, 0.3882725238800049, 0.5050565600395203, -0.13709339499473572, 0.9822856187820435
811, 21, 0.5048121213912964, 0.5651822090148926, -0.11872242391109467, 0.9780244827270508
811, 22, 0.3941623866558075, 0.5002544522285461, -0.11035557836294174, 0.9736054539680481
811, 23, 0.4975733757019043, 0.361646831035614, 0.0002912068157456815, 0.9963415265083313
811, 24, 0.46294134855270386, 0.3349120318889618, -0.0003125756629742682, 0.9928365349769592
811, 25, 0.4980344772338867, 0.4424342215061188, 0.06406303495168686, 0.1366400122642517
811, 26, 0.4439598023891449, 0.4187081754207611, 0.07014579325914383, 0.1386096328496933
811, 27, 0.4998825490474701, 0.45022934675216675, 0.19600191712379456, 0.2594793438911438
811, 28, 0.4411011338233948, 0.4265385866165161, 0.198643296957016, 0.10883274674415588
811, 29, 0.4995884299278259, 0.4474336802959442, 0.209307000041008, 0.19799625873565674
811, 30, 0.44142359495162964, 0.4239668846130371, 0.21172106266021729, 0.1164432093501091
811, 31, 0.49934786558151245, 0.4719104468822479, 0.19516116380691528, 0.2235216349363327
811, 32, 0.43979209661483765, 0.44710347056388855, 0.19813185930252075, 0.12153815478086472
812, 0, 0.46063047647476196, 0.460104763507843, -0.2095458060503006, 0.9992311000823975
812, 1, 0.46847566962242126, 0.4599597156047821, -0.2160450667142868, 0.9992169141769409
812, 2, 0.4717029929161072, 0.458965927362442, -0.21607032418251038, 0.9991902709007263
812, 3, 0.47338923811912537, 0.45802024006843567, -0.21613077819347382, 0.9991121888160706
812, 4, 0.45846182107925415, 0.4526459872722626, -0.2167946994304657, 0.9995256662368774
812, 5, 0.4563606381416321, 0.4505973756313324, -0.21685068309307098, 0.999514102935791
812, 6, 0.4542202353477478, 0.44856178760528564, -0.2168886661529541, 0.9995508790016174
812, 7, 0.4762782156467438, 0.4452601671218872, -0.19765645265579224, 0.9968422651290894
812, 8, 0.451138973236084, 0.43099653720855713, -0.20020170509815216, 0.9990155696868896
812, 9, 0.4642472267150879, 0.4552444517612457, -0.1968553215265274, 0.9970334768295288
812, 10, 0.45738038420677185, 0.45050477981567383, -0.1976580023765564, 0.9976484179496765
812, 11, 0.4992940425872803, 0.4232548177242279, -0.14371627569198608, 0.9878565073013306
812, 12, 0.4289794862270355, 0.3931196331977844, -0.15634649991989136, 0.9939905405044556
812, 13, 0.5184271335601807, 0.45846349000930786, -0.13076260685920715, 0.9711332321166992
812, 14, 0.40055838227272034, 0.4132378101348877, -0.13069267570972443, 0.9755182266235352
812, 15, 0.523392379283905, 0.5341302156448364, -0.1659708172082901, 0.995470404624939
812, 16, 0.38542935252189636, 0.47801750898361206, -0.14219684898853302, 0.9918422698974609
812, 17, 0.5306749939918518, 0.5561158061027527, -0.18550798296928406, 0.9937894940376282
812, 18, 0.3742945194244385, 0.49408861994743347, -0.16391366720199585, 0.9887159466743469
812, 19, 0.5202434659004211, 0.5568547248840332, -0.1909152865409851, 0.9932895302772522
812, 20, 0.3829672932624817, 0.49807581305503845, -0.16352921724319458, 0.9879849553108215
812, 21, 0.5158328413963318, 0.5467774868011475, -0.16936159133911133, 0.9810394048690796
812, 22, 0.3888079822063446, 0.4922943413257599, -0.14316251873970032, 0.9795466065406799
812, 23, 0.48400649428367615, 0.35351359844207764, 0.000287219590973109, 0.9916296601295471
812, 24, 0.45321550965309143, 0.33852148056030273, -0.00037447497015818954, 0.9861505627632141
812, 25, 0.48092785477638245, 0.41759923100471497, 0.08944035321474075, 0.10635644197463989
812, 26, 0.4466148912906647, 0.40066444873809814, 0.09572996199131012, 0.045192718505859375
812, 27, 0.4791443943977356, 0.41394391655921936, 0.2503892481327057, 0.13739532232284546
812, 28, 0.4456600546836853, 0.41178104281425476, 0.2520509660243988, 0.035631194710731506
812, 29, 0.4784882664680481, 0.4078608751296997, 0.2682271897792816, 0.11786811798810959
812, 30, 0.4452044367790222, 0.40867623686790466, 0.2694876194000244, 0.04492763429880142
812, 31, 0.4798733592033386, 0.4386018216609955, 0.26673609018325806, 0.049696680158376694
812, 32, 0.4467847943305969, 0.4345948100090027, 0.2688959240913391, 0.02042965032160282
813, 0, 0.4549151062965393, 0.4749252200126648, -0.2633190453052521, 0.9997034668922424
813, 1, 0.46145114302635193, 0.46421054005622864, -0.2715696692466736, 0.9997685551643372
813, 2, 0.4654845595359802, 0.4614320397377014, -0.2715655267238617, 0.9997753500938416
813, 3, 0.4694741666316986, 0.46013522148132324, -0.27161091566085815, 0.9997703433036804
813, 4, 0.44862985610961914, 0.4614998996257782, -0.27313557267189026, 0.99980229139328
813, 5, 0.4453135132789612, 0.4591514468193054, -0.2731759250164032, 0.9998039603233337
813, 6, 0.4417261481285095, 0.4560798108577728, -0.27315759658813477, 0.9997989535331726
813, 7, 0.47626104950904846, 0.4460228681564331, -0.25026315450668335, 0.99935382604599
813, 8, 0.43739986419677734, 0.43756043910980225, -0.2577623724937439, 0.9996205568313599
813, 9, 0.46255040168762207, 0.46961021423339844, -0.24858510494232178, 0.9995841383934021
813, 10, 0.4484873414039612, 0.47143998742103577, -0.2507343888282776, 0.9995973706245422
813, 11, 0.5073787569999695, 0.4208887219429016, -0.16764512658119202, 0.9920895099639893
813, 12, 0.42199578881263733, 0.3879588544368744, -0.18944840133190155, 0.9958023428916931
813, 13, 0.5168720483779907, 0.47964778542518616, -0.10856743156909943, 0.8663870692253113
813, 14, 0.39179593324661255, 0.4456688463687897, -0.11915279924869537, 0.9275107979774475
813, 15, 0.5176712870597839, 0.5589450001716614, -0.14593078196048737, 0.9663678407669067
813, 16, 0.3877160847187042, 0.5310446619987488, -0.12144188582897186, 0.9832984805107117
813, 17, 0.5244448184967041, 0.5810903310775757, -0.17159608006477356, 0.9482221007347107
813, 18, 0.378682941198349, 0.5540986061096191, -0.14924746751785278, 0.9743806719779968
813, 19, 0.5103170275688171, 0.5800604820251465, -0.18505363166332245, 0.950478196144104
813, 20, 0.39320820569992065, 0.5593651533126831, -0.1598552167415619, 0.9770038723945618
813, 21, 0.5059919357299805, 0.5702577233314514, -0.1531374305486679, 0.9244059920310974
813, 22, 0.3992045223712921, 0.551754891872406, -0.12648148834705353, 0.9710935354232788
813, 23, 0.4981468617916107, 0.360709011554718, 0.00728245684877038, 0.9944663643836975
813, 24, 0.454192578792572, 0.33780986070632935, -0.007209939416497946, 0.9944353103637695
813, 25, 0.49598661065101624, 0.47772514820098877, 0.09180067479610443, 0.13307447731494904
813, 26, 0.4272088408470154, 0.4757134020328522, 0.07112487405538559, 0.28538545966148376
813, 27, 0.4811209738254547, 0.5036588907241821, 0.2961181402206421, 0.08576226234436035
813, 28, 0.437439501285553, 0.4924885332584381, 0.28473177552223206, 0.08286736905574799
813, 29, 0.4773789346218109, 0.5040380954742432, 0.31771188974380493, 0.04702537879347801
813, 30, 0.43992456793785095, 0.490761935710907, 0.30773571133613586, 0.06886681914329529
813, 31, 0.4810999035835266, 0.5311561822891235, 0.2915099859237671, 0.2420991063117981
813, 32, 0.43979209661483765, 0.5221799612045288, 0.2868051528930664, 0.195266455411911
814, 0, 0.4535192847251892, 0.47957199811935425, -0.0637066662311554, 0.9999457597732544
814, 1, 0.4607017934322357, 0.47063523530960083, -0.07213819772005081, 0.9999401569366455
814, 2, 0.4644830822944641, 0.4696653187274933, -0.07216639071702957, 0.9999445676803589
814, 3, 0.4672999382019043, 0.46849238872528076, -0.07217343896627426, 0.9999513626098633
814, 4, 0.4504665434360504, 0.46432968974113464, -0.0722447857260704, 0.9999287128448486
814, 5, 0.44589799642562866, 0.4642398953437805, -0.07227382063865662, 0.999925971031189
814, 6, 0.44253045320510864, 0.46070733666419983, -0.07231193035840988, 0.9999322891235352
814, 7, 0.4732304513454437, 0.45347678661346436, -0.07864382117986679, 0.9998798370361328
814, 8, 0.43864375352859497, 0.4406917691230774, -0.0795864537358284, 0.9998791217803955
814, 9, 0.46101561188697815, 0.4724118411540985, -0.06317754089832306, 0.9999679327011108
814, 10, 0.4478113055229187, 0.4710177481174469, -0.06337448209524155, 0.9999648332595825
814, 11, 0.49757248163223267, 0.43054673075675964, -0.055231284350156784, 0.9984303116798401
814, 12, 0.4320611357688904, 0.3918677568435669, -0.059624385088682175, 0.998403012752533
814, 13, 0.5149039030075073, 0.48239728808403015, -0.03863123431801796, 0.9797429442405701
814, 14, 0.40171560645103455, 0.4193808138370514, -0.043028224259614944, 0.9451162219047546
814, 15, 0.5062437057495117, 0.5612081289291382, -0.07483174651861191, 0.9949647188186646
814, 16, 0.387542188167572, 0.4922601580619812, -0.07602754235267639, 0.9888039231300354
814, 17, 0.5111895203590393, 0.582883358001709, -0.09364132583141327, 0.9945397973060608
814, 18, 0.3798215091228485, 0.5080846548080444, -0.09819062054157257, 0.9863008260726929
814, 19, 0.4971691071987152, 0.5783929228782654, -0.10316063463687897, 0.9949067234992981
814, 20, 0.39028969407081604, 0.5161556601524353, -0.10405158996582031, 0.9875696301460266
814, 21, 0.49406319856643677, 0.5698221921920776, -0.08006228506565094, 0.9886366724967957
814, 22, 0.3953099250793457, 0.5114665031433105, -0.0802503153681755, 0.9810294508934021
814, 23, 0.4926272928714752, 0.3596321940422058, 0.002944433130323887, 0.998887836933136
814, 24, 0.4607059359550476, 0.33729204535484314, -0.003013900713995099, 0.9980553388595581
814, 25, 0.4868505895137787, 0.4528840482234955, 0.0418165847659111, 0.103518046438694
814, 26, 0.4355899691581726, 0.44115880131721497, 0.03613058105111122, 0.2114778310060501
814, 27, 0.4760987162590027, 0.4579389691352844, 0.140784353017807, 0.1806468814611435
814, 28, 0.4421200752258301, 0.44663065671920776, 0.13946683704853058, 0.10313030332326889
814, 29, 0.47425970435142517, 0.4552704989910126, 0.1501704603433609, 0.10636239498853683
814, 30, 0.4448966085910797, 0.4435877799987793, 0.14992260932922363, 0.07139294594526291
814, 31, 0.47184616327285767, 0.4774814248085022, 0.1386430859565735, 0.3087831139564514
814, 32, 0.44036513566970825, 0.46785733103752136, 0.14239200949668884, 0.17131474614143372
815, 0, 0.45347753167152405, 0.4809567630290985, -0.11065267026424408, 0.999922513961792
815, 1, 0.45938244462013245, 0.4757820963859558, -0.12105154991149902, 0.9998698234558105
815, 2, 0.46226710081100464, 0.4742211103439331, -0.12107640504837036, 0.9998606443405151
815, 3, 0.4653080403804779, 0.47352325916290283, -0.12105982005596161, 0.9998924732208252
815, 4, 0.45075327157974243, 0.46655914187431335, -0.12176468223333359, 0.9998910427093506
815, 5, 0.4485618472099304, 0.46366211771965027, -0.1217903345823288, 0.9998793601989746
815, 6, 0.44634562730789185, 0.46077269315719604, -0.1218012198805809, 0.9998972415924072
815, 7, 0.472495973110199, 0.45243746042251587, -0.1279689520597458, 0.9996092915534973
815, 8, 0.444080114364624, 0.4389248192310333, -0.13210630416870117, 0.9997766613960266
815, 9, 0.45855388045310974, 0.47484922409057617, -0.10835836082696915, 0.9999388456344604
815, 10, 0.4494747221469879, 0.4640575349330902, -0.1094827651977539, 0.9999431371688843
815, 11, 0.4938087463378906, 0.43785449862480164, -0.0933801531791687, 0.997140645980835
815, 12, 0.4285030961036682, 0.39311954379081726, -0.0995352566242218, 0.9987123012542725
815, 13, 0.5050708055496216, 0.4857785403728485, -0.07130187749862671, 0.9134168028831482
815, 14, 0.39933711290359497, 0.4147803485393524, -0.06935152411460876, 0.9612541198730469
815, 15, 0.5034949779510498, 0.5618090629577637, -0.11267781257629395, 0.9835679531097412
815, 16, 0.3870390057563782, 0.48746559023857117, -0.1000959649682045, 0.9931975603103638
815, 17, 0.5094824433326721, 0.5843480229377747, -0.13535168766975403, 0.9782463312149048
815, 18, 0.37955135107040405, 0.5029284954071045, -0.12537482380867004, 0.9890896677970886
815, 19, 0.49659451842308044, 0.5810038447380066, -0.14563821256160736, 0.978518009185791
815, 20, 0.39117807149887085, 0.512225866317749, -0.13503065705299377, 0.9896478056907654
815, 21, 0.49324995279312134, 0.5712124109268188, -0.11848918348550797, 0.9624887108802795
815, 22, 0.3959583044052124, 0.5073226690292358, -0.10567478090524673, 0.9855526089668274
815, 23, 0.49257683753967285, 0.3655770719051361, 0.004900229629129171, 0.9982054233551025
815, 24, 0.4573555886745453, 0.3396585285663605, -0.004925562534481287, 0.9968679547309875
815, 25, 0.5031023621559143, 0.46667373180389404, 0.05725017935037613, 0.15211474895477295
815, 26, 0.4374832510948181, 0.4513702094554901, 0.054721664637327194, 0.3717211186885834
815, 27, 0.503840982913971, 0.484247088432312, 0.19272743165493011, 0.251907616853714
815, 28, 0.43314504623413086, 0.46117720007896423, 0.1912839263677597, 0.19635915756225586
815, 29, 0.5031843185424805, 0.4812169075012207, 0.20636990666389465, 0.18117988109588623
815, 30, 0.4335353970527649, 0.45459142327308655, 0.20498469471931458, 0.16764183342456818
815, 31, 0.502418041229248, 0.5084700584411621, 0.18569928407669067, 0.3569239377975464
815, 32, 0.43100976943969727, 0.48820656538009644, 0.18857501447200775, 0.3064865469932556
816, 0, 0.44908270239830017, 0.48311370611190796, -0.5752896070480347, 0.9998786449432373
816, 1, 0.456798255443573, 0.4681331515312195, -0.5758519768714905, 0.9999220371246338
816, 2, 0.4617067277431488, 0.46832147240638733, -0.5758190155029297, 0.9998905658721924
816, 3, 0.46503788232803345, 0.46817004680633545, -0.5759173035621643, 0.9998642206192017
816, 4, 0.44108495116233826, 0.455172598361969, -0.5761521458625793, 0.9999361038208008
816, 5, 0.4380859434604645, 0.4521268308162689, -0.5762149095535278, 0.9999171495437622
816, 6, 0.4338858723640442, 0.45839831233024597, -0.576203465461731, 0.9999229907989502
816, 7, 0.47227662801742554, 0.45471328496932983, -0.4935525357723236, 0.9995583891868591
816, 8, 0.43143191933631897, 0.4374786913394928, -0.4938850402832031, 0.9999182224273682
816, 9, 0.45615148544311523, 0.4826064109802246, -0.5358049273490906, 0.9997091889381409
816, 10, 0.44248542189598083, 0.4804511070251465, -0.5358461737632751, 0.9997206330299377
816, 11, 0.494683176279068, 0.4645124077796936, -0.33883142471313477, 0.9841346144676208
816, 12, 0.41739654541015625, 0.4053783416748047, -0.3629619777202606, 0.9906015396118164
816, 13, 0.4780316948890686, 0.5839744806289673, -0.2933664619922638, 0.9149549603462219
816, 14, 0.394133985042572, 0.5341788530349731, -0.31439581513404846, 0.9878811836242676
816, 15, 0.4533971846103668, 0.6869055032730103, -0.38207346200942993, 0.9774802923202515
816, 16, 0.39040234684944153, 0.6775241494178772, -0.373369038105011, 0.9958528280258179
816, 17, 0.4531974196434021, 0.7176485061645508, -0.43193283677101135, 0.9592360258102417
816, 18, 0.37258559465408325, 0.6844717264175415, -0.4240136742591858, 0.991085946559906
816, 19, 0.44393205642700195, 0.7092697620391846, -0.4525710940361023, 0.9596415758132935
816, 20, 0.3879244923591614, 0.7024372220039368, -0.44344767928123474, 0.9904130101203918
816, 21, 0.44144535064697266, 0.6954659819602966, -0.39576849341392517, 0.938140869140625
816, 22, 0.39589908719062805, 0.6984754800796509, -0.38474321365356445, 0.9883872866630554
816, 23, 0.49220752716064453, 0.3978411853313446, 0.007799600716680288, 0.9949461817741394
816, 24, 0.44932684302330017, 0.36320608854293823, -0.007597978226840496, 0.9976782202720642
816, 25, 0.4936991333961487, 0.5416073799133301, 0.12674358487129211, 0.23520323634147644
816, 26, 0.41400080919265747, 0.5165534615516663, 0.07817845791578293, 0.6174310445785522
816, 27, 0.4662863612174988, 0.5644581317901611, 0.400543749332428, 0.10447438061237335
816, 28, 0.42489585280418396, 0.5355220437049866, 0.39107993245124817, 0.0747315064072609
816, 29, 0.4615764021873474, 0.5596122145652771, 0.4278372824192047, 0.07381559908390045
816, 30, 0.428783655166626, 0.5315514802932739, 0.4234207272529602, 0.07185438275337219
816, 31, 0.45979565382003784, 0.6057436466217041, 0.38558056950569153, 0.31249162554740906
816, 32, 0.4211927354335785, 0.5713163018226624, 0.3951028287410736, 0.18086344003677368
817, 0, 0.43783068656921387, 0.4995795488357544, -0.5780113339424133, 0.9999090433120728
817, 1, 0.444435179233551, 0.48782968521118164, -0.5762519240379333, 0.9999605417251587
817, 2, 0.4492822289466858, 0.4876093566417694, -0.5762360095977783, 0.9999411106109619
817, 3, 0.4541543126106262, 0.48746979236602783, -0.5763151049613953, 0.999923825263977
817, 4, 0.4318455755710602, 0.4803272783756256, -0.5758845210075378, 0.9999613761901855
817, 5, 0.4280831813812256, 0.47516390681266785, -0.5759649872779846, 0.999947190284729
817, 6, 0.42490682005882263, 0.4706183075904846, -0.5759674906730652, 0.9999507665634155
817, 7, 0.46571722626686096, 0.47399401664733887, -0.4808572828769684, 0.999777615070343
817, 8, 0.4287422299385071, 0.44452041387557983, -0.47907716035842896, 0.99996018409729
817, 9, 0.44708460569381714, 0.4964877963066101, -0.5337378978729248, 0.9998518228530884
817, 10, 0.4328140318393707, 0.47671860456466675, -0.5332231521606445, 0.9998835325241089
817, 11, 0.49753260612487793, 0.4786927103996277, -0.3239167630672455, 0.9924679398536682
817, 12, 0.41964560747146606, 0.40073487162590027, -0.34106236696243286, 0.9937900900840759
817, 13, 0.4784407615661621, 0.5921576023101807, -0.29815372824668884, 0.9149461388587952
817, 14, 0.40390926599502563, 0.5295664072036743, -0.3296363055706024, 0.9458319544792175
817, 15, 0.4362949728965759, 0.6952804327011108, -0.42386531829833984, 0.9814621210098267
817, 16, 0.4004117548465729, 0.6777011156082153, -0.44834622740745544, 0.9895937442779541
817, 17, 0.43262189626693726, 0.7286086082458496, -0.4829716086387634, 0.9737411737442017
817, 18, 0.3835582733154297, 0.6995260715484619, -0.5069020390510559, 0.983025312423706
817, 19, 0.4212478697299957, 0.7169283628463745, -0.5066885948181152, 0.9753180146217346
817, 20, 0.3935515284538269, 0.703069806098938, -0.5304732918739319, 0.9820475578308105
817, 21, 0.42023521661758423, 0.7023780941963196, -0.4401489794254303, 0.9629095196723938
817, 22, 0.4002141058444977, 0.6948482990264893, -0.4631520211696625, 0.9798262715339661
817, 23, 0.5115914940834045, 0.3717871904373169, 0.006508801132440567, 0.9967226386070251
817, 24, 0.46339312195777893, 0.32988911867141724, -0.006372467614710331, 0.9984495639801025
817, 25, 0.4920040965080261, 0.5222407579421997, 0.12891188263893127, 0.21931689977645874
817, 26, 0.4204922616481781, 0.46158567070961, 0.08359190821647644, 0.38005179166793823
817, 27, 0.47471246123313904, 0.5178078413009644, 0.42829808592796326, 0.09061501920223236
817, 28, 0.4363790452480316, 0.4807139039039612, 0.4231336712837219, 0.049817152321338654
817, 29, 0.4725833535194397, 0.5069146156311035, 0.4573068618774414, 0.07539624720811844
817, 30, 0.44100260734558105, 0.4765061140060425, 0.4581758975982666, 0.0628858208656311
817, 31, 0.4646581709384918, 0.5570875406265259, 0.4160805344581604, 0.21297694742679596
817, 32, 0.43398913741111755, 0.5162764191627502, 0.4326861500740051, 0.11657219380140305
818, 0, 0.4395103454589844, 0.493331640958786, -0.4946426451206207, 0.9999186992645264
818, 1, 0.4452749192714691, 0.48552215099334717, -0.49320751428604126, 0.9999479055404663
818, 2, 0.44963979721069336, 0.48538079857826233, -0.49316972494125366, 0.9999504089355469
818, 3, 0.45436984300613403, 0.48526301980018616, -0.49320927262306213, 0.999920129776001
818, 4, 0.43421727418899536, 0.4778071641921997, -0.4962809681892395, 0.9999531507492065
818, 5, 0.4309890866279602, 0.4729825258255005, -0.4963172972202301, 0.9999507665634155
818, 6, 0.4280420243740082, 0.46850666403770447, -0.4962696433067322, 0.9999239444732666
818, 7, 0.46783143281936646, 0.46756711602211, -0.41014808416366577, 0.9998362064361572
818, 8, 0.4343535304069519, 0.4382114112377167, -0.42159757018089294, 0.9999328851699829
818, 9, 0.4476056694984436, 0.490098774433136, -0.4554665982723236, 0.9997817873954773
818, 10, 0.4339934289455414, 0.4765370786190033, -0.45889148116111755, 0.9997639060020447
818, 11, 0.49335917830467224, 0.474930077791214, -0.25297898054122925, 0.9882522225379944
818, 12, 0.4194236695766449, 0.392318993806839, -0.28288161754608154, 0.9631460309028625
818, 13, 0.4802855849266052, 0.5806252360343933, -0.1628590226173401, 0.7903621792793274
818, 14, 0.3963008522987366, 0.5030469298362732, -0.18875981867313385, 0.8289538621902466
818, 15, 0.4483981728553772, 0.7018160223960876, -0.2247285395860672, 0.9466372728347778
818, 16, 0.39380356669425964, 0.6714967489242554, -0.2136991024017334, 0.9584224820137024
818, 17, 0.442284494638443, 0.7245744466781616, -0.2649677097797394, 0.9346891641616821
818, 18, 0.366964727640152, 0.6771713495254517, -0.2536849081516266, 0.9443592429161072
818, 19, 0.4314003884792328, 0.7129848003387451, -0.2906952500343323, 0.9370638728141785
818, 20, 0.3803630769252777, 0.685493528842926, -0.27880826592445374, 0.9400510191917419
818, 21, 0.42939621210098267, 0.6992892026901245, -0.2389240562915802, 0.9266822934150696
818, 22, 0.38725680112838745, 0.6784761548042297, -0.22607703506946564, 0.9386117458343506
818, 23, 0.5043995380401611, 0.3860344886779785, 0.011086556129157543, 0.9946685433387756
818, 24, 0.46321406960487366, 0.3404667377471924, -0.0108623206615448, 0.9955683350563049
818, 25, 0.48636388778686523, 0.5478326678276062, 0.04421524330973625, 0.4223191440105438
818, 26, 0.41511887311935425, 0.4966422915458679, 0.0002062044368358329, 0.4586251378059387
818, 27, 0.4527682363986969, 0.6471353769302368, 0.2437911480665207, 0.44608306884765625
818, 28, 0.4073478579521179, 0.669169545173645, 0.22882668673992157, 0.2976161539554596
818, 29, 0.44913429021835327, 0.653732180595398, 0.26178640127182007, 0.3533626198768616
818, 30, 0.4185241758823395, 0.6345815658569336, 0.25124526023864746, 0.2959233820438385
818, 31, 0.43835705518722534, 0.7017219066619873, 0.18655620515346527, 0.6195651888847351
818, 32, 0.4022284150123596, 0.6763116121292114, 0.18801568448543549, 0.4927831292152405
819, 0, 0.4406254291534424, 0.481210321187973, -0.4797871708869934, 0.9999041557312012
819, 1, 0.4494650959968567, 0.47025346755981445, -0.4794798493385315, 0.9999363422393799
819, 2, 0.4545183777809143, 0.4706704318523407, -0.47948116064071655, 0.9999203681945801
819, 3, 0.45962533354759216, 0.47158169746398926, -0.4795566201210022, 0.9999102354049683
819, 4, 0.43585920333862305, 0.46337246894836426, -0.479198157787323, 0.9999583959579468
819, 5, 0.4324955344200134, 0.45971187949180603, -0.4792662560939789, 0.9999481439590454
819, 6, 0.4289025366306305, 0.45527923107147217, -0.4792756140232086, 0.9999446868896484
819, 7, 0.47043126821517944, 0.45870909094810486, -0.40841013193130493, 0.9997301697731018
819, 8, 0.43342122435569763, 0.42165839672088623, -0.4076807498931885, 0.9999443292617798
819, 9, 0.4492177367210388, 0.4812663197517395, -0.4463854432106018, 0.9997991919517517
819, 10, 0.4330349564552307, 0.46168896555900574, -0.4461098611354828, 0.9998372793197632
819, 11, 0.49360284209251404, 0.4732363522052765, -0.28354325890541077, 0.990675151348114
819, 12, 0.42274945974349976, 0.37828126549720764, -0.29550695419311523, 0.9933034777641296
819, 13, 0.4859769344329834, 0.5767759084701538, -0.24687092006206512, 0.8426640033721924
819, 14, 0.3957752287387848, 0.44838497042655945, -0.26610973477363586, 0.9200894236564636
819, 15, 0.4616925120353699, 0.6853785514831543, -0.3283538520336151, 0.9734485149383545
819, 16, 0.3760090172290802, 0.5337074398994446, -0.350661963224411, 0.9766929745674133
819, 17, 0.45207348465919495, 0.7099000215530396, -0.3730785548686981, 0.9681642651557922
819, 18, 0.36441680788993835, 0.5487116575241089, -0.3975677788257599, 0.9714245200157166
819, 19, 0.4417666494846344, 0.6970946192741394, -0.39263296127319336, 0.9696432948112488
819, 20, 0.37248504161834717, 0.5588243007659912, -0.41504472494125366, 0.9710854291915894
819, 21, 0.44094735383987427, 0.6802915930747986, -0.34053778648376465, 0.9528772234916687
819, 22, 0.3793511390686035, 0.5555225014686584, -0.3614950478076935, 0.9652734994888306
819, 23, 0.4984006881713867, 0.39721277356147766, 0.011413972824811935, 0.9934651255607605
819, 24, 0.4606613218784332, 0.3492271304130554, -0.011183573864400387, 0.9977057576179504
819, 25, 0.48659878969192505, 0.5442716479301453, 0.09348669648170471, 0.19127905368804932
819, 26, 0.41878145933151245, 0.4950176775455475, 0.03713154420256615, 0.4936247766017914
819, 27, 0.4695844054222107, 0.5554119348526001, 0.31959614157676697, 0.07955832034349442
819, 28, 0.4362037777900696, 0.5169004201889038, 0.29723432660102844, 0.08275416493415833
819, 29, 0.4667869210243225, 0.5506846308708191, 0.3422101140022278, 0.06069110333919525
819, 30, 0.4399591386318207, 0.5182725787162781, 0.32488033175468445, 0.08511779457330704
819, 31, 0.4629918932914734, 0.5894131064414978, 0.3051077723503113, 0.23605144023895264
819, 32, 0.43574896454811096, 0.542990505695343, 0.30231085419654846, 0.20308975875377655
820, 0, 0.4376378655433655, 0.47494205832481384, -0.565559983253479, 0.9997898936271667
820, 1, 0.4444030225276947, 0.46730148792266846, -0.5657206773757935, 0.9998514652252197
820, 2, 0.4489540457725525, 0.46859920024871826, -0.5656809210777283, 0.9998406171798706
820, 3, 0.45408597588539124, 0.4677346646785736, -0.565726637840271, 0.9997598528862
820, 4, 0.43436628580093384, 0.45942747592926025, -0.5666506886482239, 0.9998562335968018
820, 5, 0.43146777153015137, 0.4551113545894623, -0.5667344331741333, 0.9998459815979004
820, 6, 0.428510844707489, 0.45076659321784973, -0.5667449831962585, 0.9998181462287903
820, 7, 0.465491384267807, 0.45817649364471436, -0.48121729493141174, 0.9993292093276978
820, 8, 0.4283832013607025, 0.4205528199672699, -0.48418182134628296, 0.9998400211334229
820, 9, 0.446799099445343, 0.470734179019928, -0.5254377722740173, 0.9996217489242554
820, 10, 0.43461689352989197, 0.46035894751548767, -0.5260563492774963, 0.9996050000190735
820, 11, 0.49239978194236755, 0.4579438865184784, -0.3261067867279053, 0.9794020652770996
820, 12, 0.41518521308898926, 0.38656890392303467, -0.34990131855010986, 0.9827746748924255
820, 13, 0.4844614565372467, 0.5850968360900879, -0.2846314609050751, 0.9110877513885498
820, 14, 0.3954903781414032, 0.526901364326477, -0.30488061904907227, 0.9690528512001038
820, 15, 0.43952369689941406, 0.6936920881271362, -0.39083221554756165, 0.9837151169776917
820, 16, 0.39571744203567505, 0.6637572050094604, -0.3918396830558777, 0.9924291968345642
820, 17, 0.43694615364074707, 0.7270175218582153, -0.4463432729244232, 0.9762002825737
820, 18, 0.3752627372741699, 0.6890151500701904, -0.4484475553035736, 0.9879932403564453
820, 19, 0.4261651039123535, 0.7146589756011963, -0.47171083092689514, 0.9771190285682678
820, 20, 0.3860679864883423, 0.6914766430854797, -0.47191229462623596, 0.9861960411071777
820, 21, 0.42425137758255005, 0.7003518342971802, -0.4075186848640442, 0.9679083228111267
820, 22, 0.3926052451133728, 0.6845077872276306, -0.4057852625846863, 0.9861624240875244
820, 23, 0.5050824284553528, 0.38251277804374695, 0.009764856658875942, 0.9896292090415955
820, 24, 0.4624440670013428, 0.3338908553123474, -0.009584429673850536, 0.9941293001174927
820, 25, 0.49380677938461304, 0.5478759407997131, 0.08461365848779678, 0.17786243557929993
820, 26, 0.4138864576816559, 0.504694402217865, 0.03559015318751335, 0.4707145690917969
820, 27, 0.4654921889305115, 0.5817078948020935, 0.351805716753006, 0.13622599840164185
820, 28, 0.4295669496059418, 0.5426391959190369, 0.3493799567222595, 0.062233369797468185
820, 29, 0.4613715708255768, 0.5792092084884644, 0.376984566450119, 0.10828495770692825
820, 30, 0.4358752369880676, 0.5429641008377075, 0.3810774087905884, 0.10878080129623413
820, 31, 0.4576219618320465, 0.6208882331848145, 0.31440848112106323, 0.3288608491420746
820, 32, 0.4259248673915863, 0.5790374279022217, 0.34081581234931946, 0.1579826921224594
821, 0, 0.43713492155075073, 0.4664456248283386, -0.48596271872520447, 0.9991335272789001
821, 1, 0.44498997926712036, 0.4602842926979065, -0.4885510802268982, 0.9992460012435913
821, 2, 0.44975271821022034, 0.46199509501457214, -0.4885336756706238, 0.9992551207542419
821, 3, 0.454752117395401, 0.4637044668197632, -0.48857149481773376, 0.9988784193992615
821, 4, 0.43395543098449707, 0.45057153701782227, -0.4905123710632324, 0.9993385672569275
821, 5, 0.4311441481113434, 0.44571903347969055, -0.49060115218162537, 0.9993364214897156
821, 6, 0.42818862199783325, 0.4402443468570709, -0.49064961075782776, 0.9991732239723206
821, 7, 0.46660977602005005, 0.4536959230899811, -0.42508307099342346, 0.9969246983528137
821, 8, 0.42847853899002075, 0.41499409079551697, -0.43295615911483765, 0.9992570281028748
821, 9, 0.4463377594947815, 0.4666748046875, -0.45428723096847534, 0.9985563158988953
821, 10, 0.4336928725242615, 0.4546056389808655, -0.45638713240623474, 0.99853515625
821, 11, 0.4929407238960266, 0.4564463794231415, -0.2894745171070099, 0.9632965326309204
821, 12, 0.4161897599697113, 0.3596409559249878, -0.3175823390483856, 0.9699677228927612
821, 13, 0.48670148849487305, 0.5814442038536072, -0.2361462563276291, 0.8207204341888428
821, 14, 0.3965078294277191, 0.5055246949195862, -0.2594276964664459, 0.9667589664459229
821, 15, 0.4419581890106201, 0.6818231344223022, -0.31792163848876953, 0.9709940552711487
821, 16, 0.3806036412715912, 0.6380504369735718, -0.3131146728992462, 0.9920984506607056
821, 17, 0.43864908814430237, 0.7129544615745544, -0.36558428406715393, 0.9641041159629822
821, 18, 0.3692399859428406, 0.6657061576843262, -0.36012157797813416, 0.9888884425163269
821, 19, 0.42903050780296326, 0.7015926837921143, -0.3879224359989166, 0.9653600454330444
821, 20, 0.3793144226074219, 0.6710169315338135, -0.38492700457572937, 0.9872241020202637
821, 21, 0.42764320969581604, 0.688310980796814, -0.33215901255607605, 0.9527114629745483
821, 22, 0.38594305515289307, 0.6642359495162964, -0.3264418840408325, 0.9878135919570923
821, 23, 0.5051449537277222, 0.38299277424812317, 0.013095235452055931, 0.9878608584403992
821, 24, 0.4653821587562561, 0.3373852074146271, -0.012906131334602833, 0.9925848841667175
821, 25, 0.49353963136672974, 0.5451641082763672, 0.0715174451470375, 0.15805958211421967
821, 26, 0.41938599944114685, 0.5119356513023376, 0.02249479666352272, 0.32580018043518066
821, 27, 0.4632529616355896, 0.5920532941818237, 0.3032742440700531, 0.1336607038974762
821, 28, 0.4256356656551361, 0.5606860518455505, 0.29664331674575806, 0.04506554454565048
821, 29, 0.45909470319747925, 0.5928344130516052, 0.32540175318717957, 0.11960706114768982
821, 30, 0.42962780594825745, 0.5645820498466492, 0.3242892026901245, 0.08430464565753937
821, 31, 0.4543960690498352, 0.631386399269104, 0.2647494673728943, 0.319428950548172
821, 32, 0.42069917917251587, 0.5951683521270752, 0.2823491394519806, 0.12614008784294128
822, 0, 0.44859370589256287, 0.4816904664039612, -0.3082576096057892, 0.9998990297317505
822, 1, 0.45656341314315796, 0.4697793424129486, -0.3165220618247986, 0.9999194145202637
822, 2, 0.4618836045265198, 0.4689992666244507, -0.31651681661605835, 0.9999338388442993
822, 3, 0.4660909175872803, 0.4686480164527893, -0.3165242671966553, 0.9999152421951294
822, 4, 0.4432617723941803, 0.46747535467147827, -0.3205091059207916, 0.9999394416809082
822, 5, 0.4395497441291809, 0.4649834930896759, -0.3205599784851074, 0.9999510049819946
822, 6, 0.43566545844078064, 0.46218031644821167, -0.32051417231559753, 0.9999314546585083
822, 7, 0.47698408365249634, 0.45020586252212524, -0.28980886936187744, 0.9998340606689453
822, 8, 0.4298779368400574, 0.4367941915988922, -0.30799952149391174, 0.9999253749847412
822, 9, 0.4565768837928772, 0.4812244772911072, -0.29082775115966797, 0.9998525381088257
822, 10, 0.4421180784702301, 0.4803394675254822, -0.2961586117744446, 0.9998739957809448
822, 11, 0.502271294593811, 0.4419424831867218, -0.18956126272678375, 0.9962277412414551
822, 12, 0.4121066927909851, 0.3845708966255188, -0.21828849613666534, 0.9961787462234497
822, 13, 0.5066479444503784, 0.5198432207107544, -0.09744799882173538, 0.8850553035736084
822, 14, 0.3889172077178955, 0.43560266494750977, -0.1064879447221756, 0.9284135103225708
822, 15, 0.5052291750907898, 0.6002716422080994, -0.10232488065958023, 0.9569533467292786
822, 16, 0.38161253929138184, 0.5190569162368774, -0.06832200288772583, 0.9864994287490845
822, 17, 0.5113787055015564, 0.6249725818634033, -0.12312696129083633, 0.9380812644958496
822, 18, 0.37408721446990967, 0.5427119731903076, -0.08871430903673172, 0.9793928861618042
822, 19, 0.5016323328018188, 0.6201580762863159, -0.1381472647190094, 0.9356950521469116
822, 20, 0.38685354590415955, 0.5513922572135925, -0.10562252998352051, 0.978282630443573
822, 21, 0.49727553129196167, 0.6090906262397766, -0.10889947414398193, 0.9141044020652771
822, 22, 0.39224863052368164, 0.545440673828125, -0.07437031716108322, 0.974457323551178
822, 23, 0.49657416343688965, 0.3676449656486511, 0.012196115218102932, 0.9965067505836487
822, 24, 0.4512263834476471, 0.33794474601745605, -0.011998172849416733, 0.9960861206054688
822, 25, 0.5062041282653809, 0.5112461447715759, 0.047075312584638596, 0.40859255194664
822, 26, 0.43401628732681274, 0.5061119198799133, 0.026680458337068558, 0.650558590888977
822, 27, 0.48149600625038147, 0.578562319278717, 0.213837668299675, 0.3864128291606903
822, 28, 0.4434155523777008, 0.5737600922584534, 0.20591583847999573, 0.4373537600040436
822, 29, 0.47600317001342773, 0.5793312788009644, 0.2313273698091507, 0.27149498462677
822, 30, 0.4475072920322418, 0.5746521949768066, 0.22502848505973816, 0.3362564444541931
822, 31, 0.47649917006492615, 0.6251716613769531, 0.18998423218727112, 0.6578091979026794
822, 32, 0.4410820007324219, 0.6262123584747314, 0.19025641679763794, 0.6418641805648804
823, 0, 0.4448140561580658, 0.46431612968444824, -0.2682913839817047, 0.9977637529373169
823, 1, 0.45144087076187134, 0.4573720395565033, -0.274838924407959, 0.9983406066894531
823, 2, 0.4547639489173889, 0.458761990070343, -0.2748327851295471, 0.9984408020973206
823, 3, 0.45806989073753357, 0.46010732650756836, -0.2748786211013794, 0.9975128173828125
823, 4, 0.4409851133823395, 0.4574904441833496, -0.2745574116706848, 0.9983189702033997
823, 5, 0.4373859763145447, 0.45295095443725586, -0.27463096380233765, 0.9986684322357178
823, 6, 0.436836302280426, 0.44388121366500854, -0.27467817068099976, 0.9985858201980591
823, 7, 0.4689769148826599, 0.44673028588294983, -0.24696378409862518, 0.9956812858581543
823, 8, 0.43264222145080566, 0.42494499683380127, -0.24547044932842255, 0.9982659220695496
823, 9, 0.4517977833747864, 0.4615747630596161, -0.25169485807418823, 0.9951121211051941
823, 10, 0.44270819425582886, 0.4539835751056671, -0.2514224648475647, 0.996729850769043
823, 11, 0.4997907280921936, 0.42727988958358765, -0.184540793299675, 0.9811259508132935
823, 12, 0.4209020733833313, 0.373663067817688, -0.19067548215389252, 0.9951725602149963
823, 13, 0.5289885401725769, 0.4618726372718811, -0.1300015151500702, 0.9217934608459473
823, 14, 0.39145785570144653, 0.41769999265670776, -0.1431596875190735, 0.9740395545959473
823, 15, 0.5127798914909363, 0.5153568387031555, -0.1269810050725937, 0.8921517729759216
823, 16, 0.38168036937713623, 0.4789500832557678, -0.13106641173362732, 0.9806982278823853
823, 17, 0.5164904594421387, 0.5301202535629272, -0.1426391303539276, 0.8867568373680115
823, 18, 0.36878952383995056, 0.4940207302570343, -0.14902077615261078, 0.9751269817352295
823, 19, 0.5045708417892456, 0.5235716104507446, -0.15281802415847778, 0.8914541006088257
823, 20, 0.3791259825229645, 0.4973955452442169, -0.15131893754005432, 0.9759949445724487
823, 21, 0.5010664463043213, 0.5163167715072632, -0.13115423917770386, 0.8235939741134644
823, 22, 0.3867281675338745, 0.49116989970207214, -0.13180559873580933, 0.9584934115409851
823, 23, 0.49352535605430603, 0.3561271131038666, -0.006045423913747072, 0.9877889752388
823, 24, 0.46206727623939514, 0.3290327787399292, 0.005960818845778704, 0.9916774034500122
823, 25, 0.47340670228004456, 0.4289669990539551, 0.12259489297866821, 0.095735564827919
823, 26, 0.43706220388412476, 0.389268696308136, 0.13026249408721924, 0.12166517972946167
823, 27, 0.4755208492279053, 0.41413238644599915, 0.3241061568260193, 0.08689611405134201
823, 28, 0.4494704306125641, 0.37585148215293884, 0.32991185784339905, 0.07822352647781372
823, 29, 0.4770487844944, 0.4054386615753174, 0.3469029664993286, 0.06617773324251175
823, 30, 0.45305901765823364, 0.3706229329109192, 0.35321369767189026, 0.056843943893909454
823, 31, 0.4692024290561676, 0.4374051094055176, 0.36085447669029236, 0.037464383989572525
823, 32, 0.4471242427825928, 0.3912353813648224, 0.36847609281539917, 0.028696183115243912
824, 0, 0.44836100935935974, 0.482167512178421, -0.26354241371154785, 0.999546468257904
824, 1, 0.45477622747421265, 0.4731755256652832, -0.27396392822265625, 0.9996695518493652
824, 2, 0.45963913202285767, 0.4735783338546753, -0.2739865481853485, 0.9997010231018066
824, 3, 0.462885320186615, 0.4734041392803192, -0.2740613520145416, 0.9996978044509888
824, 4, 0.44450798630714417, 0.46853670477867126, -0.2732066214084625, 0.9996151924133301
824, 5, 0.4418765902519226, 0.4684038460254669, -0.27327466011047363, 0.9996483325958252
824, 6, 0.439311683177948, 0.46513187885284424, -0.2732810080051422, 0.9996652603149414
824, 7, 0.4720175862312317, 0.4612586200237274, -0.26160284876823425, 0.9993637204170227
824, 8, 0.43932610750198364, 0.4388236701488495, -0.2578423023223877, 0.9994397759437561
824, 9, 0.454317569732666, 0.4769129157066345, -0.2522508203983307, 0.9989645481109619
824, 10, 0.44542258977890015, 0.47065556049346924, -0.2512154281139374, 0.998836100101471
824, 11, 0.5020451545715332, 0.4359038770198822, -0.20657415688037872, 0.9906467199325562
824, 12, 0.43073615431785583, 0.37571001052856445, -0.2041633427143097, 0.9939591884613037
824, 13, 0.5118826627731323, 0.4954591393470764, -0.1587400734424591, 0.9622976183891296
824, 14, 0.3958130180835724, 0.409440815448761, -0.15863658487796783, 0.9088243842124939
824, 15, 0.5091818571090698, 0.5720690488815308, -0.15519943833351135, 0.9486057758331299
824, 16, 0.3825962543487549, 0.47873517870903015, -0.15638002753257751, 0.9518293142318726
824, 17, 0.5080287456512451, 0.596200168132782, -0.1764814257621765, 0.9499514698982239
824, 18, 0.37207838892936707, 0.4957254230976105, -0.18061403930187225, 0.9458487033843994
824, 19, 0.4988146722316742, 0.5880286693572998, -0.18298685550689697, 0.9495747685432434
824, 20, 0.3824833333492279, 0.5027321577072144, -0.1891968995332718, 0.9460592269897461
824, 21, 0.495365709066391, 0.5768482089042664, -0.15838010609149933, 0.9126776456832886
824, 22, 0.3859693109989166, 0.49704819917678833, -0.16092827916145325, 0.9317895770072937
824, 23, 0.5034082531929016, 0.3400000333786011, -0.005032735411077738, 0.9985415935516357
824, 24, 0.4674953818321228, 0.3157927691936493, 0.005094768945127726, 0.9985752105712891
824, 25, 0.4980253577232361, 0.4205784797668457, 0.14440076053142548, 0.06515418738126755
824, 26, 0.45565658807754517, 0.35489869117736816, 0.1498648226261139, 0.11606612801551819
824, 27, 0.5049341917037964, 0.44710573554039, 0.3484351634979248, 0.20420312881469727
824, 28, 0.45946842432022095, 0.3465646505355835, 0.35975319147109985, 0.19761723279953003
824, 29, 0.5072689056396484, 0.44336894154548645, 0.37112870812416077, 0.19732259213924408
824, 30, 0.4597183167934418, 0.34163182973861694, 0.3839220702648163, 0.20585966110229492
824, 31, 0.5014398097991943, 0.48381567001342773, 0.36933135986328125, 0.050823699682950974
824, 32, 0.4609336256980896, 0.3610115349292755, 0.38652655482292175, 0.05532079562544823
825, 0, 0.44734248518943787, 0.48346537351608276, -0.256682425737381, 0.9996603727340698
825, 1, 0.4512092173099518, 0.4759010374546051, -0.2636621296405792, 0.9997182488441467
825, 2, 0.4546242654323578, 0.47676053643226624, -0.26368680596351624, 0.9997556805610657
825, 3, 0.4580475389957428, 0.4775600731372833, -0.2637671232223511, 0.9997206330299377
825, 4, 0.443604052066803, 0.47122085094451904, -0.2634587585926056, 0.999688982963562
825, 5, 0.440516859292984, 0.4678998291492462, -0.263539582490921, 0.9997672438621521
825, 6, 0.436312198638916, 0.4629289507865906, -0.26357340812683105, 0.9997839331626892
825, 7, 0.46945279836654663, 0.45952707529067993, -0.24127650260925293, 0.99955815076828
825, 8, 0.4351136088371277, 0.4362296760082245, -0.2405211478471756, 0.9997408986091614
825, 9, 0.4506465792655945, 0.47923311591148376, -0.2428666055202484, 0.9992161989212036
825, 10, 0.44154852628707886, 0.4726766347885132, -0.24273283779621124, 0.9992870688438416
825, 11, 0.498480886220932, 0.4325941205024719, -0.18571287393569946, 0.9914605617523193
825, 12, 0.42237338423728943, 0.3756653368473053, -0.1910923570394516, 0.9971250891685486
825, 13, 0.5119935274124146, 0.4825021028518677, -0.13846059143543243, 0.9561756253242493
825, 14, 0.39267435669898987, 0.41156408190727234, -0.1407386213541031, 0.9507803916931152
825, 15, 0.5046396255493164, 0.5636938810348511, -0.13872092962265015, 0.9451654553413391
825, 16, 0.38013768196105957, 0.4817781150341034, -0.12467682361602783, 0.9607857465744019
825, 17, 0.5110371112823486, 0.5857824683189392, -0.15560802817344666, 0.958473801612854
825, 18, 0.3725928068161011, 0.5002180337905884, -0.14417189359664917, 0.9631892442703247
825, 19, 0.5005365610122681, 0.5773542523384094, -0.16136007010936737, 0.9587092399597168
825, 20, 0.3804304599761963, 0.5046724081039429, -0.14897042512893677, 0.9633439183235168
825, 21, 0.4963882565498352, 0.5673614740371704, -0.14121270179748535, 0.9254135489463806
825, 22, 0.384335994720459, 0.4978424906730652, -0.12711411714553833, 0.9403324723243713
825, 23, 0.4961484968662262, 0.34017133712768555, -0.0011233529075980186, 0.9984682202339172
825, 24, 0.46316617727279663, 0.31460392475128174, 0.001149692921899259, 0.9989940524101257
825, 25, 0.4904925227165222, 0.3869111239910126, 0.1433250904083252, 0.0767199695110321
825, 26, 0.45478305220603943, 0.3288346827030182, 0.1357310265302658, 0.29162800312042236
825, 27, 0.495652973651886, 0.3792433738708496, 0.33626553416252136, 0.12189555168151855
825, 28, 0.4620288908481598, 0.3002479076385498, 0.3289112150669098, 0.2891658842563629
825, 29, 0.496422678232193, 0.37092018127441406, 0.3586345613002777, 0.13788430392742157
825, 30, 0.4639831483364105, 0.2944849729537964, 0.3519543707370758, 0.2840527594089508
825, 31, 0.491595983505249, 0.40396884083747864, 0.3701818883419037, 0.02826404944062233
825, 32, 0.4597534239292145, 0.3040604591369629, 0.36229443550109863, 0.04874279350042343
826, 0, 0.4477272927761078, 0.4834095537662506, -0.26179733872413635, 0.999915599822998
826, 1, 0.45287829637527466, 0.4785766899585724, -0.269392728805542, 0.9999212026596069
826, 2, 0.4586721956729889, 0.47644200921058655, -0.26940467953681946, 0.9999390840530396
826, 3, 0.4627067446708679, 0.47366613149642944, -0.26947706937789917, 0.9999148845672607
826, 4, 0.44374021887779236, 0.4719598591327667, -0.2689712643623352, 0.9999099969863892
826, 5, 0.4414495527744293, 0.46983015537261963, -0.2690582871437073, 0.9999427795410156
826, 6, 0.43843594193458557, 0.4669252634048462, -0.2691009044647217, 0.9999418258666992
826, 7, 0.4713831841945648, 0.45999306440353394, -0.24661879241466522, 0.999901533126831
826, 8, 0.43404000997543335, 0.4386056661605835, -0.24478480219841003, 0.9999343156814575
826, 9, 0.45225104689598083, 0.4835079312324524, -0.24755659699440002, 0.9997360110282898
826, 10, 0.4423423409461975, 0.47750160098075867, -0.24713626503944397, 0.9997797608375549
826, 11, 0.5014011263847351, 0.42774519324302673, -0.19164404273033142, 0.9940916895866394
826, 12, 0.4189576208591461, 0.3794953525066376, -0.19715926051139832, 0.9981427192687988
826, 13, 0.5223900675773621, 0.4734169542789459, -0.13639527559280396, 0.9891180396080017
826, 14, 0.3909294009208679, 0.4178646206855774, -0.1380457878112793, 0.9674649238586426
826, 15, 0.510304868221283, 0.5621103048324585, -0.12463994324207306, 0.9660099148750305
826, 16, 0.3797987997531891, 0.48416808247566223, -0.11695365607738495, 0.9653810262680054
826, 17, 0.5168120861053467, 0.5844507813453674, -0.13798783719539642, 0.9740386605262756
826, 18, 0.36631345748901367, 0.5007278323173523, -0.133083313703537, 0.9692065715789795
826, 19, 0.5049170255661011, 0.5771695375442505, -0.14319473505020142, 0.9726362228393555
826, 20, 0.37926697731018066, 0.5053099989891052, -0.13656127452850342, 0.966733455657959
826, 21, 0.5003519654273987, 0.5672907829284668, -0.12617985904216766, 0.9436435699462891
826, 22, 0.3829735815525055, 0.503241240978241, -0.11835551261901855, 0.9424859881401062
826, 23, 0.4942375719547272, 0.33463484048843384, -0.0013913253787904978, 0.9990283250808716
826, 24, 0.4617277979850769, 0.31600528955459595, 0.0013749173376709223, 0.9992456436157227
826, 25, 0.48672181367874146, 0.3527786135673523, 0.15329305827617645, 0.24235907196998596
826, 26, 0.46023550629615784, 0.31803423166275024, 0.14615654945373535, 0.43155813217163086
826, 27, 0.4858536124229431, 0.32863515615463257, 0.34221354126930237, 0.33612722158432007
826, 28, 0.4701330065727234, 0.2843382656574249, 0.33473852276802063, 0.4750926196575165
826, 29, 0.4852963387966156, 0.31781551241874695, 0.3646753132343292, 0.38330724835395813
826, 30, 0.4715588092803955, 0.27718299627304077, 0.35753750801086426, 0.5058501362800598
826, 31, 0.4803392291069031, 0.3470607399940491, 0.3788949251174927, 0.04326103627681732
826, 32, 0.4652526378631592, 0.29075151681900024, 0.36858221888542175, 0.052277613431215286
827, 0, 0.4508783221244812, 0.4744691550731659, -0.26326456665992737, 0.9997391104698181
827, 1, 0.4581943452358246, 0.4662955403327942, -0.26996833086013794, 0.9997978806495667
827, 2, 0.4616505205631256, 0.46695587038993835, -0.26996222138404846, 0.9998278617858887
827, 3, 0.4651035666465759, 0.46755191683769226, -0.2700174152851105, 0.9997543692588806
827, 4, 0.44836100935935974, 0.46055856347084045, -0.2704918682575226, 0.9998223185539246
827, 5, 0.4453369081020355, 0.4577239155769348, -0.27058225870132446, 0.9998778104782104
827, 6, 0.4423242509365082, 0.4548819661140442, -0.27064043283462524, 0.9998804330825806
827, 7, 0.4748229384422302, 0.4519255459308624, -0.2439541518688202, 0.9997474551200867
827, 8, 0.4388278126716614, 0.43110954761505127, -0.2466125786304474, 0.999871015548706
827, 9, 0.4565487802028656, 0.4701361060142517, -0.24804453551769257, 0.9994850158691406
827, 10, 0.4468747079372406, 0.464128702878952, -0.24896404147148132, 0.9996742010116577
827, 11, 0.4992061257362366, 0.4223230481147766, -0.1870858520269394, 0.9932971596717834
827, 12, 0.42045265436172485, 0.38247862458229065, -0.1967446208000183, 0.9991931319236755
827, 13, 0.5205857157707214, 0.45130568742752075, -0.12650130689144135, 0.9723131060600281
827, 14, 0.3930623531341553, 0.41017037630081177, -0.13639704883098602, 0.9818668365478516
827, 15, 0.5155596733093262, 0.5265064239501953, -0.10653804242610931, 0.9046088457107544
827, 16, 0.37881723046302795, 0.4709743857383728, -0.1143513098359108, 0.9842426776885986
827, 17, 0.5241264700889587, 0.5438701510429382, -0.11825291812419891, 0.9317134022712708
827, 18, 0.36667102575302124, 0.48506829142570496, -0.129750594496727, 0.9877722263336182
827, 19, 0.5139071941375732, 0.538884699344635, -0.1239108294248581, 0.9272973537445068
827, 20, 0.37909144163131714, 0.49363037943840027, -0.13354267179965973, 0.986739993095398
827, 21, 0.5081292390823364, 0.5306663513183594, -0.10798966884613037, 0.8625345230102539
827, 22, 0.38204455375671387, 0.48719263076782227, -0.11538107693195343, 0.9721410274505615
827, 23, 0.48976507782936096, 0.35061654448509216, -0.001705650589428842, 0.9992018342018127
827, 24, 0.45904406905174255, 0.3343232274055481, 0.0016057869652286172, 0.9994383454322815
827, 25, 0.48458796739578247, 0.35893356800079346, 0.14342455565929413, 0.17904707789421082
827, 26, 0.45564746856689453, 0.3337002694606781, 0.13707107305526733, 0.2517734169960022
827, 27, 0.4813336730003357, 0.3201190233230591, 0.31712478399276733, 0.2553890645503998
827, 28, 0.4684360921382904, 0.29560765624046326, 0.3120041787624359, 0.2558544874191284
827, 29, 0.48034244775772095, 0.3080936074256897, 0.33825528621673584, 0.32816001772880554
827, 30, 0.46651965379714966, 0.291800856590271, 0.33314988017082214, 0.25787004828453064
827, 31, 0.47543030977249146, 0.33015817403793335, 0.34993401169776917, 0.04047435149550438
827, 32, 0.4595250189304352, 0.30110278725624084, 0.33919158577919006, 0.02571745403110981
828, 0, 0.44840508699417114, 0.46780750155448914, -0.2570149302482605, 0.997180700302124
828, 1, 0.45385321974754333, 0.46233612298965454, -0.26473286747932434, 0.9976693987846375
828, 2, 0.45664364099502563, 0.4632292091846466, -0.26471930742263794, 0.998011589050293
828, 3, 0.45943909883499146, 0.4640607535839081, -0.2647519111633301, 0.996986448764801
828, 4, 0.4457824230194092, 0.4561769366264343, -0.26347100734710693, 0.9980347752571106
828, 5, 0.4432821273803711, 0.4532622992992401, -0.26354825496673584, 0.9985920786857605
828, 6, 0.44078484177589417, 0.45033568143844604, -0.2636067569255829, 0.9984910488128662
828, 7, 0.4673230051994324, 0.4505400061607361, -0.24551856517791748, 0.996418833732605
828, 8, 0.43769192695617676, 0.4287495017051697, -0.24031302332878113, 0.9981957077980042
828, 9, 0.4529598653316498, 0.4641098976135254, -0.24418124556541443, 0.993624210357666
828, 10, 0.44506412744522095, 0.45782825350761414, -0.24294593930244446, 0.995783805847168
828, 11, 0.48809295892715454, 0.42807862162590027, -0.19051946699619293, 0.9726258516311646
828, 12, 0.42289286851882935, 0.38731884956359863, -0.18955105543136597, 0.9960162043571472
828, 13, 0.5040531158447266, 0.44950518012046814, -0.13124412298202515, 0.7767751216888428
828, 14, 0.3963943123817444, 0.4168824851512909, -0.14128035306930542, 0.924692690372467
828, 15, 0.5033603310585022, 0.5009810924530029, -0.10764878988265991, 0.7311906218528748
828, 16, 0.38071829080581665, 0.4677426218986511, -0.1308218538761139, 0.970852792263031
828, 17, 0.5119781494140625, 0.5132320523262024, -0.12014372646808624, 0.7980678081512451
828, 18, 0.37492549419403076, 0.4816618263721466, -0.150018110871315, 0.975543737411499
828, 19, 0.5042446851730347, 0.5070785284042358, -0.12820884585380554, 0.7882561087608337
828, 20, 0.38054323196411133, 0.48234766721725464, -0.15339292585849762, 0.97422194480896
828, 21, 0.4989464282989502, 0.5005986094474792, -0.11006239801645279, 0.6843355894088745
828, 22, 0.38550010323524475, 0.4804779589176178, -0.13246014714241028, 0.9498905539512634
828, 23, 0.48579031229019165, 0.3535252809524536, -0.003629180835559964, 0.997552216053009
828, 24, 0.46115630865097046, 0.3371697664260864, 0.003496107179671526, 0.9984645843505859
828, 25, 0.4788955748081207, 0.3576733469963074, 0.14507165551185608, 0.09279239177703857
828, 26, 0.4573967456817627, 0.33868318796157837, 0.14480987191200256, 0.18265222012996674
828, 27, 0.48210272192955017, 0.32644718885421753, 0.3253556191921234, 0.12973083555698395
828, 28, 0.46546095609664917, 0.3085139989852905, 0.3243395686149597, 0.15159036219120026
828, 29, 0.4829159379005432, 0.31515902280807495, 0.34655481576919556, 0.16912809014320374
828, 30, 0.4676831364631653, 0.3026424050331116, 0.345389723777771, 0.1582648754119873
828, 31, 0.4776412844657898, 0.3378766179084778, 0.3482503592967987, 0.03294795751571655
828, 32, 0.4630834460258484, 0.3085622489452362, 0.3453599810600281, 0.025089653208851814
829, 0, 0.4528752863407135, 0.47578778862953186, -0.2797882854938507, 0.999178946018219
829, 1, 0.45886391401290894, 0.46652981638908386, -0.2870628535747528, 0.9994231462478638
829, 2, 0.46213299036026, 0.46662020683288574, -0.28704091906547546, 0.9995253086090088
829, 3, 0.4653981328010559, 0.46662741899490356, -0.2870844602584839, 0.9991884827613831
829, 4, 0.44887447357177734, 0.4624882936477661, -0.2854752242565155, 0.9994811415672302
829, 5, 0.4456661641597748, 0.46020445227622986, -0.2855565547943115, 0.9996657371520996
829, 6, 0.44247156381607056, 0.4579048454761505, -0.28560957312583923, 0.9996423721313477
829, 7, 0.4729499816894531, 0.4506886899471283, -0.2617565989494324, 0.9992094039916992
829, 8, 0.436823308467865, 0.4361090362071991, -0.2549380362033844, 0.9996015429496765
829, 9, 0.45795124769210815, 0.4715540111064911, -0.26460516452789307, 0.9977072477340698
829, 10, 0.44823017716407776, 0.46730995178222656, -0.2628251910209656, 0.9987384676933289
829, 11, 0.496361643075943, 0.41890615224838257, -0.20372991263866425, 0.9908629655838013
829, 12, 0.4157080054283142, 0.39506158232688904, -0.20207762718200684, 0.9983980059623718
829, 13, 0.5192148089408875, 0.4333345293998718, -0.1391041874885559, 0.9735533595085144
829, 14, 0.3905210793018341, 0.41928502917289734, -0.13513138890266418, 0.9558188915252686
829, 15, 0.5130862593650818, 0.4941345155239105, -0.09823176264762878, 0.761336624622345
829, 16, 0.37967294454574585, 0.47647786140441895, -0.10604610294103622, 0.9487655162811279
829, 17, 0.521263837814331, 0.506203293800354, -0.10706440359354019, 0.8220516443252563
829, 18, 0.37399548292160034, 0.49158695340156555, -0.11830247938632965, 0.9663346409797668
829, 19, 0.5114647746086121, 0.5027723908424377, -0.11189685761928558, 0.7985087037086487
829, 20, 0.3785710334777832, 0.49507936835289, -0.12176062911748886, 0.9598745703697205
829, 21, 0.5057568550109863, 0.49675512313842773, -0.09866424649953842, 0.6699861288070679
829, 22, 0.3841243088245392, 0.49190980195999146, -0.10651440918445587, 0.9203777313232422
829, 23, 0.48615723848342896, 0.3427477180957794, -0.007057550363242626, 0.9988576173782349
829, 24, 0.452894926071167, 0.3351290225982666, 0.006944254040718079, 0.9991648197174072
829, 25, 0.48437318205833435, 0.32776838541030884, 0.16460566222667694, 0.3448720872402191
829, 26, 0.45853814482688904, 0.31016767024993896, 0.16295428574085236, 0.319506973028183
829, 27, 0.47572484612464905, 0.27762508392333984, 0.3458110988140106, 0.4431712031364441
829, 28, 0.46660247445106506, 0.27422574162483215, 0.3451958894729614, 0.4324060082435608
829, 29, 0.4751763939857483, 0.27016305923461914, 0.3679406940937042, 0.6105696558952332
829, 30, 0.4656139314174652, 0.26835572719573975, 0.3670739233493805, 0.4835139811038971
829, 31, 0.4740244746208191, 0.30033472180366516, 0.3747718036174774, 0.06308218091726303
829, 32, 0.46106600761413574, 0.2761322259902954, 0.36592838168144226, 0.0407976396381855
830, 0, 0.4498509466648102, 0.4657708406448364, -0.2314433753490448, 0.9988589286804199
830, 1, 0.45496639609336853, 0.4596688151359558, -0.23891028761863708, 0.9985581040382385
830, 2, 0.45785751938819885, 0.4598659873008728, -0.23889239132404327, 0.9990370273590088
830, 3, 0.4607485830783844, 0.45997461676597595, -0.23889628052711487, 0.9980579018592834
830, 4, 0.4465259909629822, 0.4558776021003723, -0.23764821887016296, 0.9989049434661865
830, 5, 0.4437641501426697, 0.4537164568901062, -0.23772306740283966, 0.9994794726371765
830, 6, 0.44100266695022583, 0.451518177986145, -0.23779836297035217, 0.9993910789489746
830, 7, 0.46697792410850525, 0.4458503723144531, -0.22386470437049866, 0.9989596605300903
830, 8, 0.43654966354370117, 0.432767778635025, -0.21943506598472595, 0.9993901252746582
830, 9, 0.45396262407302856, 0.46121740341186523, -0.22108550369739532, 0.9964279532432556
830, 10, 0.4454367160797119, 0.4571845233440399, -0.22004146873950958, 0.9979957342147827
830, 11, 0.48407644033432007, 0.41295480728149414, -0.18105584383010864, 0.9797716736793518
830, 12, 0.42068585753440857, 0.3958231210708618, -0.1774417608976364, 0.998485267162323
830, 13, 0.4954056143760681, 0.4303770363330841, -0.13002610206604004, 0.9219316244125366
830, 14, 0.39327603578567505, 0.42265433073043823, -0.14498569071292877, 0.9405043125152588
830, 15, 0.49920710921287537, 0.470772922039032, -0.09417581558227539, 0.6923465132713318
830, 16, 0.3800026774406433, 0.47116437554359436, -0.15051501989364624, 0.9817942380905151
830, 17, 0.5091782212257385, 0.48252639174461365, -0.10302058607339859, 0.7456570267677307
830, 18, 0.36971014738082886, 0.48306554555892944, -0.17143701016902924, 0.9840402007102966
830, 19, 0.5021390914916992, 0.47568100690841675, -0.10908236354589462, 0.708002507686615
830, 20, 0.37589898705482483, 0.48205021023750305, -0.17127060890197754, 0.9801125526428223
830, 21, 0.4959450662136078, 0.4698854088783264, -0.09504811465740204, 0.5694193840026855
830, 22, 0.38046330213546753, 0.47912269830703735, -0.15142551064491272, 0.9568002223968506
830, 23, 0.47817152738571167, 0.33550992608070374, -0.0038493857719004154, 0.9984478950500488
830, 24, 0.4538240432739258, 0.3266407251358032, 0.0037069525569677353, 0.9993401169776917
830, 25, 0.47585687041282654, 0.3012058138847351, 0.1595366895198822, 0.13159887492656708
830, 26, 0.4619022309780121, 0.29890507459640503, 0.15300515294075012, 0.2790898382663727
830, 27, 0.47313183546066284, 0.2636067271232605, 0.3283926248550415, 0.3415747284889221
830, 28, 0.4669833183288574, 0.26497629284858704, 0.31873956322669983, 0.4788760542869568
830, 29, 0.4794885218143463, 0.26200684905052185, 0.3481763005256653, 0.5393080115318298
830, 30, 0.4675479829311371, 0.2524855136871338, 0.3375885784626007, 0.6406489014625549
830, 31, 0.4746149182319641, 0.27605360746383667, 0.3413774073123932, 0.04363836348056793
830, 32, 0.4630095064640045, 0.25735217332839966, 0.326387494802475, 0.04660309851169586
831, 0, 0.4461759030818939, 0.46317780017852783, -0.1716761440038681, 0.9927725195884705
831, 1, 0.4480491578578949, 0.4654795229434967, -0.1820424646139145, 0.9956307411193848
831, 2, 0.44930902123451233, 0.46641823649406433, -0.18206116557121277, 0.9960611462593079
831, 3, 0.4505767226219177, 0.4672905504703522, -0.1820855736732483, 0.9928551316261292
831, 4, 0.4442000985145569, 0.4622211158275604, -0.18195989727973938, 0.9959956407546997
831, 5, 0.4429645538330078, 0.4609263241291046, -0.18199491500854492, 0.9972332119941711
831, 6, 0.44172748923301697, 0.45957693457603455, -0.18201561272144318, 0.9963384866714478
831, 7, 0.45389413833618164, 0.4642249643802643, -0.18315711617469788, 0.9938756823539734
831, 8, 0.44027185440063477, 0.45246508717536926, -0.1823844611644745, 0.9984945058822632
831, 9, 0.4486497938632965, 0.46129465103149414, -0.1664966195821762, 0.9952399730682373
831, 10, 0.4447008967399597, 0.45751574635505676, -0.1662924736738205, 0.9953780174255371
831, 11, 0.4645071029663086, 0.4514026939868927, -0.1369325816631317, 0.998123824596405
831, 12, 0.4371320605278015, 0.4307756721973419, -0.14350293576717377, 0.9913011193275452
831, 13, 0.4700619578361511, 0.4448609948158264, -0.10268143564462662, 0.9313063621520996
831, 14, 0.4412979185581207, 0.4223121106624603, -0.09620697051286697, 0.5445117354393005
831, 15, 0.47225815057754517, 0.47303763031959534, -0.10283894836902618, 0.9659446477890015
831, 16, 0.4542117118835449, 0.45668891072273254, -0.06480439007282257, 0.7875826954841614
831, 17, 0.4734976291656494, 0.4845981299877167, -0.11644400656223297, 0.9652702808380127
831, 18, 0.45299482345581055, 0.4672156572341919, -0.07383446395397186, 0.7061046361923218
831, 19, 0.47099900245666504, 0.4824483096599579, -0.11814310401678085, 0.9524703025817871
831, 20, 0.4578579068183899, 0.46646517515182495, -0.08263834565877914, 0.6523741483688354
831, 21, 0.470538854598999, 0.47795334458351135, -0.10461167991161346, 0.9097581505775452
831, 22, 0.4592525362968445, 0.4630739092826843, -0.0681035965681076, 0.6895204782485962
831, 23, 0.4672482907772064, 0.4024333655834198, 0.0013349391520023346, 0.9992427825927734
831, 24, 0.4572368562221527, 0.3970453143119812, -0.0012825718149542809, 0.9966529011726379
831, 25, 0.46681874990463257, 0.4256094694137573, 0.09951627254486084, 0.0640065148472786
831, 26, 0.4602559208869934, 0.4302787482738495, 0.10888080298900604, 0.06547641009092331
831, 27, 0.47129422426223755, 0.43587467074394226, 0.24509496986865997, 0.11605098098516464
831, 28, 0.46501320600509644, 0.43985408544540405, 0.24676546454429626, 0.06818310916423798
831, 29, 0.4710935950279236, 0.43563780188560486, 0.2612939476966858, 0.144512340426445
831, 30, 0.4644690454006195, 0.43899503350257874, 0.2619188129901886, 0.13864225149154663
831, 31, 0.4733956456184387, 0.4475850462913513, 0.2640235126018524, 0.009661662392318249
831, 32, 0.4674879014492035, 0.44827133417129517, 0.26256561279296875, 0.010394119657576084
832, 0, 0.4395592212677002, 0.4302201271057129, -0.240425705909729, 0.39636528491973877
832, 1, 0.44206467270851135, 0.4271041750907898, -0.25256672501564026, 0.5013808608055115
832, 2, 0.4424162805080414, 0.4261215329170227, -0.25262898206710815, 0.47282788157463074
832, 3, 0.44276779890060425, 0.4251558482646942, -0.25274911522865295, 0.527218222618103
832, 4, 0.44187647104263306, 0.42911410331726074, -0.2507981061935425, 0.4801919162273407
832, 5, 0.4421616494655609, 0.4302924573421478, -0.2508215308189392, 0.3915679156780243
832, 6, 0.4424290657043457, 0.43146803975105286, -0.25090137124061584, 0.39443084597587585
832, 7, 0.4466237425804138, 0.4227510094642639, -0.2580431401729584, 0.6478769183158875
832, 8, 0.445781946182251, 0.4317496418952942, -0.2500172555446625, 0.6787195801734924
832, 9, 0.44071730971336365, 0.42868751287460327, -0.23497501015663147, 0.6390390396118164
832, 10, 0.44090238213539124, 0.4333151578903198, -0.2329435795545578, 0.6040976047515869
832, 11, 0.4566133916378021, 0.4156853258609772, -0.22220714390277863, 0.9959491491317749
832, 12, 0.4522612690925598, 0.4336016774177551, -0.1936575025320053, 0.9463019371032715
832, 13, 0.4331020414829254, 0.44341787695884705, -0.21377260982990265, 0.3656345009803772
832, 14, 0.43178996443748474, 0.45010167360305786, -0.1746721863746643, 0.10358025878667831
832, 15, 0.3968122601509094, 0.47415241599082947, -0.24570396542549133, 0.907759964466095
832, 16, 0.4001947343349457, 0.46767929196357727, -0.20551848411560059, 0.526099681854248
832, 17, 0.3940093517303467, 0.48750877380371094, -0.2713272273540497, 0.8465406894683838
832, 18, 0.3944980502128601, 0.46444323658943176, -0.22670111060142517, 0.49140265583992004
832, 19, 0.39226457476615906, 0.4819183051586151, -0.27708715200424194, 0.8559519052505493
832, 20, 0.3952352702617645, 0.46783149242401123, -0.23570582270622253, 0.4902380406856537
832, 21, 0.3922768831253052, 0.47840461134910583, -0.24989160895347595, 0.768269419670105
832, 22, 0.3966286778450012, 0.46919554471969604, -0.21117734909057617, 0.35039976239204407
832, 23, 0.454820454120636, 0.4210890829563141, -0.01119508221745491, 0.9919943809509277
832, 24, 0.4539027810096741, 0.4222843647003174, 0.011301609687507153, 0.9883185625076294
832, 25, 0.4621358811855316, 0.41660428047180176, 0.1332206130027771, 0.013596199452877045
832, 26, 0.46097269654273987, 0.4119606018066406, 0.1545957624912262, 0.012366249226033688
832, 27, 0.4603271484375, 0.4199010729789734, 0.31405580043792725, 0.12430673092603683
832, 28, 0.4579077661037445, 0.4102100729942322, 0.33630964159965515, 0.04761520028114319
832, 29, 0.4614163339138031, 0.41940590739250183, 0.33262142539024353, 0.18055659532546997
832, 30, 0.4606153964996338, 0.40962693095207214, 0.3553810119628906, 0.05298403650522232
832, 31, 0.457611083984375, 0.4253505766391754, 0.32028695940971375, 0.0523730106651783
832, 32, 0.4497983455657959, 0.41206657886505127, 0.3477550745010376, 0.02526388131082058
833, 0, 0.4684695303440094, 0.444935142993927, -0.2601267397403717, 0.8310209512710571
833, 1, 0.47076648473739624, 0.44311460852622986, -0.2639681100845337, 0.8666381239891052
833, 2, 0.471472829580307, 0.4429704546928406, -0.2640022039413452, 0.8477032780647278
833, 3, 0.47218799591064453, 0.4428715109825134, -0.26407352089881897, 0.8265157341957092
833, 4, 0.4687623381614685, 0.4421728253364563, -0.26561737060546875, 0.9050871133804321
833, 5, 0.46820124983787537, 0.4418324828147888, -0.2656833231449127, 0.9004783034324646
833, 6, 0.4676188826560974, 0.4415067434310913, -0.2657475769519806, 0.8957653641700745
833, 7, 0.47244834899902344, 0.4375233054161072, -0.24035482108592987, 0.8234246969223022
833, 8, 0.4659389853477478, 0.43680131435394287, -0.24672897160053253, 0.9461874961853027
833, 9, 0.46697574853897095, 0.4432186484336853, -0.2460632026195526, 0.8593040108680725
833, 10, 0.46549326181411743, 0.4437626600265503, -0.24809172749519348, 0.8832937479019165
833, 11, 0.47565189003944397, 0.4303869605064392, -0.1775335818529129, 0.9823781847953796
833, 12, 0.4517212510108948, 0.4270820617675781, -0.18937130272388458, 0.9736000299453735
833, 13, 0.4627194404602051, 0.4626605212688446, -0.13311228156089783, 0.039408501237630844
833, 14, 0.4244479238986969, 0.459058552980423, -0.14877952635288239, 0.32652509212493896
833, 15, 0.44339680671691895, 0.5148903131484985, -0.1446453034877777, 0.35504576563835144
833, 16, 0.39316511154174805, 0.4992658495903015, -0.13628292083740234, 0.7604999542236328
833, 17, 0.4455401301383972, 0.5311042070388794, -0.1561942994594574, 0.4110158383846283
833, 18, 0.3852660059928894, 0.5005958676338196, -0.14697816967964172, 0.7247521877288818
833, 19, 0.44273680448532104, 0.5300265550613403, -0.16620855033397675, 0.5110557675361633
833, 20, 0.38825875520706177, 0.5072576999664307, -0.15380875766277313, 0.7436233758926392
833, 21, 0.44010934233665466, 0.5236671566963196, -0.14871713519096375, 0.43846216797828674
833, 22, 0.39191946387290955, 0.5083073973655701, -0.13874611258506775, 0.6802168488502502
833, 23, 0.4589363932609558, 0.4278404116630554, -0.0019852477125823498, 0.9557481408119202
833, 24, 0.4475470185279846, 0.41935646533966064, 0.0020961088594049215, 0.9671884179115295
833, 25, 0.475569486618042, 0.4140602946281433, 0.10629026591777802, 0.023083515465259552
833, 26, 0.4669645428657532, 0.4039023220539093, 0.12106651067733765, 0.018184034153819084
833, 27, 0.47865214943885803, 0.41732439398765564, 0.2547410726547241, 0.08060798048973083
833, 28, 0.4736446440219879, 0.4062116742134094, 0.2678280770778656, 0.04075388237833977
833, 29, 0.48023027181625366, 0.4164608120918274, 0.27054089307785034, 0.10859238356351852
833, 30, 0.47731930017471313, 0.4055324196815491, 0.28312528133392334, 0.0401754230260849
833, 31, 0.47627800703048706, 0.42850303649902344, 0.26218223571777344, 0.05799301341176033
833, 32, 0.46751922369003296, 0.41206830739974976, 0.2754583954811096, 0.03957096114754677
834, 0, 0.47212639451026917, 0.4242732524871826, -0.32997313141822815, 0.9983953833580017
834, 1, 0.476407527923584, 0.422028124332428, -0.33436450362205505, 0.9985068440437317
834, 2, 0.4775938093662262, 0.42272406816482544, -0.3343989849090576, 0.9973541498184204
834, 3, 0.47877413034439087, 0.42346814274787903, -0.33447253704071045, 0.9982590079307556
834, 4, 0.4733041822910309, 0.4187380075454712, -0.3356713056564331, 0.998257577419281
834, 5, 0.47251424193382263, 0.41748055815696716, -0.335690438747406, 0.9963791966438293
834, 6, 0.47171974182128906, 0.416290819644928, -0.3357110321521759, 0.9966854453086853
834, 7, 0.4821721017360687, 0.4204255938529968, -0.306730180978775, 0.9973514080047607
834, 8, 0.4719013273715973, 0.40933310985565186, -0.31227824091911316, 0.9978348612785339
834, 9, 0.47226232290267944, 0.4257719814777374, -0.31415244936943054, 0.9995038509368896
834, 10, 0.4696003496646881, 0.4230806231498718, -0.31594574451446533, 0.9993558526039124
834, 11, 0.48799601197242737, 0.4259740710258484, -0.2463105171918869, 0.9998087286949158
834, 12, 0.45626702904701233, 0.40225401520729065, -0.25526121258735657, 0.9975546002388
834, 13, 0.48476535081863403, 0.4830344319343567, -0.23301203548908234, 0.9877806901931763
834, 14, 0.4325312674045563, 0.4254167675971985, -0.24430541694164276, 0.9778857231140137
834, 15, 0.4785604476928711, 0.5402551889419556, -0.2676631212234497, 0.9852954149246216
834, 16, 0.42150813341140747, 0.47463926672935486, -0.2625862956047058, 0.9784172177314758
834, 17, 0.48195838928222656, 0.5518102645874023, -0.29304298758506775, 0.9685056209564209
834, 18, 0.41787806153297424, 0.4823414981365204, -0.2881401777267456, 0.9416404962539673
834, 19, 0.4797743260860443, 0.5485668182373047, -0.3060692548751831, 0.9742125272750854
834, 20, 0.4234169125556946, 0.48632723093032837, -0.2943800389766693, 0.9400274157524109
834, 21, 0.4768272936344147, 0.5446730852127075, -0.27466920018196106, 0.9613828063011169
834, 22, 0.42478281259536743, 0.4840133786201477, -0.2670392692089081, 0.9227558374404907
834, 23, 0.4647044241428375, 0.43555504083633423, 0.0026620670687407255, 0.9945995807647705
834, 24, 0.4466778337955475, 0.41978713870048523, -0.0024928369093686342, 0.9962459206581116
834, 25, 0.46821489930152893, 0.453398734331131, 0.1434512436389923, 0.5490347146987915
834, 26, 0.43411198258399963, 0.42708760499954224, 0.12693962454795837, 0.3659292161464691
834, 27, 0.464465856552124, 0.443981796503067, 0.3348250985145569, 0.22678108513355255
834, 28, 0.42862290143966675, 0.419229120016098, 0.32092925906181335, 0.1416497528553009
834, 29, 0.46372348070144653, 0.4389883577823639, 0.3537847101688385, 0.13441534340381622
834, 30, 0.42941102385520935, 0.41758841276168823, 0.34015706181526184, 0.03515388444066048
834, 31, 0.46299853920936584, 0.459194153547287, 0.33288970589637756, 0.45388704538345337
834, 32, 0.42232710123062134, 0.4293801486492157, 0.31649091839790344, 0.2795017659664154
835, 0, 0.4653540551662445, 0.4272092282772064, -0.38328298926353455, 0.998206377029419
835, 1, 0.47041448950767517, 0.4220026731491089, -0.38593849539756775, 0.9976003766059875
835, 2, 0.4722501337528229, 0.4225347638130188, -0.385959655046463, 0.99750816822052
835, 3, 0.4740750193595886, 0.42312759160995483, -0.3860227167606354, 0.9970819354057312
835, 4, 0.4647296965122223, 0.4177398979663849, -0.3875385522842407, 0.9964773058891296
835, 5, 0.4631555676460266, 0.41577914357185364, -0.38757097721099854, 0.9949357509613037
835, 6, 0.4615890085697174, 0.4138977825641632, -0.3875930607318878, 0.9928373694419861
835, 7, 0.4788568615913391, 0.4163466989994049, -0.34049537777900696, 0.9971464276313782
835, 8, 0.45988398790359497, 0.40219846367836, -0.34781450033187866, 0.9954674243927002
835, 9, 0.46685290336608887, 0.42879635095596313, -0.35978639125823975, 0.9981825351715088
835, 10, 0.462024062871933, 0.42531758546829224, -0.36206743121147156, 0.9980520009994507
835, 11, 0.4894895553588867, 0.423825740814209, -0.27036529779434204, 0.9995723366737366
835, 12, 0.44280630350112915, 0.3903631567955017, -0.2783699631690979, 0.9980279803276062
835, 13, 0.4896748661994934, 0.4968985319137573, -0.25894585251808167, 0.9481434226036072
835, 14, 0.4176771640777588, 0.4360675811767578, -0.2705667316913605, 0.9700221419334412
835, 15, 0.48367151618003845, 0.575927734375, -0.2962946891784668, 0.9560167193412781
835, 16, 0.4054296612739563, 0.49501070380210876, -0.3039795458316803, 0.9676628112792969
835, 17, 0.4894198775291443, 0.5898178219795227, -0.32566335797309875, 0.901610255241394
835, 18, 0.39957109093666077, 0.5001006722450256, -0.3358090817928314, 0.9396399259567261
835, 19, 0.48292818665504456, 0.5865569114685059, -0.339793860912323, 0.9066358208656311
835, 20, 0.40711134672164917, 0.5026904344558716, -0.34632110595703125, 0.942622184753418
835, 21, 0.47890716791152954, 0.5817753672599792, -0.3044072389602661, 0.8900677561759949
835, 22, 0.4102124273777008, 0.5021810531616211, -0.3106963038444519, 0.9178168177604675
835, 23, 0.4689255654811859, 0.44872403144836426, 0.0012930805096402764, 0.980768620967865
835, 24, 0.443530410528183, 0.43341413140296936, -0.0012471217196434736, 0.984257698059082
835, 25, 0.47546201944351196, 0.4469413459300995, 0.1930861473083496, 0.07588820159435272
835, 26, 0.4452027678489685, 0.43819716572761536, 0.1826358139514923, 0.11713087558746338
835, 27, 0.47878995537757874, 0.4375596344470978, 0.4181104302406311, 0.06757350265979767
835, 28, 0.4565185010433197, 0.44240298867225647, 0.4128293991088867, 0.03202492371201515
835, 29, 0.4769681394100189, 0.4318094849586487, 0.4406156539916992, 0.07845714688301086
835, 30, 0.4594840407371521, 0.4402901232242584, 0.43644100427627563, 0.012207155115902424
835, 31, 0.481893926858902, 0.4557885527610779, 0.4146695137023926, 0.18603567779064178
835, 32, 0.45705705881118774, 0.4615150988101959, 0.40881747007369995, 0.09201405942440033
836, 0, 0.4591544270515442, 0.4385514259338379, -0.3241131901741028, 0.5270305871963501
836, 1, 0.46347418427467346, 0.4317633807659149, -0.3341082036495209, 0.6840165257453918
836, 2, 0.4654383063316345, 0.43151170015335083, -0.33412113785743713, 0.7522624731063843
836, 3, 0.4673829972743988, 0.43129852414131165, -0.33421555161476135, 0.6939540505409241
836, 4, 0.4576551020145416, 0.42961499094963074, -0.3342691957950592, 0.5398415327072144
836, 5, 0.45598167181015015, 0.4282619059085846, -0.3343316316604614, 0.5563421845436096
836, 6, 0.45432156324386597, 0.4269712567329407, -0.3343631327152252, 0.4536757469177246
836, 7, 0.472504198551178, 0.4202785789966583, -0.3104548454284668, 0.9376627206802368
836, 8, 0.4525924324989319, 0.4134516716003418, -0.31081756949424744, 0.8574726581573486
836, 9, 0.4616733193397522, 0.4369814693927765, -0.3067972660064697, 0.8023316860198975
836, 10, 0.4566848874092102, 0.43563520908355713, -0.30720245838165283, 0.7018756866455078
836, 11, 0.48634400963783264, 0.4119569659233093, -0.24022845923900604, 0.9962102174758911
836, 12, 0.43878403306007385, 0.39565712213516235, -0.2399272620677948, 0.9775800108909607
836, 13, 0.48994994163513184, 0.4598621726036072, -0.181105375289917, 0.7050831317901611
836, 14, 0.42149171233177185, 0.4204672574996948, -0.18395645916461945, 0.8574428558349609
836, 15, 0.47904229164123535, 0.5116819739341736, -0.1670399010181427, 0.7045263648033142
836, 16, 0.4222438931465149, 0.454815536737442, -0.15983803570270538, 0.5525708794593811
836, 17, 0.48154792189598083, 0.5238634943962097, -0.1827281266450882, 0.573309600353241
836, 18, 0.4187926650047302, 0.45928826928138733, -0.1762218326330185, 0.4840538203716278
836, 19, 0.4757933020591736, 0.5183567404747009, -0.19339801371097565, 0.5957016944885254
836, 20, 0.4256763458251953, 0.4582834839820862, -0.1845342367887497, 0.5260259509086609
836, 21, 0.473205029964447, 0.5144718289375305, -0.17120195925235748, 0.5880556702613831
836, 22, 0.4276629388332367, 0.4571479856967926, -0.16322946548461914, 0.47441232204437256
836, 23, 0.47151121497154236, 0.43725618720054626, -0.0002745265082921833, 0.9811402559280396
836, 24, 0.4434032440185547, 0.42908430099487305, 0.0003622167569119483, 0.9827866554260254
836, 25, 0.47881704568862915, 0.44593456387519836, 0.17524577677249908, 0.048671070486307144
836, 26, 0.4433034360408783, 0.4453405737876892, 0.1759718954563141, 0.02823013626039028
836, 27, 0.4668145775794983, 0.4445934295654297, 0.38152065873146057, 0.03428065404295921
836, 28, 0.44600290060043335, 0.4489465057849884, 0.3799706697463989, 0.01658862642943859
836, 29, 0.462637722492218, 0.43879571557044983, 0.40334853529930115, 0.06531156599521637
836, 30, 0.44799548387527466, 0.44527706503868103, 0.4017849564552307, 0.01914895512163639
836, 31, 0.4677961468696594, 0.46861717104911804, 0.3864670991897583, 0.055727262049913406
836, 32, 0.4455734193325043, 0.4712660610675812, 0.38432347774505615, 0.029655812308192253
837, 0, 0.4596942067146301, 0.4313724935054779, -0.2689887583255768, 0.9192960858345032
837, 1, 0.46285223960876465, 0.4245472848415375, -0.2801612913608551, 0.927767276763916
837, 2, 0.46469059586524963, 0.4237315356731415, -0.2801913619041443, 0.938485324382782
837, 3, 0.46650800108909607, 0.42300674319267273, -0.28028127551078796, 0.9477865695953369
837, 4, 0.45726585388183594, 0.42355093359947205, -0.27998086810112, 0.8271843194961548
837, 5, 0.45566025376319885, 0.4224739074707031, -0.2800289988517761, 0.768440306186676
837, 6, 0.45404329895973206, 0.4214232265949249, -0.28005149960517883, 0.7222910523414612
837, 7, 0.4709406793117523, 0.4108355939388275, -0.2700023353099823, 0.9729597568511963
837, 8, 0.45140689611434937, 0.4084402322769165, -0.26816219091415405, 0.8910204172134399
837, 9, 0.4624186158180237, 0.4287308156490326, -0.25708165764808655, 0.9504601359367371
837, 10, 0.4576651453971863, 0.4286452829837799, -0.2567819654941559, 0.8905240893363953
837, 11, 0.4860723912715912, 0.39979344606399536, -0.21634860336780548, 0.9986929297447205
837, 12, 0.4359191060066223, 0.38983437418937683, -0.2162977159023285, 0.9659184813499451
837, 13, 0.5007696151733398, 0.4446956217288971, -0.20005762577056885, 0.5386578440666199
837, 14, 0.4098545014858246, 0.4168870151042938, -0.19485199451446533, 0.7888413667678833
837, 15, 0.4984811246395111, 0.5018131732940674, -0.23459453880786896, 0.5709435939788818
837, 16, 0.40442925691604614, 0.4540482461452484, -0.200761079788208, 0.48114079236984253
837, 17, 0.5049062967300415, 0.5132026672363281, -0.2553741931915283, 0.4324580132961273
837, 18, 0.39855286478996277, 0.4571465849876404, -0.21641068160533905, 0.36481940746307373
837, 19, 0.49709469079971313, 0.5097931623458862, -0.2646738588809967, 0.4809858500957489
837, 20, 0.40459904074668884, 0.457363098859787, -0.22670575976371765, 0.401167631149292
837, 21, 0.49352630972862244, 0.5071854591369629, -0.23959234356880188, 0.4070608913898468
837, 22, 0.40748652815818787, 0.45742639899253845, -0.2053573578596115, 0.34626975655555725
837, 23, 0.47054368257522583, 0.4528607130050659, -0.002207584446296096, 0.9543269276618958
837, 24, 0.44350409507751465, 0.4468025267124176, 0.0022889142856001854, 0.9287765026092529
837, 25, 0.4739395081996918, 0.44857072830200195, 0.15692801773548126, 0.037085819989442825
837, 26, 0.4470576345920563, 0.45143571496009827, 0.16462305188179016, 0.03154805302619934
837, 27, 0.46163851022720337, 0.457859069108963, 0.3496340811252594, 0.03173569589853287
837, 28, 0.44653958082199097, 0.4639509320259094, 0.3541840612888336, 0.017657287418842316
837, 29, 0.4588896334171295, 0.4542709290981293, 0.36956673860549927, 0.026887783780694008
837, 30, 0.4478888511657715, 0.4622771441936493, 0.3741007149219513, 0.018907707184553146
837, 31, 0.4573248326778412, 0.47864359617233276, 0.35340332984924316, 0.03415690362453461
837, 32, 0.44566622376441956, 0.4832352101802826, 0.3572612702846527, 0.027520321309566498
838, 0, 0.4536326825618744, 0.43997079133987427, -0.3287525177001953, 0.9893752336502075
838, 1, 0.4570172429084778, 0.4323749840259552, -0.34359055757522583, 0.9907755255699158
838, 2, 0.4588060975074768, 0.43167123198509216, -0.3436165452003479, 0.9920907020568848
838, 3, 0.4605674147605896, 0.43107205629348755, -0.3437182605266571, 0.9932723641395569
838, 4, 0.4515242576599121, 0.43091702461242676, -0.34253832697868347, 0.9781391024589539
838, 5, 0.4499887526035309, 0.4296766519546509, -0.3425760567188263, 0.9673237204551697
838, 6, 0.4484420716762543, 0.4284912645816803, -0.342582643032074, 0.9598430395126343
838, 7, 0.4656248688697815, 0.4187186658382416, -0.3339647352695465, 0.9977276921272278
838, 8, 0.44689232110977173, 0.41477808356285095, -0.327755868434906, 0.9898111820220947
838, 9, 0.4567379951477051, 0.4374016523361206, -0.3151853382587433, 0.9956656098365784
838, 10, 0.45231086015701294, 0.43700435757637024, -0.3135772943496704, 0.9901795387268066
838, 11, 0.48273468017578125, 0.4086869955062866, -0.27276602387428284, 0.9997102618217468
838, 12, 0.433899462223053, 0.3940792977809906, -0.26348209381103516, 0.9848471283912659
838, 13, 0.5003063678741455, 0.4586085081100464, -0.24648042023181915, 0.9803085327148438
838, 14, 0.41059619188308716, 0.42312130331993103, -0.23205289244651794, 0.9840583205223083
838, 15, 0.5006042122840881, 0.5243480801582336, -0.2734457850456238, 0.95822674036026
838, 16, 0.39828255772590637, 0.4733451306819916, -0.24261195957660675, 0.9428501725196838
838, 17, 0.5081534385681152, 0.5364794731140137, -0.3031783401966095, 0.8956651091575623
838, 18, 0.38997167348861694, 0.47763189673423767, -0.2681073546409607, 0.8966123461723328
838, 19, 0.49981361627578735, 0.5326341390609741, -0.3152940571308136, 0.8990460634231567
838, 20, 0.3957759439945221, 0.4803834557533264, -0.28244394063949585, 0.9141354560852051
838, 21, 0.496029794216156, 0.530176043510437, -0.2806093394756317, 0.8925641775131226
838, 22, 0.3997375965118408, 0.4803782105445862, -0.25005173683166504, 0.9053030610084534
838, 23, 0.4690168499946594, 0.4508778154850006, -0.005727027077227831, 0.9860532283782959
838, 24, 0.4424913823604584, 0.4418714642524719, 0.00580243393778801, 0.9739542007446289
838, 25, 0.4652438759803772, 0.44651153683662415, 0.18586820363998413, 0.061564937233924866
838, 26, 0.4422074258327484, 0.4435318410396576, 0.19952864944934845, 0.06004486605525017
838, 27, 0.4561081826686859, 0.4525713622570038, 0.41543012857437134, 0.12213490158319473
838, 28, 0.4407866895198822, 0.4527947008609772, 0.429952472448349, 0.04518212005496025
838, 29, 0.4549252390861511, 0.448455810546875, 0.4392874836921692, 0.09317924827337265
838, 30, 0.4431180953979492, 0.45012110471725464, 0.4544036388397217, 0.04361965134739876
838, 31, 0.45146268606185913, 0.47354960441589355, 0.42516812682151794, 0.1265099197626114
838, 32, 0.4372715353965759, 0.47266721725463867, 0.44135189056396484, 0.07990210503339767
839, 0, 0.45574894547462463, 0.42877325415611267, -0.2435634434223175, 0.9906684756278992
839, 1, 0.4578964114189148, 0.42389073967933655, -0.2616114914417267, 0.9911410808563232
839, 2, 0.4589388370513916, 0.4236779808998108, -0.26161691546440125, 0.9904240965843201
839, 3, 0.4599663317203522, 0.42354118824005127, -0.2617063522338867, 0.991578221321106
839, 4, 0.4554641842842102, 0.42200061678886414, -0.2598671317100525, 0.9795279502868652
839, 5, 0.45496445894241333, 0.4208214282989502, -0.25988560914993286, 0.970535159111023
839, 6, 0.45445770025253296, 0.4196777641773224, -0.25991830229759216, 0.9719340205192566
839, 7, 0.4643076956272125, 0.4143284261226654, -0.2754170596599579, 0.9957162737846375
839, 8, 0.455036461353302, 0.40904906392097473, -0.2660060524940491, 0.9924141764640808
839, 9, 0.4580098092556, 0.4266551434993744, -0.2390838861465454, 0.9974077343940735
839, 10, 0.45614033937454224, 0.4255838990211487, -0.23658552765846252, 0.9958070516586304
839, 11, 0.47338539361953735, 0.4055077135562897, -0.2205372303724289, 0.9993452429771423
839, 12, 0.44766074419021606, 0.39538827538490295, -0.22771263122558594, 0.9977713823318481
839, 13, 0.48030418157577515, 0.4498049020767212, -0.18390576541423798, 0.9500998258590698
839, 14, 0.4246629774570465, 0.4299624264240265, -0.19232895970344543, 0.9695557355880737
839, 15, 0.48283690214157104, 0.4896617829799652, -0.19093453884124756, 0.6093845367431641
839, 16, 0.4100624620914459, 0.45873862504959106, -0.18159665167331696, 0.7657014727592468
839, 17, 0.4869660437107086, 0.4995228946208954, -0.20981940627098083, 0.3445281684398651
839, 18, 0.4041479229927063, 0.46162277460098267, -0.19896352291107178, 0.5102034211158752
839, 19, 0.48325759172439575, 0.4951114356517792, -0.21994423866271973, 0.3836621940135956
839, 20, 0.40758562088012695, 0.46232521533966064, -0.21027474105358124, 0.5833960175514221
839, 21, 0.48091283440589905, 0.4930514097213745, -0.19621047377586365, 0.36110711097717285
839, 22, 0.4101382791996002, 0.4625624716281891, -0.18675833940505981, 0.6361452341079712
839, 23, 0.4632490277290344, 0.45176002383232117, 0.001446999842301011, 0.9845063090324402
839, 24, 0.4504792094230652, 0.4491153359413147, -0.0012986898655071855, 0.9858500361442566
839, 25, 0.46988624334335327, 0.43565401434898376, 0.16582176089286804, 0.1664533168077469
839, 26, 0.4609254002571106, 0.4509449899196625, 0.16326816380023956, 0.22963568568229675
839, 27, 0.4596921503543854, 0.4540271461009979, 0.3699692189693451, 0.055602651089429855
839, 28, 0.4597119688987732, 0.4765758812427521, 0.3656907379627228, 0.05092722922563553
839, 29, 0.457710325717926, 0.45678356289863586, 0.3913719952106476, 0.028994092717766762
839, 30, 0.45995792746543884, 0.48131459951400757, 0.3870260417461395, 0.030849173665046692
839, 31, 0.45766085386276245, 0.4632178843021393, 0.3850107789039612, 0.1001083180308342
839, 32, 0.4619982838630676, 0.4872000515460968, 0.3784315288066864, 0.09083280712366104
840, 0, 0.4598497748374939, 0.42426517605781555, -0.3070022761821747, 0.9271960854530334
840, 1, 0.463573694229126, 0.4188380241394043, -0.31973782181739807, 0.932781457901001
840, 2, 0.46536627411842346, 0.4183165729045868, -0.31975027918815613, 0.9312175512313843
840, 3, 0.46715229749679565, 0.4178658723831177, -0.31982192397117615, 0.9461230635643005
840, 4, 0.4584534168243408, 0.4174690246582031, -0.3197930157184601, 0.8715586066246033
840, 5, 0.4570190906524658, 0.416286438703537, -0.3198378384113312, 0.8228660225868225
840, 6, 0.4555801451206207, 0.4151555895805359, -0.31985342502593994, 0.8263623714447021
840, 7, 0.4719316363334656, 0.40713754296302795, -0.30855268239974976, 0.9768576622009277
840, 8, 0.45414620637893677, 0.40305963158607483, -0.3073422312736511, 0.9205477237701416
840, 9, 0.4624532163143158, 0.422036349773407, -0.2936362624168396, 0.9630156755447388
840, 10, 0.4578835368156433, 0.4212256669998169, -0.29365888237953186, 0.9327343702316284
840, 11, 0.485649436712265, 0.396313339471817, -0.2421361207962036, 0.9959766268730164
840, 12, 0.4381539225578308, 0.3896815776824951, -0.2497677057981491, 0.9853336811065674
840, 13, 0.49383744597435, 0.44039076566696167, -0.1790631264448166, 0.7272946238517761
840, 14, 0.41382116079330444, 0.42754948139190674, -0.2205212414264679, 0.9552344083786011
840, 15, 0.48964399099349976, 0.4828703701496124, -0.16774511337280273, 0.6631518006324768
840, 16, 0.4025026261806488, 0.46923011541366577, -0.23035748302936554, 0.8153303861618042
840, 17, 0.49296897649765015, 0.49165451526641846, -0.1828806847333908, 0.5887720584869385
840, 18, 0.39597421884536743, 0.4733724892139435, -0.25279176235198975, 0.6999222636222839
840, 19, 0.48882079124450684, 0.4873868227005005, -0.19407810270786285, 0.6320748329162598
840, 20, 0.4010699391365051, 0.47384342551231384, -0.26350486278533936, 0.7304497957229614
840, 21, 0.4862307608127594, 0.4852471947669983, -0.17228104174137115, 0.5746225118637085
840, 22, 0.4047313332557678, 0.4730871915817261, -0.23613879084587097, 0.7036505341529846
840, 23, 0.468971312046051, 0.4489598870277405, 0.000267932191491127, 0.9675729870796204
840, 24, 0.442152202129364, 0.44608455896377563, -0.00019561979570426047, 0.9602128863334656
840, 25, 0.4846290647983551, 0.44646480679512024, 0.17929819226264954, 0.158676877617836
840, 26, 0.44921785593032837, 0.4567875862121582, 0.18315564095973969, 0.02623177506029606
840, 27, 0.4734686315059662, 0.4498693346977234, 0.3991260528564453, 0.046957097947597504
840, 28, 0.4539293348789215, 0.45777732133865356, 0.401912122964859, 0.011093534529209137
840, 29, 0.46983247995376587, 0.44416841864585876, 0.42219677567481995, 0.05046696215867996
840, 30, 0.4553399980068207, 0.4529505968093872, 0.4251352846622467, 0.011450673453509808
840, 31, 0.4748922288417816, 0.4732643663883209, 0.4093787670135498, 0.05822543427348137
840, 32, 0.4559633135795593, 0.47616857290267944, 0.41179245710372925, 0.02252126857638359
841, 0, 0.45556944608688354, 0.41223427653312683, -0.3095581531524658, 0.9955664277076721
841, 1, 0.4584522843360901, 0.4063850939273834, -0.3244785666465759, 0.9975054860115051
841, 2, 0.45954543352127075, 0.40617960691452026, -0.3244992196559906, 0.9965355396270752
841, 3, 0.4606122076511383, 0.40607935190200806, -0.3245815336704254, 0.9978146553039551
841, 4, 0.45556145906448364, 0.4046172797679901, -0.32252204418182373, 0.9935372471809387
841, 5, 0.4549078345298767, 0.4034958779811859, -0.3225524127483368, 0.9854275584220886
841, 6, 0.45424380898475647, 0.4024358093738556, -0.32255256175994873, 0.9886765480041504
841, 7, 0.46491438150405884, 0.3990713655948639, -0.3210853338241577, 0.9985228180885315
841, 8, 0.4551869332790375, 0.3937162756919861, -0.3113100826740265, 0.9948378205299377
841, 9, 0.45753365755081177, 0.412114679813385, -0.2987305819988251, 0.998691976070404
841, 10, 0.4553162157535553, 0.4110575020313263, -0.296061247587204, 0.9983354210853577
841, 11, 0.47452324628829956, 0.4014013111591339, -0.26316550374031067, 0.9997908473014832
841, 12, 0.4477939009666443, 0.38719940185546875, -0.25780507922172546, 0.9969784021377563
841, 13, 0.4827495515346527, 0.4706297516822815, -0.24545645713806152, 0.9740208983421326
841, 14, 0.421176016330719, 0.43122464418411255, -0.2342834770679474, 0.9631628394126892
841, 15, 0.47989600896835327, 0.5359944105148315, -0.28103309869766235, 0.9806530475616455
841, 16, 0.40617355704307556, 0.4754670560359955, -0.26032620668411255, 0.9206913709640503
841, 17, 0.4844868779182434, 0.5470380187034607, -0.3154197335243225, 0.9528990983963013
841, 18, 0.4003980755805969, 0.47678062319755554, -0.29132115840911865, 0.8470944166183472
841, 19, 0.47958388924598694, 0.5433934926986694, -0.32741791009902954, 0.9541882872581482
841, 20, 0.4036361277103424, 0.4786238372325897, -0.3061545789241791, 0.8765441179275513
841, 21, 0.4772161543369293, 0.5406314134597778, -0.289193719625473, 0.937002956867218
841, 22, 0.406135618686676, 0.4793650209903717, -0.2692210078239441, 0.8937135338783264
841, 23, 0.46212029457092285, 0.4559829831123352, -0.0002969991764985025, 0.9867549538612366
841, 24, 0.4484095573425293, 0.4518226981163025, 0.00039553834358230233, 0.9867250919342041
841, 25, 0.4733732342720032, 0.44837290048599243, 0.1898115575313568, 0.0808120146393776
841, 26, 0.4578329920768738, 0.4555225074291229, 0.18814754486083984, 0.05986512452363968
841, 27, 0.4707154333591461, 0.45259928703308105, 0.424475759267807, 0.05652530863881111
841, 28, 0.463417112827301, 0.460806667804718, 0.4248904287815094, 0.018920231610536575
841, 29, 0.4691455364227295, 0.44810187816619873, 0.44852322340011597, 0.04756401851773262
841, 30, 0.46488770842552185, 0.4579785168170929, 0.45021358132362366, 0.011685175821185112
841, 31, 0.47222796082496643, 0.46918877959251404, 0.43596357107162476, 0.10166709125041962
841, 32, 0.4662027955055237, 0.4732914865016937, 0.4386368691921234, 0.04524915665388107
842, 0, 0.47073325514793396, 0.36348530650138855, -0.20282332599163055, 0.999100923538208
842, 1, 0.47259560227394104, 0.3595772683620453, -0.19817975163459778, 0.9982413053512573
842, 2, 0.4735146462917328, 0.36000704765319824, -0.19820530712604523, 0.9982670545578003
842, 3, 0.47442111372947693, 0.36043810844421387, -0.1982639729976654, 0.9968878626823425
842, 4, 0.4698770046234131, 0.35849589109420776, -0.19913916289806366, 0.9956889748573303
842, 5, 0.4688355326652527, 0.35808566212654114, -0.19915986061096191, 0.9954689741134644
842, 6, 0.46780672669410706, 0.3576909303665161, -0.19918875396251678, 0.9899438619613647
842, 7, 0.47475042939186096, 0.36345183849334717, -0.15974974632263184, 0.9964588284492493
842, 8, 0.46554890275001526, 0.3597090542316437, -0.16530071198940277, 0.9922029972076416
842, 9, 0.4713943600654602, 0.3694522976875305, -0.18728747963905334, 0.9997711777687073
842, 10, 0.46785956621170044, 0.36792999505996704, -0.18902486562728882, 0.9995148181915283
842, 11, 0.4768367409706116, 0.3885161876678467, -0.12922745943069458, 0.9995030164718628
842, 12, 0.4557555317878723, 0.3801293969154358, -0.12807126343250275, 0.9972333312034607
842, 13, 0.47246241569519043, 0.42857223749160767, -0.16588044166564941, 0.9115185737609863
842, 14, 0.4487847685813904, 0.4037725627422333, -0.15208502113819122, 0.7815322875976562
842, 15, 0.46964216232299805, 0.4249221384525299, -0.22614040970802307, 0.6394734978675842
842, 16, 0.45367351174354553, 0.42582863569259644, -0.19661924242973328, 0.5986248254776001
842, 17, 0.4683384895324707, 0.4225344657897949, -0.24345724284648895, 0.6376415491104126
842, 18, 0.453922837972641, 0.43233105540275574, -0.21033665537834167, 0.6713217496871948
842, 19, 0.46919161081314087, 0.4176327586174011, -0.24254575371742249, 0.6167755722999573
842, 20, 0.45674100518226624, 0.4304116666316986, -0.21033497154712677, 0.6328314542770386
842, 21, 0.46874356269836426, 0.41830265522003174, -0.22736454010009766, 0.4570764899253845
842, 22, 0.4568607807159424, 0.42834585905075073, -0.1978762447834015, 0.4618580639362335
842, 23, 0.4666704535484314, 0.4247654676437378, -0.00426476402208209, 0.9993380904197693
842, 24, 0.45378392934799194, 0.4210028052330017, 0.004294719081372023, 0.9958217144012451
842, 25, 0.46855029463768005, 0.42527878284454346, -0.06032545492053032, 0.4923824667930603
842, 26, 0.4545057713985443, 0.43724268674850464, -0.0031302173156291246, 0.23395273089408875
842, 27, 0.4584416449069977, 0.4400620758533478, 0.06420639902353287, 0.6190990805625916
842, 28, 0.45371904969215393, 0.4458591341972351, 0.12704509496688843, 0.26582807302474976
842, 29, 0.45625191926956177, 0.44118350744247437, 0.07533100247383118, 0.4594355821609497
842, 30, 0.45408207178115845, 0.44646334648132324, 0.13861212134361267, 0.1782853603363037
842, 31, 0.4571989178657532, 0.4510558545589447, 0.04219711944460869, 0.5421599745750427
842, 32, 0.453095018863678, 0.45795825123786926, 0.10779251903295517, 0.18572184443473816
843, 0, 0.4515008330345154, 0.4764856696128845, -0.2787761688232422, 0.9988929629325867
843, 1, 0.4566101133823395, 0.46792882680892944, -0.28496307134628296, 0.9991315007209778
843, 2, 0.4597037732601166, 0.46820077300071716, -0.2849419414997101, 0.9991907477378845
843, 3, 0.4627719819545746, 0.4684235751628876, -0.2849867641925812, 0.9985830783843994
843, 4, 0.4473128318786621, 0.46390098333358765, -0.28455793857574463, 0.9992914199829102
843, 5, 0.44441336393356323, 0.4619342088699341, -0.28464412689208984, 0.9994783997535706
843, 6, 0.44152456521987915, 0.4599371552467346, -0.28470760583877563, 0.9994373917579651
843, 7, 0.4713362157344818, 0.4563726782798767, -0.254424124956131, 0.9986080527305603
843, 8, 0.43769383430480957, 0.4410489797592163, -0.2526305615901947, 0.9994342923164368
843, 9, 0.4576418399810791, 0.47353413701057434, -0.26139774918556213, 0.9972111582756042
843, 10, 0.4485465884208679, 0.4696841239929199, -0.2611429691314697, 0.9985388517379761
843, 11, 0.4987644553184509, 0.4340066611766815, -0.19532428681850433, 0.9911961555480957
843, 12, 0.41870203614234924, 0.4087768495082855, -0.19479979574680328, 0.9984071850776672
843, 13, 0.5285922288894653, 0.4471287727355957, -0.13108231127262115, 0.974753201007843
843, 14, 0.38907015323638916, 0.4295427203178406, -0.13666820526123047, 0.9706119298934937
843, 15, 0.526309609413147, 0.5005539059638977, -0.09807489812374115, 0.91102135181427
843, 16, 0.37716785073280334, 0.4878045916557312, -0.11097203195095062, 0.9744642376899719
843, 17, 0.5340415835380554, 0.5135723352432251, -0.10643210262060165, 0.9245601296424866
843, 18, 0.37222611904144287, 0.4980965852737427, -0.1221923977136612, 0.9788772463798523
843, 19, 0.5243542194366455, 0.5106217861175537, -0.11123575270175934, 0.9221369624137878
843, 20, 0.37840577960014343, 0.5039247870445251, -0.12310037761926651, 0.9763857126235962
843, 21, 0.5189075469970703, 0.5041107535362244, -0.09841230511665344, 0.8451629877090454
843, 22, 0.38562536239624023, 0.4959307312965393, -0.11034110933542252, 0.9512069821357727
843, 23, 0.487053245306015, 0.37149184942245483, -0.005476581864058971, 0.9983516931533813
843, 24, 0.4558641314506531, 0.3593389391899109, 0.005301360972225666, 0.9987732768058777
843, 25, 0.48872312903404236, 0.3719422221183777, 0.13489075005054474, 0.17961780726909637
843, 26, 0.4579017758369446, 0.354062020778656, 0.13674728572368622, 0.17827251553535461
843, 27, 0.49098849296569824, 0.33747363090515137, 0.30376139283180237, 0.26317670941352844
843, 28, 0.4701988101005554, 0.3198704421520233, 0.30354610085487366, 0.23706303536891937
843, 29, 0.4897070825099945, 0.32817527651786804, 0.324745774269104, 0.37589600682258606
843, 30, 0.4740636944770813, 0.3122009038925171, 0.324258029460907, 0.26626020669937134
843, 31, 0.4901660978794098, 0.34365078806877136, 0.3420165777206421, 0.047523077577352524
843, 32, 0.46946829557418823, 0.3246239721775055, 0.33568400144577026, 0.030862778425216675
844, 0, 0.4576571583747864, 0.4616985619068146, -0.29816824197769165, 0.9965000152587891
844, 1, 0.45979031920433044, 0.46156230568885803, -0.30187979340553284, 0.9975861310958862
844, 2, 0.4611411690711975, 0.4617966413497925, -0.3018760085105896, 0.997605562210083
844, 3, 0.4624755382537842, 0.46199002861976624, -0.30193740129470825, 0.9967909455299377
844, 4, 0.4552896022796631, 0.4596991539001465, -0.30270886421203613, 0.9981339573860168
844, 5, 0.4538676142692566, 0.4588163197040558, -0.3027805984020233, 0.9984515905380249
844, 6, 0.45244479179382324, 0.4579412341117859, -0.3028351664543152, 0.9982491731643677
844, 7, 0.4658281207084656, 0.4538291394710541, -0.26424816250801086, 0.9960756897926331
844, 8, 0.4493789076805115, 0.44688835740089417, -0.2697886526584625, 0.9977895021438599
844, 9, 0.45961132645606995, 0.4567238688468933, -0.2785792052745819, 0.9925455451011658
844, 10, 0.45571058988571167, 0.4546922445297241, -0.28040173649787903, 0.9963210821151733
844, 11, 0.4781504273414612, 0.42862170934677124, -0.2014346569776535, 0.9958885312080383
844, 12, 0.4385618269443512, 0.42081138491630554, -0.21312980353832245, 0.9992450475692749
844, 13, 0.4884900152683258, 0.4173104166984558, -0.15227492153644562, 0.6577330827713013
844, 14, 0.4221722483634949, 0.4389427602291107, -0.1623823195695877, 0.8428165316581726
844, 15, 0.48727184534072876, 0.44000357389450073, -0.15387998521327972, 0.2968302369117737
844, 16, 0.4208947718143463, 0.468237042427063, -0.14842064678668976, 0.8028995990753174
844, 17, 0.4926263689994812, 0.44682440161705017, -0.16883555054664612, 0.3056938052177429
844, 18, 0.4170738160610199, 0.4725818336009979, -0.1657610684633255, 0.7998058795928955
844, 19, 0.4862290322780609, 0.44590455293655396, -0.1758551448583603, 0.2864169478416443
844, 20, 0.4216699004173279, 0.4728635251522064, -0.16826435923576355, 0.7833582758903503
844, 21, 0.48270145058631897, 0.44155365228652954, -0.15669867396354675, 0.21346840262413025
844, 22, 0.425255686044693, 0.4702420234680176, -0.14946284890174866, 0.6596400141716003
844, 23, 0.47722920775413513, 0.3692672848701477, 0.0006706092972308397, 0.9996943473815918
844, 24, 0.4649655222892761, 0.36479297280311584, -0.0008003223920240998, 0.9997840523719788
844, 25, 0.4711449146270752, 0.3449757695198059, 0.18015754222869873, 0.09177310019731522
844, 26, 0.46204814314842224, 0.34506553411483765, 0.16907808184623718, 0.15269255638122559
844, 27, 0.474834680557251, 0.3179774284362793, 0.373443067073822, 0.23419399559497833
844, 28, 0.46738719940185547, 0.32301750779151917, 0.3663520812988281, 0.2730088233947754
844, 29, 0.4746907353401184, 0.31192439794540405, 0.3953173756599426, 0.37371498346328735
844, 30, 0.4683273434638977, 0.3197341859340668, 0.38809630274772644, 0.27761757373809814
844, 31, 0.47396841645240784, 0.31421661376953125, 0.38486525416374207, 0.14578072726726532
844, 32, 0.4659085273742676, 0.3171672821044922, 0.37463563680648804, 0.10009455680847168
845, 0, 0.459750235080719, 0.4880419969558716, -0.3275294303894043, 0.9931710958480835
845, 1, 0.4634025990962982, 0.47032397985458374, -0.33083805441856384, 0.9979619979858398
845, 2, 0.4647364020347595, 0.4691384732723236, -0.33086755871772766, 0.9970120191574097
845, 3, 0.4661032557487488, 0.46783965826034546, -0.33093252778053284, 0.997491717338562
845, 4, 0.45887723565101624, 0.4713277220726013, -0.3328041732311249, 0.9975603818893433
845, 5, 0.4572812020778656, 0.4707401394844055, -0.33289363980293274, 0.9971569776535034
845, 6, 0.45567911863327026, 0.47016143798828125, -0.3328905403614044, 0.9980428218841553
845, 7, 0.4673967957496643, 0.4507356286048889, -0.28884357213974, 0.9967309236526489
845, 8, 0.45070308446884155, 0.45418867468833923, -0.2994997203350067, 0.9985547661781311
845, 9, 0.46085524559020996, 0.46676725149154663, -0.30713725090026855, 0.9983043670654297
845, 10, 0.4559254050254822, 0.4673216938972473, -0.31000494956970215, 0.9988116025924683
845, 11, 0.46670565009117126, 0.4146328270435333, -0.1954708844423294, 0.9943594336509705
845, 12, 0.4385085999965668, 0.4197915494441986, -0.22948475182056427, 0.9972085356712341
845, 13, 0.4486617147922516, 0.4238850772380829, -0.14885197579860687, 0.2924800217151642
845, 14, 0.4505978524684906, 0.46298789978027344, -0.19403775036334991, 0.9418836832046509
845, 15, 0.4505676329135895, 0.4472942352294922, -0.17589493095874786, 0.23964224755764008
845, 16, 0.47377949953079224, 0.5098855495452881, -0.2106340378522873, 0.9642122387886047
845, 17, 0.4553681015968323, 0.4567531943321228, -0.1984110325574875, 0.16804800927639008
845, 18, 0.47750940918922424, 0.5301162004470825, -0.2376825362443924, 0.9219853281974792
845, 19, 0.45116204023361206, 0.45805466175079346, -0.2120506316423416, 0.17759115993976593
845, 20, 0.484724223613739, 0.5235205888748169, -0.2530982494354248, 0.9188069105148315
845, 21, 0.44838008284568787, 0.4538094401359558, -0.1837376207113266, 0.1655217707157135
845, 22, 0.4837784171104431, 0.5143222808837891, -0.21902450919151306, 0.9053823351860046
845, 23, 0.4673379063606262, 0.3390021324157715, 0.012947047129273415, 0.9975973963737488
845, 24, 0.44963163137435913, 0.33940067887306213, -0.012817403301596642, 0.999085545539856
845, 25, 0.49029669165611267, 0.4258680045604706, 0.12623652815818787, 0.12427343428134918
845, 26, 0.454108864068985, 0.4629712700843811, 0.044649023562669754, 0.7048514485359192
845, 27, 0.47977954149246216, 0.45184653997421265, 0.32868692278862, 0.08401931077241898
845, 28, 0.4578503668308258, 0.4632948040962219, 0.21637706458568573, 0.173365518450737
845, 29, 0.47565704584121704, 0.44371798634529114, 0.3489127457141876, 0.05828128382563591
845, 30, 0.4579722285270691, 0.44759586453437805, 0.23401200771331787, 0.09022494405508041
845, 31, 0.4804116189479828, 0.4932643175125122, 0.31948527693748474, 0.17354007065296173
845, 32, 0.45727190375328064, 0.5005937814712524, 0.2095261514186859, 0.2471500188112259
846, 0, 0.44991129636764526, 0.4860859215259552, -0.49619030952453613, 0.9929168224334717
846, 1, 0.4559866786003113, 0.47339847683906555, -0.49635618925094604, 0.9945353269577026
846, 2, 0.4592922329902649, 0.4730302095413208, -0.4963570535182953, 0.9928656816482544
846, 3, 0.4626016616821289, 0.4725551903247833, -0.4964548647403717, 0.9933319687843323
846, 4, 0.4453517496585846, 0.4830015301704407, -0.4974779486656189, 0.994537889957428
846, 5, 0.4434272348880768, 0.47850871086120605, -0.49753063917160034, 0.9936582446098328
846, 6, 0.44136109948158264, 0.4660601317882538, -0.4975302219390869, 0.9951242804527283
846, 7, 0.47141003608703613, 0.457346647977829, -0.4273703992366791, 0.9782798886299133
846, 8, 0.4382028579711914, 0.4553448259830475, -0.4331384301185608, 0.9930760860443115
846, 9, 0.4559888243675232, 0.48067426681518555, -0.4635475277900696, 0.9860104322433472
846, 10, 0.4462856650352478, 0.47807469964027405, -0.4652629494667053, 0.986382007598877
846, 11, 0.4941534101963043, 0.44258686900138855, -0.3138986825942993, 0.9792773127555847
846, 12, 0.4212966859340668, 0.4048580229282379, -0.32820841670036316, 0.9914655089378357
846, 13, 0.4868779182434082, 0.5173054337501526, -0.3091668486595154, 0.7537175416946411
846, 14, 0.398910790681839, 0.4808325469493866, -0.322534441947937, 0.9150519371032715
846, 15, 0.475971519947052, 0.5657599568367004, -0.40200453996658325, 0.8277417421340942
846, 16, 0.3985399305820465, 0.5505166053771973, -0.39388197660446167, 0.970268189907074
846, 17, 0.48037129640579224, 0.5802671909332275, -0.44691959023475647, 0.7618821263313293
846, 18, 0.39299947023391724, 0.5664793252944946, -0.44285091757774353, 0.9560620784759521
846, 19, 0.47194981575012207, 0.5731325149536133, -0.46206122636795044, 0.7661547660827637
846, 20, 0.40171679854393005, 0.5645169615745544, -0.45456790924072266, 0.9559354782104492
846, 21, 0.4678061604499817, 0.5660473704338074, -0.4124720096588135, 0.6916589736938477
846, 22, 0.4063282012939453, 0.5600662231445312, -0.4025391638278961, 0.9359576106071472
846, 23, 0.48292675614356995, 0.3287513852119446, 0.004202783573418856, 0.9941322207450867
846, 24, 0.44350582361221313, 0.31261447072029114, -0.004259850829839706, 0.997405469417572
846, 25, 0.48646268248558044, 0.4326239228248596, 0.18418756127357483, 0.03477808088064194
846, 26, 0.4243152141571045, 0.4262736439704895, 0.1681930422782898, 0.0832539051771164
846, 27, 0.4590296745300293, 0.4518011808395386, 0.4951072335243225, 0.014007234945893288
846, 28, 0.4231289029121399, 0.44393739104270935, 0.4791331887245178, 0.02414860762655735
846, 29, 0.45358768105506897, 0.4475277364253998, 0.5269848704338074, 0.01456014160066843
846, 30, 0.42387810349464417, 0.439827561378479, 0.5114392638206482, 0.023561181500554085
846, 31, 0.4548798203468323, 0.48646482825279236, 0.5019028782844543, 0.053515538573265076
846, 32, 0.41845670342445374, 0.4747371971607208, 0.49109306931495667, 0.057790614664554596
847, 0, 0.4458445608615875, 0.48761340975761414, -0.5530495047569275, 0.9994639754295349
847, 1, 0.45215195417404175, 0.4763529896736145, -0.5522597432136536, 0.999743640422821
847, 2, 0.45560628175735474, 0.47524189949035645, -0.5522843599319458, 0.999651312828064
847, 3, 0.4590512216091156, 0.4740314185619354, -0.5524333715438843, 0.9997076392173767
847, 4, 0.44367536902427673, 0.4882484972476959, -0.5560847520828247, 0.9996763467788696
847, 5, 0.44059377908706665, 0.4832761883735657, -0.5561121106147766, 0.9995359182357788
847, 6, 0.4385642409324646, 0.4814267158508301, -0.5560300350189209, 0.9996341466903687
847, 7, 0.4692865014076233, 0.45065274834632874, -0.4716462194919586, 0.9991436004638672
847, 8, 0.437411367893219, 0.45362523198127747, -0.49006789922714233, 0.9995269775390625
847, 9, 0.4519743323326111, 0.4787624478340149, -0.51609206199646, 0.9996141195297241
847, 10, 0.4415155351161957, 0.47858381271362305, -0.5212481021881104, 0.9995015859603882
847, 11, 0.4904385209083557, 0.43578270077705383, -0.32242700457572937, 0.9955034852027893
847, 12, 0.4191545844078064, 0.4116279184818268, -0.3811224699020386, 0.9793094396591187
847, 13, 0.46364909410476685, 0.5595546960830688, -0.28992128372192383, 0.8586987853050232
847, 14, 0.4100608229637146, 0.5288997888565063, -0.3581607937812805, 0.9029527306556702
847, 15, 0.4319272041320801, 0.6498915553092957, -0.3876645863056183, 0.8904498815536499
847, 16, 0.4051058292388916, 0.6424801349639893, -0.40642982721328735, 0.9488585591316223
847, 17, 0.43053215742111206, 0.6780109405517578, -0.43386396765708923, 0.8511292934417725
847, 18, 0.39780014753341675, 0.6715716123580933, -0.45900067687034607, 0.925607442855835
847, 19, 0.4232514500617981, 0.6702867746353149, -0.4627881944179535, 0.8517504930496216
847, 20, 0.40687718987464905, 0.6691622734069824, -0.47220712900161743, 0.9230442047119141
847, 21, 0.4208531975746155, 0.6580785512924194, -0.40463653206825256, 0.8197306394577026
847, 22, 0.4119955003261566, 0.6600114107131958, -0.4160250723361969, 0.9035512804985046
847, 23, 0.47498029470443726, 0.34335821866989136, 0.02373420260846615, 0.9937852621078491
847, 24, 0.4335907995700836, 0.33928731083869934, -0.023425763472914696, 0.9943574070930481
847, 25, 0.4958834648132324, 0.4987322986125946, 0.12207084894180298, 0.1295078992843628
847, 26, 0.4445159435272217, 0.5296353101730347, 0.05912458151578903, 0.6223258972167969
847, 27, 0.47727471590042114, 0.5420206785202026, 0.37000375986099243, 0.1347222626209259
847, 28, 0.455427348613739, 0.531039297580719, 0.3235360085964203, 0.2570149898529053
847, 29, 0.471099317073822, 0.5380253791809082, 0.39375290274620056, 0.08254457265138626
847, 30, 0.45551353693008423, 0.5192296504974365, 0.34947219491004944, 0.14340485632419586
847, 31, 0.47640174627304077, 0.594092845916748, 0.3412613272666931, 0.24932922422885895
847, 32, 0.459585577249527, 0.5714311003684998, 0.30605605244636536, 0.3266514837741852
848, 0, 0.4479822516441345, 0.5017245411872864, -0.6967138648033142, 0.9999032020568848
848, 1, 0.45360732078552246, 0.49168017506599426, -0.6956632733345032, 0.9999499320983887
848, 2, 0.4578986167907715, 0.48694849014282227, -0.695604681968689, 0.9999454021453857
848, 3, 0.4630661904811859, 0.4840770363807678, -0.6956987380981445, 0.9999090433120728
848, 4, 0.44148415327072144, 0.4932451844215393, -0.6985793709754944, 0.9999525547027588
848, 5, 0.43757718801498413, 0.49232038855552673, -0.6986134648323059, 0.9999462366104126
848, 6, 0.43385204672813416, 0.4910208284854889, -0.6984959244728088, 0.9999358654022217
848, 7, 0.4735170006752014, 0.46555295586586, -0.5876036286354065, 0.9997542500495911
848, 8, 0.42755231261253357, 0.4703088402748108, -0.6004119515419006, 0.9999288320541382
848, 9, 0.4564513564109802, 0.4884294271469116, -0.6463844180107117, 0.9997335076332092
848, 10, 0.4422522485256195, 0.49236977100372314, -0.65027916431427, 0.999751627445221
848, 11, 0.5009433031082153, 0.4560319185256958, -0.3623588979244232, 0.9953135251998901
848, 12, 0.3996083438396454, 0.43275976181030273, -0.42095986008644104, 0.9776921272277832
848, 13, 0.4865027368068695, 0.5652937293052673, -0.26153674721717834, 0.8452479839324951
848, 14, 0.39790478348731995, 0.5437172651290894, -0.2888275384902954, 0.8364046216011047
848, 15, 0.4565253257751465, 0.6379476189613342, -0.2975657284259796, 0.9475587606430054
848, 16, 0.3999520242214203, 0.659583568572998, -0.25398051738739014, 0.9605695605278015
848, 17, 0.4514246881008148, 0.6622511744499207, -0.3317543864250183, 0.9268971085548401
848, 18, 0.3970528542995453, 0.6799452304840088, -0.2895016074180603, 0.9540181159973145
848, 19, 0.4421730041503906, 0.6551820635795593, -0.3632102906703949, 0.9218810796737671
848, 20, 0.4084951877593994, 0.6731098890304565, -0.3100510835647583, 0.9501433968544006
848, 21, 0.4393664300441742, 0.6465888023376465, -0.3129078447818756, 0.9054578542709351
848, 22, 0.41374874114990234, 0.6651820540428162, -0.2624678313732147, 0.9432040452957153
848, 23, 0.4934019148349762, 0.3630686104297638, 0.02231159806251526, 0.9970369338989258
848, 24, 0.4269351363182068, 0.3553643822669983, -0.022113926708698273, 0.9958826303482056
848, 25, 0.4979481101036072, 0.5529602766036987, 0.06949787586927414, 0.45142486691474915
848, 26, 0.4115438461303711, 0.5635190606117249, 0.005868736654520035, 0.7510794997215271
848, 27, 0.4565187990665436, 0.6733351945877075, 0.30417320132255554, 0.6292609572410583
848, 28, 0.39820656180381775, 0.6898711919784546, 0.24356861412525177, 0.7089285850524902
848, 29, 0.4431808590888977, 0.6832219958305359, 0.3249412178993225, 0.43278270959854126
848, 30, 0.3984299302101135, 0.6814972758293152, 0.2655295133590698, 0.48258137702941895
848, 31, 0.4589994549751282, 0.7350155115127563, 0.235641211271286, 0.7653127312660217
848, 32, 0.4003433287143707, 0.7360087633132935, 0.17523667216300964, 0.8058276772499084
849, 0, 0.4595223069190979, 0.4765811562538147, -0.5214654803276062, 0.999093770980835
849, 1, 0.4652324616909027, 0.4708552360534668, -0.5263546109199524, 0.999103844165802
849, 2, 0.4681927561759949, 0.47087526321411133, -0.5263464450836182, 0.9989136457443237
849, 3, 0.47116488218307495, 0.47081226110458374, -0.5264484882354736, 0.9990068078041077
849, 4, 0.45710238814353943, 0.46843016147613525, -0.5291940569877625, 0.9991933703422546
849, 5, 0.45462507009506226, 0.46687179803848267, -0.529245138168335, 0.9988817572593689
849, 6, 0.4521164000034332, 0.46537843346595764, -0.5292213559150696, 0.9989745616912842
849, 7, 0.47854679822921753, 0.4532086253166199, -0.4579642415046692, 0.9960446357727051
849, 8, 0.4483296275138855, 0.44597408175468445, -0.4725113809108734, 0.9981353282928467
849, 9, 0.4635852873325348, 0.46936851739883423, -0.48622989654541016, 0.9990084767341614
849, 10, 0.45466500520706177, 0.4669278562068939, -0.49047964811325073, 0.9990111589431763
849, 11, 0.4996007978916168, 0.4347950518131256, -0.32776185870170593, 0.9974249601364136
849, 12, 0.4233528971672058, 0.4051813781261444, -0.3462476134300232, 0.9976481795310974
849, 13, 0.5045416951179504, 0.4763578176498413, -0.28063711524009705, 0.8001242280006409
849, 14, 0.413564532995224, 0.4641917049884796, -0.32350972294807434, 0.960203230381012
849, 15, 0.5007195472717285, 0.5286526083946228, -0.3483550250530243, 0.9387546181678772
849, 16, 0.42145681381225586, 0.53176349401474, -0.4065658450126648, 0.9774895310401917
849, 17, 0.5074920058250427, 0.5441992282867432, -0.3928681015968323, 0.9022969603538513
849, 18, 0.4169546961784363, 0.550903856754303, -0.46119603514671326, 0.9606253504753113
849, 19, 0.4971846640110016, 0.5432758331298828, -0.4156765341758728, 0.9049980640411377
849, 20, 0.4276476502418518, 0.5499548316001892, -0.47407442331314087, 0.9592574834823608
849, 21, 0.4916954040527344, 0.5363636612892151, -0.3613472878932953, 0.8602829575538635
849, 22, 0.4316848814487457, 0.5426904559135437, -0.4164472222328186, 0.9448792934417725
849, 23, 0.4829140305519104, 0.33301565051078796, 0.011610577814280987, 0.9973222613334656
849, 24, 0.44110041856765747, 0.31636130809783936, -0.011542204767465591, 0.9987382292747498
849, 25, 0.48805055022239685, 0.4601401090621948, 0.20676514506340027, 0.0946652963757515
849, 26, 0.4282251000404358, 0.4515306353569031, 0.15622396767139435, 0.23663990199565887
849, 27, 0.46158838272094727, 0.5209618806838989, 0.5466768741607666, 0.06229452043771744
849, 28, 0.42324599623680115, 0.5089093446731567, 0.48053398728370667, 0.08101786673069
849, 29, 0.4559822082519531, 0.5203431844711304, 0.5807086825370789, 0.040533892810344696
849, 30, 0.4215964376926422, 0.508019208908081, 0.5129396319389343, 0.05077197030186653
849, 31, 0.4616255760192871, 0.5719219446182251, 0.5289446115493774, 0.22828757762908936
849, 32, 0.4224976599216461, 0.5624967217445374, 0.4576895236968994, 0.2115854173898697
850, 0, 0.43688899278640747, 0.4929598569869995, -0.17202705144882202, 0.9776972532272339
850, 1, 0.4398055672645569, 0.5008014440536499, -0.18110957741737366, 0.9740468263626099
850, 2, 0.4408760666847229, 0.5023572444915771, -0.1810837686061859, 0.9746211171150208
850, 3, 0.4419736862182617, 0.5038847923278809, -0.18106959760189056, 0.9740487337112427
850, 4, 0.4380277097225189, 0.4963616728782654, -0.18927840888500214, 0.9827011227607727
850, 5, 0.43794623017311096, 0.4949180483818054, -0.18937411904335022, 0.9829317331314087
850, 6, 0.43784332275390625, 0.4934904873371124, -0.18941642343997955, 0.9826615452766418
850, 7, 0.45003995299339294, 0.5011866688728333, -0.17463627457618713, 0.9688911437988281
850, 8, 0.44308099150657654, 0.48586171865463257, -0.21331074833869934, 0.9801892042160034
850, 9, 0.44069796800613403, 0.4870970547199249, -0.16328981518745422, 0.9835067987442017
850, 10, 0.43862801790237427, 0.4831220507621765, -0.17448760569095612, 0.9873535633087158
850, 11, 0.4687698483467102, 0.48852887749671936, -0.12868686020374298, 0.9963231086730957
850, 12, 0.4469858705997467, 0.4444654583930969, -0.1776278167963028, 0.9989680051803589
850, 13, 0.4775487780570984, 0.4571214020252228, -0.06675555557012558, 0.021295197308063507
850, 14, 0.4408017098903656, 0.43317675590515137, -0.14379441738128662, 0.7210004925727844
850, 15, 0.46812576055526733, 0.44977977871894836, -0.06537064909934998, 0.09507130831480026
850, 16, 0.42026203870773315, 0.47543245553970337, -0.09208434075117111, 0.7733687162399292
850, 17, 0.4668706953525543, 0.4558490216732025, -0.07468033581972122, 0.14682738482952118
850, 18, 0.4132969379425049, 0.48595139384269714, -0.10338573157787323, 0.7791740894317627
850, 19, 0.46322670578956604, 0.4561688005924225, -0.08731156587600708, 0.16168659925460815
850, 20, 0.41710489988327026, 0.49593818187713623, -0.10463400930166245, 0.772022008895874
850, 21, 0.46267208456993103, 0.4518817067146301, -0.07062786817550659, 0.14728499948978424
850, 22, 0.4201079308986664, 0.4926050901412964, -0.09183225780725479, 0.7124030590057373
850, 23, 0.47837716341018677, 0.3591802418231964, 0.02206282876431942, 0.9937071204185486
850, 24, 0.467099130153656, 0.3340740203857422, -0.022007016465067863, 0.9982829093933105
850, 25, 0.47676628828048706, 0.4614017605781555, 0.13515053689479828, 0.01180219929665327
850, 26, 0.44465550780296326, 0.4641963243484497, 0.07237089425325394, 0.24062709510326385
850, 27, 0.46798449754714966, 0.4885116517543793, 0.2757762670516968, 0.04452752321958542
850, 28, 0.45698362588882446, 0.4793679416179657, 0.2184242308139801, 0.18119215965270996
850, 29, 0.4674616754055023, 0.4868779480457306, 0.28988325595855713, 0.05224369093775749
850, 30, 0.45837655663490295, 0.47466158866882324, 0.2333371639251709, 0.12853388488292694
850, 31, 0.4601960778236389, 0.515446662902832, 0.2785584032535553, 0.08297459036111832
850, 32, 0.45598047971725464, 0.5043619275093079, 0.22206540405750275, 0.2129824310541153
851, 0, 0.4416314959526062, 0.518467903137207, -0.2698412537574768, 0.9962095022201538
851, 1, 0.4463457465171814, 0.5172474384307861, -0.28051766753196716, 0.996001660823822
851, 2, 0.4494077265262604, 0.517920196056366, -0.2804625630378723, 0.9955536723136902
851, 3, 0.4524765908718109, 0.5185593962669373, -0.2804223299026489, 0.9948562383651733
851, 4, 0.4386950433254242, 0.5137865543365479, -0.28439998626708984, 0.997210681438446
851, 5, 0.43664389848709106, 0.5122979283332825, -0.2844848930835724, 0.9971120357513428
851, 6, 0.4345783293247223, 0.5108063220977783, -0.2844982445240021, 0.9974020719528198
851, 7, 0.4643130302429199, 0.5071777701377869, -0.26408761739730835, 0.9916548728942871
851, 8, 0.4365096986293793, 0.49466586112976074, -0.2841530442237854, 0.9965218305587769
851, 9, 0.4496691823005676, 0.5122975707054138, -0.25645434856414795, 0.9947401881217957
851, 10, 0.4417201578617096, 0.5093744993209839, -0.2622775137424469, 0.9972606897354126
851, 11, 0.49707379937171936, 0.48829299211502075, -0.19716884195804596, 0.9934849143028259
851, 12, 0.43187427520751953, 0.44479337334632874, -0.22651830315589905, 0.9991486072540283
851, 13, 0.5030345320701599, 0.513866662979126, -0.13821382820606232, 0.28441739082336426
851, 14, 0.42160922288894653, 0.47529900074005127, -0.19476938247680664, 0.8706265687942505
851, 15, 0.4844920039176941, 0.541240930557251, -0.1475878357887268, 0.6067067384719849
851, 16, 0.4160889685153961, 0.5238301157951355, -0.18822482228279114, 0.9512733221054077
851, 17, 0.4868854880332947, 0.552700400352478, -0.16785617172718048, 0.6062971353530884
851, 18, 0.4089341163635254, 0.5315325260162354, -0.2135254144668579, 0.9373321533203125
851, 19, 0.47740769386291504, 0.5457180738449097, -0.18321554362773895, 0.6306793689727783
851, 20, 0.41818127036094666, 0.5368731021881104, -0.22196480631828308, 0.9406734704971313
851, 21, 0.47483983635902405, 0.5381628274917603, -0.15471555292606354, 0.5778812766075134
851, 22, 0.42281514406204224, 0.5332553386688232, -0.19227062165737152, 0.9213992953300476
851, 23, 0.49438318610191345, 0.3499598801136017, 0.01538607943803072, 0.9971023201942444
851, 24, 0.4594299793243408, 0.3216944634914398, -0.015426267869770527, 0.9991512298583984
851, 25, 0.48489347100257874, 0.4483259320259094, 0.1621149480342865, 0.03699402138590813
851, 26, 0.4304576516151428, 0.4441526532173157, 0.12038661539554596, 0.2551770806312561
851, 27, 0.46166086196899414, 0.4580261707305908, 0.3643338978290558, 0.046735186129808426
851, 28, 0.4294566214084625, 0.4471660256385803, 0.3319321274757385, 0.18382775783538818
851, 29, 0.4585368037223816, 0.45000866055488586, 0.3849441707134247, 0.0410127229988575
851, 30, 0.42932066321372986, 0.4364686608314514, 0.3534213900566101, 0.11011666059494019
851, 31, 0.4498235583305359, 0.4944629669189453, 0.3704506456851959, 0.10138361155986786
851, 32, 0.4245532155036926, 0.48419517278671265, 0.3402259647846222, 0.21296891570091248
852, 0, 0.43323153257369995, 0.5321065187454224, -0.11862790584564209, 0.9969185590744019
852, 1, 0.4392165243625641, 0.536801278591156, -0.12376143038272858, 0.9973631501197815
852, 2, 0.44081801176071167, 0.5369733572006226, -0.1237214207649231, 0.9973347187042236
852, 3, 0.44244813919067383, 0.5370839238166809, -0.12370498478412628, 0.9975098371505737
852, 4, 0.43610724806785583, 0.5350505113601685, -0.13511089980602264, 0.9984293580055237
852, 5, 0.43594488501548767, 0.5341378450393677, -0.1351984590291977, 0.9984239339828491
852, 6, 0.43574410676956177, 0.5332406163215637, -0.13523980975151062, 0.9984003901481628
852, 7, 0.4525734484195709, 0.528270423412323, -0.10877535492181778, 0.9970197081565857
852, 8, 0.4415028691291809, 0.5212613940238953, -0.1613771766424179, 0.9984508752822876
852, 9, 0.43716946244239807, 0.5238204002380371, -0.1082359328866005, 0.9981433153152466
852, 10, 0.43408727645874023, 0.522467851638794, -0.12336836755275726, 0.9988265633583069
852, 11, 0.46484288573265076, 0.4985067546367645, -0.0815279558300972, 0.9951582551002502
852, 12, 0.44128847122192383, 0.48311808705329895, -0.12332271039485931, 0.9992164373397827
852, 13, 0.48005637526512146, 0.4995073080062866, -0.04694218933582306, 0.10453139245510101
852, 14, 0.46050554513931274, 0.5095913410186768, -0.13362281024456024, 0.84017413854599
852, 15, 0.4833497405052185, 0.549643337726593, -0.06417941302061081, 0.22200030088424683
852, 16, 0.47015562653541565, 0.5708765983581543, -0.13373984396457672, 0.8933984637260437
852, 17, 0.4889133870601654, 0.5645284056663513, -0.07416281849145889, 0.252367228269577
852, 18, 0.4711644649505615, 0.5831805467605591, -0.14556105434894562, 0.8518707156181335
852, 19, 0.4853641390800476, 0.5664515495300293, -0.0796399787068367, 0.26770737767219543
852, 20, 0.47630923986434937, 0.587547242641449, -0.15126216411590576, 0.8503551483154297
852, 21, 0.48230910301208496, 0.5585322380065918, -0.06732013076543808, 0.27300623059272766
852, 22, 0.47661203145980835, 0.581805944442749, -0.13622716069221497, 0.8264521360397339
852, 23, 0.46999114751815796, 0.3589845895767212, 0.018259013071656227, 0.9967789053916931
852, 24, 0.45696935057640076, 0.35164836049079895, -0.01808546669781208, 0.999038577079773
852, 25, 0.478300005197525, 0.44529449939727783, -0.023098910227417946, 0.1288747787475586
852, 26, 0.4600861072540283, 0.46217238903045654, -0.043210502713918686, 0.8508824706077576
852, 27, 0.47523513436317444, 0.5474585890769958, -0.025067364796996117, 0.40626513957977295
852, 28, 0.4687780737876892, 0.5459909439086914, -0.055000413209199905, 0.8107009530067444
852, 29, 0.47440069913864136, 0.5508615970611572, -0.0250103659927845, 0.40005624294281006
852, 30, 0.4687216281890869, 0.544743537902832, -0.05601419135928154, 0.7466844916343689
852, 31, 0.4743382930755615, 0.6100270748138428, -0.05737241357564926, 0.5623380541801453
852, 32, 0.4763944149017334, 0.6023596525192261, -0.08870511502027512, 0.8161447048187256
853, 0, 0.45449304580688477, 0.48643171787261963, -0.412663072347641, 0.9999761581420898
853, 1, 0.4595199227333069, 0.4803195595741272, -0.4132138788700104, 0.9999817609786987
853, 2, 0.46434158086776733, 0.48067572712898254, -0.41315311193466187, 0.9999802112579346
853, 3, 0.4659603536128998, 0.47953447699546814, -0.4131491184234619, 0.999974250793457
853, 4, 0.4479812681674957, 0.47938284277915955, -0.4131069779396057, 0.9999808073043823
853, 5, 0.4407297968864441, 0.46770238876342773, -0.41315269470214844, 0.9999749660491943
853, 6, 0.4384379982948303, 0.46652311086654663, -0.41313639283180237, 0.9999690055847168
853, 7, 0.4714116156101227, 0.4585304260253906, -0.34942951798439026, 0.9999080896377563
853, 8, 0.4350782334804535, 0.4460260272026062, -0.34906643629074097, 0.999969482421875
853, 9, 0.459761381149292, 0.4809090197086334, -0.38196030259132385, 0.9999183416366577
853, 10, 0.4419427812099457, 0.4722701907157898, -0.3816452622413635, 0.9999213218688965
853, 11, 0.4890674948692322, 0.43361374735832214, -0.25002384185791016, 0.9952812790870667
853, 12, 0.4160083830356598, 0.41605567932128906, -0.25869718194007874, 0.9957172274589539
853, 13, 0.5009326934814453, 0.5374218225479126, -0.24530188739299774, 0.9840306043624878
853, 14, 0.41094309091567993, 0.5202693939208984, -0.2637926936149597, 0.9818175435066223
853, 15, 0.46133995056152344, 0.6042989492416382, -0.3111402690410614, 0.9839569926261902
853, 16, 0.42966610193252563, 0.6047848463058472, -0.33114093542099, 0.9860180616378784
853, 17, 0.45386067032814026, 0.625746488571167, -0.34599658846855164, 0.9638124108314514
853, 18, 0.42739519476890564, 0.6304639577865601, -0.36678680777549744, 0.9561576247215271
853, 19, 0.4445103704929352, 0.6156495809555054, -0.3601909279823303, 0.9643678665161133
853, 20, 0.43711692094802856, 0.6204969882965088, -0.3754870593547821, 0.947478175163269
853, 21, 0.4457593560218811, 0.6063227653503418, -0.3209480047225952, 0.9575122594833374
853, 22, 0.44007715582847595, 0.6103153228759766, -0.3372851312160492, 0.9464807510375977
853, 23, 0.48852378129959106, 0.3384186923503876, 0.0009239428909495473, 0.9905939102172852
853, 24, 0.44952279329299927, 0.32479438185691833, -0.0008759518968872726, 0.9927282333374023
853, 25, 0.49644050002098083, 0.45977360010147095, 0.05222473293542862, 0.2062777876853943
853, 26, 0.44452255964279175, 0.44671228528022766, 0.061680860817432404, 0.5268463492393494
853, 27, 0.4903210699558258, 0.4857102632522583, 0.21691982448101044, 0.1694481372833252
853, 28, 0.4543399214744568, 0.4673011898994446, 0.25451427698135376, 0.07065609842538834
853, 29, 0.48821520805358887, 0.47609347105026245, 0.23363491892814636, 0.1739179641008377
853, 30, 0.456831157207489, 0.46071571111679077, 0.27527081966400146, 0.10803365707397461
853, 31, 0.48993149399757385, 0.5305958390235901, 0.20968694984912872, 0.44999775290489197
853, 32, 0.4582248330116272, 0.4989021420478821, 0.2697540521621704, 0.17708392441272736
854, 0, 0.44966036081314087, 0.47166913747787476, -0.5509224534034729, 0.998754620552063
854, 1, 0.45433276891708374, 0.4642396569252014, -0.5514568090438843, 0.9992984533309937
854, 2, 0.45733267068862915, 0.4630015194416046, -0.5514384508132935, 0.9990957975387573
854, 3, 0.4601839482784271, 0.46203023195266724, -0.5515388250350952, 0.9990898370742798
854, 4, 0.44373053312301636, 0.46362394094467163, -0.5548179149627686, 0.9993689656257629
854, 5, 0.44122782349586487, 0.46288955211639404, -0.5548779964447021, 0.9991568326950073
854, 6, 0.438912957906723, 0.46212896704673767, -0.554865837097168, 0.9992188215255737
854, 7, 0.46492886543273926, 0.44782787561416626, -0.46909815073013306, 0.9965721368789673
854, 8, 0.4331984519958496, 0.4291553497314453, -0.48354458808898926, 0.9990540146827698
854, 9, 0.4543919563293457, 0.4682495594024658, -0.5122292041778564, 0.9993828535079956
854, 10, 0.437050998210907, 0.4561024606227875, -0.5161545276641846, 0.9993776679039001
854, 11, 0.4783550798892975, 0.4369466006755829, -0.30942365527153015, 0.9905744194984436
854, 12, 0.4209447503089905, 0.3995743691921234, -0.3578701615333557, 0.9826924800872803
854, 13, 0.4545888304710388, 0.5517681241035461, -0.2790966331958771, 0.9113612174987793
854, 14, 0.4220682680606842, 0.5089635848999023, -0.3155626356601715, 0.897209644317627
854, 15, 0.43941229581832886, 0.6340456008911133, -0.38807570934295654, 0.9351824522018433
854, 16, 0.42043179273605347, 0.6069655418395996, -0.37131431698799133, 0.9578545093536377
854, 17, 0.44050416350364685, 0.6592532396316528, -0.4391089379787445, 0.9091718792915344
854, 18, 0.41372591257095337, 0.6328085660934448, -0.4242241382598877, 0.9357163310050964
854, 19, 0.4345935881137848, 0.6530001163482666, -0.46282100677490234, 0.9092221260070801
854, 20, 0.4225110411643982, 0.6316004991531372, -0.4450140595436096, 0.9316884875297546
854, 21, 0.43178367614746094, 0.6424915194511414, -0.40385884046554565, 0.8961339592933655
854, 22, 0.4273456633090973, 0.6237744092941284, -0.3838917315006256, 0.9297234416007996
854, 23, 0.48060956597328186, 0.3627917766571045, 0.02108381688594818, 0.9961156845092773
854, 24, 0.446105420589447, 0.34604498744010925, -0.020912036299705505, 0.995760977268219
854, 25, 0.4781528413295746, 0.5337145924568176, 0.054501473903656006, 0.18747062981128693
854, 26, 0.4278137683868408, 0.5522050261497498, -0.005870130844414234, 0.521253228187561
854, 27, 0.4618392586708069, 0.614890456199646, 0.2595319449901581, 0.3717353343963623
854, 28, 0.4359729290008545, 0.6003953218460083, 0.21494320034980774, 0.2674548029899597
854, 29, 0.4562942087650299, 0.6186820268630981, 0.2781141400337219, 0.24414774775505066
854, 30, 0.43723052740097046, 0.5991958379745483, 0.23571188747882843, 0.21427147090435028
854, 31, 0.4620608389377594, 0.6673884391784668, 0.19648563861846924, 0.6080337166786194
854, 32, 0.43916329741477966, 0.6439069509506226, 0.1580253541469574, 0.4817064702510834
855, 0, 0.45138970017433167, 0.47573453187942505, -0.5337566137313843, 0.9995840191841125
855, 1, 0.45673316717147827, 0.4658350646495819, -0.5328542590141296, 0.9997209906578064
855, 2, 0.4608007073402405, 0.464059054851532, -0.5328260660171509, 0.9996349811553955
855, 3, 0.4649351239204407, 0.46276044845581055, -0.5328637957572937, 0.9996188879013062
855, 4, 0.444807767868042, 0.46647676825523376, -0.5377973914146423, 0.9997509121894836
855, 5, 0.4410935342311859, 0.4651525616645813, -0.5378232002258301, 0.9996682405471802
855, 6, 0.43712908029556274, 0.46384912729263306, -0.5377398133277893, 0.9996652603149414
855, 7, 0.4706525206565857, 0.4429583251476288, -0.44812384247779846, 0.9982815980911255
855, 8, 0.4298169016838074, 0.44281306862831116, -0.46942466497421265, 0.999472439289093
855, 9, 0.4584563374519348, 0.47250375151634216, -0.49403268098831177, 0.9994751811027527
855, 10, 0.4458833336830139, 0.4724216163158417, -0.49988144636154175, 0.9994737505912781
855, 11, 0.4897564947605133, 0.4307439625263214, -0.290345698595047, 0.9930122494697571
855, 12, 0.4007168412208557, 0.42287105321884155, -0.34307578206062317, 0.9862523674964905
855, 13, 0.47991877794265747, 0.5438169240951538, -0.252442330121994, 0.8481625318527222
855, 14, 0.4056747555732727, 0.5362662076950073, -0.29408442974090576, 0.9527503848075867
855, 15, 0.4643023908138275, 0.6061474084854126, -0.338226854801178, 0.9455978870391846
855, 16, 0.4217022955417633, 0.6086413264274597, -0.330395370721817, 0.9884871244430542
855, 17, 0.4667282700538635, 0.6264069676399231, -0.3798864185810089, 0.9237604737281799
855, 18, 0.418820321559906, 0.6336649656295776, -0.37730151414871216, 0.9788099527359009
855, 19, 0.45793500542640686, 0.6178522109985352, -0.40477412939071655, 0.9241142272949219
855, 20, 0.42948848009109497, 0.6216421127319336, -0.39393144845962524, 0.9752547740936279
855, 21, 0.4537407457828522, 0.6088729500770569, -0.3534685969352722, 0.9112505316734314
855, 22, 0.43367505073547363, 0.6119111776351929, -0.3400800824165344, 0.9681610465049744
855, 23, 0.48074278235435486, 0.3350432217121124, 0.017299065366387367, 0.9961721301078796
855, 24, 0.4320530891418457, 0.3334026634693146, -0.017201043665409088, 0.9954912066459656
855, 25, 0.5135700106620789, 0.48682624101638794, 0.03933287411928177, 0.23039114475250244
855, 26, 0.4267421364784241, 0.5192196369171143, -0.010022549889981747, 0.8230191469192505
855, 27, 0.4972206950187683, 0.5678147077560425, 0.22931382060050964, 0.39135995507240295
855, 28, 0.4418245255947113, 0.5713151097297668, 0.198190376162529, 0.5557373762130737
855, 29, 0.49117523431777954, 0.5671979784965515, 0.24688121676445007, 0.2685376703739166
855, 30, 0.44561678171157837, 0.5641143321990967, 0.2195604145526886, 0.4178072512149811
855, 31, 0.5009373426437378, 0.6302143335342407, 0.17926327884197235, 0.6512664556503296
855, 32, 0.44436344504356384, 0.6283307671546936, 0.16412043571472168, 0.7023879885673523
856, 0, 0.45219606161117554, 0.4789702892303467, -0.5804237723350525, 0.9984207153320312
856, 1, 0.4583936631679535, 0.4672018587589264, -0.582818329334259, 0.9985698461532593
856, 2, 0.46259015798568726, 0.46148818731307983, -0.5828282833099365, 0.9981631636619568
856, 3, 0.4676175117492676, 0.45893555879592896, -0.582870602607727, 0.9984961748123169
856, 4, 0.4455503523349762, 0.4684535264968872, -0.5882432460784912, 0.9984338879585266
856, 5, 0.44195955991744995, 0.4672242999076843, -0.5882949233055115, 0.9977869987487793
856, 6, 0.43759575486183167, 0.46210235357284546, -0.5883041620254517, 0.9981828331947327
856, 7, 0.47538384795188904, 0.43715032935142517, -0.5081064105033875, 0.990967333316803
856, 8, 0.4287794232368469, 0.4398607015609741, -0.5324355959892273, 0.9962282180786133
856, 9, 0.4529474377632141, 0.46737417578697205, -0.543962836265564, 0.9988420605659485
856, 10, 0.4404586851596832, 0.4686659574508667, -0.5509270429611206, 0.9986518025398254
856, 11, 0.4983274042606354, 0.41328462958335876, -0.3573944568634033, 0.9913297891616821
856, 12, 0.4015708863735199, 0.41537949442863464, -0.4008796215057373, 0.979526937007904
856, 13, 0.5078874826431274, 0.49616897106170654, -0.3080906867980957, 0.8359256386756897
856, 14, 0.4035329818725586, 0.5135197639465332, -0.3643300235271454, 0.95353102684021
856, 15, 0.49898749589920044, 0.5381152629852295, -0.3798685073852539, 0.9376131296157837
856, 16, 0.41558003425598145, 0.5915550589561462, -0.40715664625167847, 0.9902494549751282
856, 17, 0.5044049024581909, 0.5486545562744141, -0.42624253034591675, 0.9219784736633301
856, 18, 0.4111918807029724, 0.6188923120498657, -0.46127086877822876, 0.9880332946777344
856, 19, 0.4941571354866028, 0.5440089106559753, -0.453472375869751, 0.923706591129303
856, 20, 0.4227392077445984, 0.6093394756317139, -0.48119908571243286, 0.9861839413642883
856, 21, 0.48902711272239685, 0.5391151905059814, -0.3957902789115906, 0.9074189066886902
856, 22, 0.42755943536758423, 0.5978590250015259, -0.41940540075302124, 0.9819390177726746
856, 23, 0.47971034049987793, 0.330756813287735, 0.015201391652226448, 0.9921653270721436
856, 24, 0.42944106459617615, 0.3329233229160309, -0.015094464644789696, 0.991976797580719
856, 25, 0.4993659555912018, 0.4919831156730652, 0.07029712200164795, 0.24899247288703918
856, 26, 0.4331209063529968, 0.5172849893569946, 0.037267230451107025, 0.6280876994132996
856, 27, 0.4803314208984375, 0.5903002023696899, 0.3120802640914917, 0.3112054765224457
856, 28, 0.4399692118167877, 0.580696702003479, 0.28262966871261597, 0.43763360381126404
856, 29, 0.47395676374435425, 0.5987792611122131, 0.33529895544052124, 0.18463219702243805
856, 30, 0.4411655366420746, 0.5799815654754639, 0.3067064881324768, 0.33823204040527344
856, 31, 0.48527422547340393, 0.6397325992584229, 0.26205509901046753, 0.5928660035133362
856, 32, 0.44510871171951294, 0.631338894367218, 0.23518376052379608, 0.6412150859832764
857, 0, 0.43610960245132446, 0.47071725130081177, -0.35770297050476074, 0.9967999458312988
857, 1, 0.43943914771080017, 0.4730175733566284, -0.3639129400253296, 0.9974923133850098
857, 2, 0.44036492705345154, 0.4736693203449249, -0.3638690114021301, 0.9965277314186096
857, 3, 0.441290944814682, 0.4742196798324585, -0.3638755679130554, 0.9965105652809143
857, 4, 0.4369773864746094, 0.4706017076969147, -0.36989232897758484, 0.9982073307037354
857, 5, 0.4366151690483093, 0.4696069359779358, -0.37000876665115356, 0.9978309273719788
857, 6, 0.43622860312461853, 0.4686358869075775, -0.37003690004348755, 0.998176097869873
857, 7, 0.44704025983810425, 0.46868371963500977, -0.32176047563552856, 0.9945789575576782
857, 8, 0.4380272924900055, 0.460919052362442, -0.3497420847415924, 0.9985880255699158
857, 9, 0.4382167458534241, 0.46680641174316406, -0.33462485671043396, 0.9986388087272644
857, 10, 0.4357143044471741, 0.4646209180355072, -0.3429480493068695, 0.9991340041160583
857, 11, 0.4572003483772278, 0.4545106589794159, -0.2338401824235916, 0.9942173957824707
857, 12, 0.43791985511779785, 0.4362911581993103, -0.2658790051937103, 0.9980853796005249
857, 13, 0.462026447057724, 0.4610975384712219, -0.19206877052783966, 0.26491567492485046
857, 14, 0.45898157358169556, 0.4692479372024536, -0.24368131160736084, 0.9228790402412415
857, 15, 0.46562400460243225, 0.49019333720207214, -0.21861758828163147, 0.29505211114883423
857, 16, 0.46859222650527954, 0.5320051908493042, -0.2386825829744339, 0.8920884132385254
857, 17, 0.4707331657409668, 0.49892890453338623, -0.23795254528522491, 0.2489956021308899
857, 18, 0.468552827835083, 0.5512570738792419, -0.25964221358299255, 0.8071315884590149
857, 19, 0.46791353821754456, 0.4986122250556946, -0.246489018201828, 0.2614172399044037
857, 20, 0.4723597466945648, 0.5480865240097046, -0.26689764857292175, 0.7926618456840515
857, 21, 0.46535301208496094, 0.49408116936683655, -0.22318992018699646, 0.25034070014953613
857, 22, 0.4726042151451111, 0.5403416752815247, -0.24205216765403748, 0.7878003120422363
857, 23, 0.46093305945396423, 0.34905627369880676, 0.01434413157403469, 0.9959646463394165
857, 24, 0.44557514786720276, 0.34067070484161377, -0.014188125729560852, 0.9987687468528748
857, 25, 0.4831923544406891, 0.4401790499687195, 0.14312246441841125, 0.13952243328094482
857, 26, 0.4567946791648865, 0.4439605176448822, 0.0825628712773323, 0.6522950530052185
857, 27, 0.48887044191360474, 0.507826566696167, 0.32350829243659973, 0.17478147149085999
857, 28, 0.47380828857421875, 0.513931155204773, 0.2527703046798706, 0.26542872190475464
857, 29, 0.487649530172348, 0.5089451670646667, 0.3411838412284851, 0.1326015591621399
857, 30, 0.4747006297111511, 0.5149872303009033, 0.27022746205329895, 0.19858182966709137
857, 31, 0.49385976791381836, 0.5496478080749512, 0.29598307609558105, 0.349083811044693
857, 32, 0.48398905992507935, 0.5543980002403259, 0.22736790776252747, 0.43079444766044617
858, 0, 0.4592980742454529, 0.4821363687515259, -0.6150287389755249, 0.9991945624351501
858, 1, 0.4630187153816223, 0.47092369198799133, -0.6150085926055908, 0.9994926452636719
858, 2, 0.4665377736091614, 0.4675478935241699, -0.6149865984916687, 0.9992486834526062
858, 3, 0.47067904472351074, 0.4641820192337036, -0.6150806546211243, 0.9993771910667419
858, 4, 0.4525643289089203, 0.4778040051460266, -0.6203365325927734, 0.999420166015625
858, 5, 0.44935736060142517, 0.47854915261268616, -0.620354175567627, 0.9990684390068054
858, 6, 0.4454435706138611, 0.4795570373535156, -0.6203279495239258, 0.9992733597755432
858, 7, 0.4749639928340912, 0.4385913014411926, -0.5278234481811523, 0.9964575171470642
858, 8, 0.4346640706062317, 0.45967531204223633, -0.5515766739845276, 0.9981184005737305
858, 9, 0.464799702167511, 0.4746025800704956, -0.5746119022369385, 0.9992762207984924
858, 10, 0.45344263315200806, 0.4828387498855591, -0.5812841057777405, 0.998979389667511
858, 11, 0.49713677167892456, 0.42453232407569885, -0.37711209058761597, 0.9959361553192139
858, 12, 0.40038052201271057, 0.4530966877937317, -0.42100757360458374, 0.9923732876777649
858, 13, 0.5050415396690369, 0.5088402032852173, -0.40424782037734985, 0.7272297143936157
858, 14, 0.40406885743141174, 0.5620962381362915, -0.4308306574821472, 0.9482797384262085
858, 15, 0.4954950213432312, 0.5687985420227051, -0.5517092943191528, 0.895487368106842
858, 16, 0.41581758856773376, 0.6513028740882874, -0.5034475326538086, 0.9768610596656799
858, 17, 0.500532865524292, 0.5789008736610413, -0.6059942245483398, 0.8780918121337891
858, 18, 0.4125506281852722, 0.6777534484863281, -0.561858057975769, 0.9671346545219421
858, 19, 0.4900451600551605, 0.5774090886116028, -0.6290780305862427, 0.8739455938339233
858, 20, 0.4234529435634613, 0.6660492420196533, -0.5788109302520752, 0.9620493054389954
858, 21, 0.48490840196609497, 0.5740566253662109, -0.567750096321106, 0.844640851020813
858, 22, 0.4280915856361389, 0.654992938041687, -0.5154706239700317, 0.952248752117157
858, 23, 0.4661174714565277, 0.334414005279541, 0.017444487661123276, 0.996951699256897
858, 24, 0.41405582427978516, 0.3539847433567047, -0.017520612105727196, 0.9958885312080383
858, 25, 0.500395655632019, 0.48935577273368835, 0.05595419555902481, 0.1074625551700592
858, 26, 0.41669052839279175, 0.536247968673706, 0.009313485585153103, 0.47497326135635376
858, 27, 0.4781123697757721, 0.6028159260749817, 0.2808760404586792, 0.18437816202640533
858, 28, 0.4101082682609558, 0.6427196264266968, 0.23825125396251678, 0.34723198413848877
858, 29, 0.4685501158237457, 0.6145161390304565, 0.30059438943862915, 0.11966560781002045
858, 30, 0.4113134443759918, 0.634504497051239, 0.25935083627700806, 0.22041568160057068
858, 31, 0.49031439423561096, 0.6536276340484619, 0.211949422955513, 0.3788464069366455
858, 32, 0.4190604090690613, 0.6738893985748291, 0.16940978169441223, 0.527057945728302
859, 0, 0.4579541087150574, 0.4846741259098053, -0.7348442673683167, 0.9997504353523254
859, 1, 0.46043214201927185, 0.47360819578170776, -0.7355126142501831, 0.9997902512550354
859, 2, 0.4645792841911316, 0.469989150762558, -0.7354310154914856, 0.9997408986091614
859, 3, 0.469148725271225, 0.4662020802497864, -0.7354976534843445, 0.9996923208236694
859, 4, 0.44844597578048706, 0.48005056381225586, -0.7399635314941406, 0.999800980091095
859, 5, 0.444105327129364, 0.4807969331741333, -0.7399876713752747, 0.9997215867042542
859, 6, 0.4391234517097473, 0.48210257291793823, -0.7398700714111328, 0.9997076392173767
859, 7, 0.4743103086948395, 0.43943434953689575, -0.6268161535263062, 0.9985066056251526
859, 8, 0.42825308442115784, 0.4651702046394348, -0.6468000411987305, 0.9993461966514587
859, 9, 0.465837299823761, 0.4757407307624817, -0.6834535598754883, 0.9994389414787292
859, 10, 0.44614070653915405, 0.4865759015083313, -0.6895254850387573, 0.9993921518325806
859, 11, 0.5071289539337158, 0.4140934944152832, -0.3996891677379608, 0.9955083131790161
859, 12, 0.3872878849506378, 0.4577615559101105, -0.45498913526535034, 0.9829639196395874
859, 13, 0.5161980390548706, 0.5143768191337585, -0.27171239256858826, 0.7864322066307068
859, 14, 0.39018917083740234, 0.573588490486145, -0.31299924850463867, 0.9300739169120789
859, 15, 0.4953470826148987, 0.5886696577072144, -0.28248345851898193, 0.9274545907974243
859, 16, 0.41386929154396057, 0.6559085845947266, -0.25415530800819397, 0.9726836681365967
859, 17, 0.49838441610336304, 0.6050406694412231, -0.31632551550865173, 0.8945690393447876
859, 18, 0.41195148229599, 0.6826232075691223, -0.2880411446094513, 0.9573513269424438
859, 19, 0.48727932572364807, 0.5983508825302124, -0.34964820742607117, 0.8968353867530823
859, 20, 0.42339658737182617, 0.6649100184440613, -0.3113385736942291, 0.9553278684616089
859, 21, 0.48245954513549805, 0.5942277908325195, -0.297713041305542, 0.8726136684417725
859, 22, 0.4277457594871521, 0.6538856029510498, -0.26272135972976685, 0.9460191130638123
859, 23, 0.4689120352268219, 0.31876394152641296, 0.018960734829306602, 0.9934203028678894
859, 24, 0.4097912311553955, 0.3498643934726715, -0.018734198063611984, 0.9907559752464294
859, 25, 0.5065096616744995, 0.49936413764953613, 0.099063441157341, 0.3049791753292084
859, 26, 0.42279720306396484, 0.5511807799339294, 0.056161411106586456, 0.46298518776893616
859, 27, 0.4790720045566559, 0.6290217638015747, 0.38874348998069763, 0.34413594007492065
859, 28, 0.43179836869239807, 0.6418558359146118, 0.35746222734451294, 0.3387586176395416
859, 29, 0.4684275686740875, 0.6410205364227295, 0.4154255986213684, 0.18495750427246094
859, 30, 0.432324081659317, 0.6453074812889099, 0.3857220709323883, 0.18049566447734833
859, 31, 0.4915741980075836, 0.6887568235397339, 0.32778042554855347, 0.6420190930366516
859, 32, 0.4441789984703064, 0.6966753602027893, 0.2931949198246002, 0.6014153957366943
860, 0, 0.45672693848609924, 0.4824780225753784, -0.6710844039916992, 0.9989402890205383
860, 1, 0.459562212228775, 0.4719797670841217, -0.6716710925102234, 0.9991458654403687
860, 2, 0.4636714458465576, 0.4688423275947571, -0.6716530919075012, 0.9989672899246216
860, 3, 0.46755409240722656, 0.46603521704673767, -0.6716998219490051, 0.9989506006240845
860, 4, 0.4482974112033844, 0.4774729311466217, -0.6770182847976685, 0.9990735054016113
860, 5, 0.4439762234687805, 0.4783755838871002, -0.6770634651184082, 0.9986962676048279
860, 6, 0.43973007798194885, 0.47922244668006897, -0.677038311958313, 0.9988141059875488
860, 7, 0.4736039638519287, 0.4409165382385254, -0.5745707154273987, 0.9952682852745056
860, 8, 0.43009480834007263, 0.45812463760375977, -0.5987462401390076, 0.9974542260169983
860, 9, 0.4647090435028076, 0.4754318296909332, -0.6255828738212585, 0.9989392161369324
860, 10, 0.44561535120010376, 0.48376160860061646, -0.632634162902832, 0.998603880405426
860, 11, 0.4997650682926178, 0.4172798693180084, -0.3825340270996094, 0.9944568872451782
860, 12, 0.39592111110687256, 0.44212424755096436, -0.44069939851760864, 0.975712239742279
860, 13, 0.5036516189575195, 0.5070323348045349, -0.3161514103412628, 0.8075847625732422
860, 14, 0.39572256803512573, 0.5571444034576416, -0.3785392642021179, 0.9403486847877502
860, 15, 0.4883440136909485, 0.567885160446167, -0.3918403089046478, 0.8847739100456238
860, 16, 0.4122639298439026, 0.6540483236312866, -0.39255356788635254, 0.9728613495826721
860, 17, 0.49251070618629456, 0.5793358683586121, -0.4364291727542877, 0.8413243889808655
860, 18, 0.40883708000183105, 0.6837191581726074, -0.4424469470977783, 0.9640975594520569
860, 19, 0.4813684821128845, 0.5763330459594727, -0.4679296612739563, 0.8474756479263306
860, 20, 0.42095428705215454, 0.6700388789176941, -0.46260538697242737, 0.9615824818611145
860, 21, 0.4765600264072418, 0.5739237070083618, -0.40879860520362854, 0.8228046894073486
860, 22, 0.4256925582885742, 0.6589876413345337, -0.40349239110946655, 0.9540773630142212
860, 23, 0.46893125772476196, 0.3255855441093445, 0.022795652970671654, 0.9905789494514465
860, 24, 0.4152664244174957, 0.34531310200691223, -0.02251817099750042, 0.9843481183052063
860, 25, 0.4948367178440094, 0.5035433769226074, 0.05428545922040939, 0.2947922945022583
860, 26, 0.425925076007843, 0.5404682159423828, -0.005549068097025156, 0.49108535051345825
860, 27, 0.47444242238998413, 0.6237733364105225, 0.30497854948043823, 0.3987944722175598
860, 28, 0.4359200894832611, 0.6312596797943115, 0.26106512546539307, 0.41659489274024963
860, 29, 0.465390682220459, 0.6334326267242432, 0.3266199231147766, 0.22773033380508423
860, 30, 0.4361144006252289, 0.6345570087432861, 0.28507548570632935, 0.3011367619037628
860, 31, 0.4862305223941803, 0.681960940361023, 0.22521039843559265, 0.6234983205795288
860, 32, 0.4492128789424896, 0.6864259243011475, 0.18011602759361267, 0.6366136074066162
861, 0, 0.451124370098114, 0.4921394884586334, -0.6849773526191711, 0.99888676404953
861, 1, 0.4589269757270813, 0.479373037815094, -0.6861906051635742, 0.999303936958313
861, 2, 0.4627799391746521, 0.47654977440834045, -0.6861871480941772, 0.9991453886032104
861, 3, 0.4670581817626953, 0.47366461157798767, -0.6863099932670593, 0.9990231990814209
861, 4, 0.44671449065208435, 0.48606061935424805, -0.6915102005004883, 0.9993060827255249
861, 5, 0.4424355626106262, 0.48711779713630676, -0.6915379166603088, 0.9990522265434265
861, 6, 0.4376350939273834, 0.48871177434921265, -0.6914405226707458, 0.9990835189819336
861, 7, 0.47244277596473694, 0.44169217348098755, -0.5889910459518433, 0.9964169263839722
861, 8, 0.42801111936569214, 0.46617525815963745, -0.6128547787666321, 0.9985219836235046
861, 9, 0.45747607946395874, 0.4846433103084564, -0.6388239860534668, 0.9988934397697449
861, 10, 0.4428251385688782, 0.48717963695526123, -0.6457653045654297, 0.9987356066703796
861, 11, 0.5036084055900574, 0.41761937737464905, -0.3810231387615204, 0.9946740865707397
861, 12, 0.3970957100391388, 0.43198496103286743, -0.4503292441368103, 0.9680670499801636
861, 13, 0.4991925358772278, 0.5130778551101685, -0.28403300046920776, 0.6823828816413879
861, 14, 0.3905872702598572, 0.5518109798431396, -0.3518484830856323, 0.9085748195648193
861, 15, 0.48259419202804565, 0.5805485248565674, -0.35301950573921204, 0.8634510040283203
861, 16, 0.4072231650352478, 0.6542592644691467, -0.3346836566925049, 0.9653221368789673
861, 17, 0.48623746633529663, 0.595432698726654, -0.3973924517631531, 0.8333296775817871
861, 18, 0.4029772877693176, 0.6838217973709106, -0.38107094168663025, 0.952596127986908
861, 19, 0.4764673709869385, 0.5915579199790955, -0.4306935667991638, 0.8359531164169312
861, 20, 0.4159325659275055, 0.671332597732544, -0.4006243348121643, 0.9518033266067505
861, 21, 0.47159332036972046, 0.5877202749252319, -0.37007150053977966, 0.7978722453117371
861, 22, 0.4208705425262451, 0.6605632305145264, -0.3435860276222229, 0.9386140704154968
861, 23, 0.4812315106391907, 0.3241584300994873, 0.024607578292489052, 0.9976084232330322
861, 24, 0.41524720191955566, 0.3438867926597595, -0.02431231178343296, 0.996057391166687
861, 25, 0.49610480666160583, 0.4991914629936218, 0.13203808665275574, 0.25060558319091797
861, 26, 0.42916011810302734, 0.5515736937522888, 0.06394288688898087, 0.39774712920188904
861, 27, 0.4765409827232361, 0.6158140897750854, 0.4345211088657379, 0.3792189359664917
861, 28, 0.4387272894382477, 0.6231306791305542, 0.3860158324241638, 0.26883330941200256
861, 29, 0.46895986795425415, 0.6252902746200562, 0.4626704752445221, 0.21779723465442657
861, 30, 0.43736833333969116, 0.6246750354766846, 0.4166446626186371, 0.15253469347953796
861, 31, 0.48476800322532654, 0.6764023900032043, 0.37415164709091187, 0.6351885795593262
861, 32, 0.45153164863586426, 0.674272894859314, 0.3274628818035126, 0.47820451855659485
862, 0, 0.4503237307071686, 0.4946744740009308, -0.7026937007904053, 0.9997201561927795
862, 1, 0.45410722494125366, 0.48352760076522827, -0.7003384828567505, 0.9998743534088135
862, 2, 0.4577537178993225, 0.4806307554244995, -0.7003306746482849, 0.999830961227417
862, 3, 0.4619320333003998, 0.47734981775283813, -0.700453519821167, 0.999788224697113
862, 4, 0.442313015460968, 0.4906325340270996, -0.7056856751441956, 0.9998691082000732
862, 5, 0.43838515877723694, 0.49146685004234314, -0.7057040333747864, 0.9998194575309753
862, 6, 0.433683305978775, 0.4930152893066406, -0.7056013345718384, 0.9998267292976379
862, 7, 0.47033101320266724, 0.44937407970428467, -0.5908289551734924, 0.9993085861206055
862, 8, 0.42665204405784607, 0.4689897894859314, -0.6144841313362122, 0.9997475743293762
862, 9, 0.4587586522102356, 0.4856685996055603, -0.6523944139480591, 0.9996631145477295
862, 10, 0.441467821598053, 0.48842260241508484, -0.6593595743179321, 0.9996325969696045
862, 11, 0.5010343790054321, 0.4252021908760071, -0.3702875077724457, 0.9965716600418091
862, 12, 0.40153127908706665, 0.4353379011154175, -0.4437429904937744, 0.9720777273178101
862, 13, 0.4862533211708069, 0.5391042232513428, -0.27031373977661133, 0.8065197467803955
862, 14, 0.39789825677871704, 0.5536497831344604, -0.32175371050834656, 0.8584764003753662
862, 15, 0.4540480077266693, 0.6128737330436707, -0.3365478515625, 0.9002671241760254
862, 16, 0.41424521803855896, 0.6527495384216309, -0.2874665856361389, 0.9531509280204773
862, 17, 0.45372405648231506, 0.6328490972518921, -0.38002148270606995, 0.8611308336257935
862, 18, 0.41091591119766235, 0.6825987100601196, -0.3287558853626251, 0.9402050375938416
862, 19, 0.445235013961792, 0.6258808374404907, -0.41348475217819214, 0.861464262008667
862, 20, 0.4219387173652649, 0.6707632541656494, -0.3497273623943329, 0.9381822943687439
862, 21, 0.4423372149467468, 0.6196077466011047, -0.354047954082489, 0.8275051116943359
862, 22, 0.4263930320739746, 0.6605152487754822, -0.296170175075531, 0.9262831211090088
862, 23, 0.4727188050746918, 0.33677661418914795, 0.02285923808813095, 0.9980751276016235
862, 24, 0.4194272458553314, 0.3426819443702698, -0.022579869255423546, 0.9969276785850525
862, 25, 0.49289312958717346, 0.5102058053016663, 0.12015475332736969, 0.3233911693096161
862, 26, 0.4233793318271637, 0.5558462142944336, 0.06811650097370148, 0.4902656376361847
862, 27, 0.4632553458213806, 0.6306583881378174, 0.4118710458278656, 0.37565380334854126
862, 28, 0.42520254850387573, 0.6334102153778076, 0.3761143684387207, 0.27073749899864197
862, 29, 0.45395708084106445, 0.6408194303512573, 0.4393320679664612, 0.20860031247138977
862, 30, 0.424052894115448, 0.6338494420051575, 0.4052373468875885, 0.16155485808849335
862, 31, 0.4696280360221863, 0.6930666565895081, 0.3569636642932892, 0.6269987225532532
862, 32, 0.43136534094810486, 0.692090630531311, 0.3249320983886719, 0.47243601083755493
863, 0, 0.4570046365261078, 0.4920550584793091, -0.6049458384513855, 0.9901408553123474
863, 1, 0.45838862657546997, 0.48081597685813904, -0.6074897050857544, 0.9935576319694519
863, 2, 0.46117734909057617, 0.4771145284175873, -0.6075006723403931, 0.9926801919937134
863, 3, 0.46478772163391113, 0.4728657901287079, -0.6075872182846069, 0.9932606816291809
863, 4, 0.4490627348423004, 0.4883459210395813, -0.6126785278320312, 0.9917607307434082
863, 5, 0.4458244740962982, 0.4889912009239197, -0.6126897931098938, 0.989257276058197
863, 6, 0.4421159625053406, 0.4904017150402069, -0.612665057182312, 0.9909407496452332
863, 7, 0.4731483459472656, 0.44480371475219727, -0.5302526354789734, 0.9769464135169983
863, 8, 0.43385228514671326, 0.47070083022117615, -0.55350261926651, 0.980709433555603
863, 9, 0.4637863039970398, 0.4932571053504944, -0.5681490302085876, 0.992374837398529
863, 10, 0.44950342178344727, 0.4974006712436676, -0.5748194456100464, 0.9914655089378357
863, 11, 0.505640983581543, 0.42644116282463074, -0.3748677670955658, 0.9968343377113342
863, 12, 0.40703171491622925, 0.4449882507324219, -0.4165027141571045, 0.9731411337852478
863, 13, 0.5086007714271545, 0.5173420310020447, -0.34551718831062317, 0.6734921932220459
863, 14, 0.41147708892822266, 0.5541941523551941, -0.3982321321964264, 0.8144199848175049
863, 15, 0.48083335161209106, 0.5742217898368835, -0.43816304206848145, 0.7891899943351746
863, 16, 0.42212095856666565, 0.638927161693573, -0.4484024941921234, 0.9270909428596497
863, 17, 0.4811665415763855, 0.5852923393249512, -0.4840281903743744, 0.7494190335273743
863, 18, 0.4179602265357971, 0.6625953912734985, -0.4983552098274231, 0.9196025729179382
863, 19, 0.46909499168395996, 0.5799838304519653, -0.5106637477874756, 0.7458900213241577
863, 20, 0.4278940260410309, 0.6507986783981323, -0.5174045562744141, 0.9116701483726501
863, 21, 0.46607914566993713, 0.5768852233886719, -0.453730046749115, 0.7022895812988281
863, 22, 0.4326438307762146, 0.6421319246292114, -0.460308700799942, 0.8922305703163147
863, 23, 0.4646507203578949, 0.3208136558532715, 0.015088069252669811, 0.9955781102180481
863, 24, 0.4151562750339508, 0.33451056480407715, -0.014970767311751842, 0.9932615160942078
863, 25, 0.48915043473243713, 0.4813874661922455, 0.010784123092889786, 0.15864643454551697
863, 26, 0.4153546392917633, 0.5031090974807739, -0.023786772042512894, 0.26434391736984253
863, 27, 0.46662622690200806, 0.6156035661697388, 0.20505230128765106, 0.18624834716320038
863, 28, 0.4241538643836975, 0.632178783416748, 0.17230796813964844, 0.3251451849937439
863, 29, 0.45641714334487915, 0.6310086250305176, 0.22074036300182343, 0.11008260399103165
863, 30, 0.4258667528629303, 0.6431288719177246, 0.18883612751960754, 0.23216769099235535
863, 31, 0.478069543838501, 0.6735769510269165, 0.11748548597097397, 0.3260918855667114
863, 32, 0.43121981620788574, 0.6922012567520142, 0.07798940688371658, 0.5054247975349426
864, 0, 0.4550606608390808, 0.47595351934432983, -0.4273844361305237, 0.9588418006896973
864, 1, 0.45815593004226685, 0.4605041444301605, -0.4334445893764496, 0.9636467099189758
864, 2, 0.4615190625190735, 0.4584440588951111, -0.43354496359825134, 0.9548649787902832
864, 3, 0.46486395597457886, 0.4562658667564392, -0.4336714744567871, 0.9607884883880615
864, 4, 0.4482995867729187, 0.46270859241485596, -0.43670010566711426, 0.9409341812133789
864, 5, 0.44478172063827515, 0.462260901927948, -0.43668612837791443, 0.9005974531173706
864, 6, 0.4412059187889099, 0.46180492639541626, -0.4366813600063324, 0.9193330407142639
864, 7, 0.47045907378196716, 0.436906635761261, -0.39470991492271423, 0.9480594396591187
864, 8, 0.4350404143333435, 0.44473665952682495, -0.4089958667755127, 0.8666841387748718
864, 9, 0.4602459967136383, 0.47062695026397705, -0.4053880572319031, 0.9856029748916626
864, 10, 0.4490600526332855, 0.4748181700706482, -0.4098659157752991, 0.9808516502380371
864, 11, 0.4990706443786621, 0.42340871691703796, -0.28652653098106384, 0.9991917014122009
864, 12, 0.419109970331192, 0.43403977155685425, -0.3119467496871948, 0.9916661381721497
864, 13, 0.5060515999794006, 0.46519196033477783, -0.23808720707893372, 0.14634190499782562
864, 14, 0.4101344645023346, 0.4796801209449768, -0.31651774048805237, 0.423491507768631
864, 15, 0.47394490242004395, 0.5071799159049988, -0.23463574051856995, 0.4192705452442169
864, 16, 0.40749591588974, 0.5304330587387085, -0.3654091954231262, 0.8262985944747925
864, 17, 0.4730915427207947, 0.5175541043281555, -0.25341418385505676, 0.5897908210754395
864, 18, 0.40293797850608826, 0.5441571474075317, -0.40240174531936646, 0.847890317440033
864, 19, 0.4637084901332855, 0.5111719369888306, -0.27626359462738037, 0.5562461614608765
864, 20, 0.41070452332496643, 0.5434369444847107, -0.4100002348423004, 0.8153085708618164
864, 21, 0.46160969138145447, 0.5084742903709412, -0.2436724156141281, 0.44748565554618835
864, 22, 0.41443195939064026, 0.5390042066574097, -0.37197384238243103, 0.7874683141708374
864, 23, 0.45945191383361816, 0.3433178961277008, 0.01377040334045887, 0.9981746673583984
864, 24, 0.420863538980484, 0.35810089111328125, -0.013633213937282562, 0.9974163770675659
864, 25, 0.4641602635383606, 0.48130136728286743, -0.022669034078717232, 0.11955088376998901
864, 26, 0.41947513818740845, 0.49978119134902954, -0.023465866222977638, 0.1536865085363388
864, 27, 0.4334654211997986, 0.6218573451042175, 0.08836565911769867, 0.2498493492603302
864, 28, 0.40883636474609375, 0.6067251563072205, 0.08693809062242508, 0.4842339754104614
864, 29, 0.42481130361557007, 0.6411005258560181, 0.09773027151823044, 0.36000052094459534
864, 30, 0.4066588282585144, 0.6180893182754517, 0.09516891837120056, 0.40682679414749146
864, 31, 0.4345371723175049, 0.6741307973861694, 0.036137573421001434, 0.20427486300468445
864, 32, 0.4179023802280426, 0.6462912559509277, 0.026462072506546974, 0.48765426874160767
865, 0, 0.46358370780944824, 0.5151156783103943, -0.6233395934104919, 0.9998059868812561
865, 1, 0.4637979567050934, 0.5034880042076111, -0.6212788820266724, 0.9998742341995239
865, 2, 0.4673752188682556, 0.4992865324020386, -0.6213116645812988, 0.9997958540916443
865, 3, 0.47384530305862427, 0.48926424980163574, -0.62144535779953, 0.9998302459716797
865, 4, 0.4537842869758606, 0.5081944465637207, -0.625730037689209, 0.9998396635055542
865, 5, 0.44919222593307495, 0.5089329481124878, -0.6257168054580688, 0.9997246861457825
865, 6, 0.4459785521030426, 0.5089994072914124, -0.6256428360939026, 0.9997901320457458
865, 7, 0.48084789514541626, 0.4581682085990906, -0.5282812118530273, 0.9992688298225403
865, 8, 0.4355146884918213, 0.49075013399124146, -0.5490437150001526, 0.9995649456977844
865, 9, 0.4701438844203949, 0.5025874972343445, -0.5810126662254333, 0.9997144341468811
865, 10, 0.4580695629119873, 0.5097999572753906, -0.5870053172111511, 0.999618649482727
865, 11, 0.50982266664505, 0.42347949743270874, -0.35999056696891785, 0.9992197751998901
865, 12, 0.40891233086586, 0.4605479836463928, -0.42246970534324646, 0.9959887862205505
865, 13, 0.49818745255470276, 0.5144439935684204, -0.33840689063072205, 0.5566957592964172
865, 14, 0.40151548385620117, 0.573921799659729, -0.41494327783584595, 0.8731158375740051
865, 15, 0.45789679884910583, 0.5918723344802856, -0.4571412205696106, 0.8012185096740723
865, 16, 0.40459316968917847, 0.6724461913108826, -0.4801257252693176, 0.9762998223304749
865, 17, 0.45657381415367126, 0.6102099418640137, -0.5057411789894104, 0.8097431063652039
865, 18, 0.3990481495857239, 0.6979378461837769, -0.5362921953201294, 0.970173716545105
865, 19, 0.4444426894187927, 0.6076070070266724, -0.5385482311248779, 0.8094978928565979
865, 20, 0.4089324474334717, 0.6871437430381775, -0.5497409105300903, 0.9667369723320007
865, 21, 0.44156450033187866, 0.6017371416091919, -0.47566309571266174, 0.7397216558456421
865, 22, 0.4136072099208832, 0.683620810508728, -0.49009156227111816, 0.9513084292411804
865, 23, 0.4611690640449524, 0.31829389929771423, 0.020562108606100082, 0.9984599351882935
865, 24, 0.41325005888938904, 0.34619295597076416, -0.020469937473535538, 0.9982458353042603
865, 25, 0.4969041347503662, 0.46321842074394226, 0.13340900838375092, 0.1910219043493271
865, 26, 0.43568164110183716, 0.5281368494033813, 0.09774184972047806, 0.33124884963035583
865, 27, 0.4748903810977936, 0.5691051483154297, 0.406837522983551, 0.1893755942583084
865, 28, 0.4359467029571533, 0.5724127292633057, 0.39399611949920654, 0.2056216448545456
865, 29, 0.467853307723999, 0.5791300535202026, 0.4335459768772125, 0.16197213530540466
865, 30, 0.43368569016456604, 0.5711865425109863, 0.4222065508365631, 0.10073462128639221
865, 31, 0.47813791036605835, 0.6241815090179443, 0.38192033767700195, 0.29666030406951904
865, 32, 0.44211798906326294, 0.6123234033584595, 0.3722778260707855, 0.27694186568260193
866, 0, 0.46124663949012756, 0.5146085619926453, -0.5473237633705139, 0.9994701743125916
866, 1, 0.4647976756095886, 0.4925060570240021, -0.5508307218551636, 0.9997764229774475
866, 2, 0.4685555398464203, 0.4896484315395355, -0.5508704781532288, 0.9997182488441467
866, 3, 0.472310870885849, 0.48671749234199524, -0.5509783625602722, 0.9997380375862122
866, 4, 0.4524809718132019, 0.5083745121955872, -0.5553953051567078, 0.9995757937431335
866, 5, 0.4474213719367981, 0.5052813291549683, -0.5553739070892334, 0.999377429485321
866, 6, 0.4448193907737732, 0.5047242641448975, -0.5552271604537964, 0.9994342923164368
866, 7, 0.47934967279434204, 0.4574444591999054, -0.4800125062465668, 0.9995446801185608
866, 8, 0.43764251470565796, 0.4855518341064453, -0.5017586946487427, 0.9990633130073547
866, 9, 0.46793270111083984, 0.5066533088684082, -0.513294517993927, 0.9996961355209351
866, 10, 0.4553871750831604, 0.5107731819152832, -0.5196548700332642, 0.9995699524879456
866, 11, 0.5020051598548889, 0.44188207387924194, -0.3180299997329712, 0.9989863038063049
866, 12, 0.42226043343544006, 0.43943899869918823, -0.3787415027618408, 0.9773193001747131
866, 13, 0.4889574944972992, 0.5246714353561401, -0.21822306513786316, 0.3711566627025604
866, 14, 0.40173664689064026, 0.5396555066108704, -0.281681090593338, 0.7387726306915283
866, 15, 0.45421209931373596, 0.6068414449691772, -0.2348354309797287, 0.6036827564239502
866, 16, 0.40846115350723267, 0.6581243276596069, -0.23643362522125244, 0.923427939414978
866, 17, 0.4523612856864929, 0.6301846504211426, -0.26197463274002075, 0.5831074118614197
866, 18, 0.4072674810886383, 0.6795772314071655, -0.26682913303375244, 0.9095528721809387
866, 19, 0.44273290038108826, 0.6230077743530273, -0.2942012548446655, 0.5910980701446533
866, 20, 0.4178815484046936, 0.6721595525741577, -0.28218284249305725, 0.9020509123802185
866, 21, 0.4412280023097992, 0.6141782402992249, -0.24921147525310516, 0.5288298726081848
866, 22, 0.4208183288574219, 0.6634392738342285, -0.2429247349500656, 0.8656514883041382
866, 23, 0.46275824308395386, 0.344733327627182, 0.02411440573632717, 0.9984801411628723
866, 24, 0.4235561788082123, 0.3421209752559662, -0.02363482490181923, 0.997052788734436
866, 25, 0.4919937551021576, 0.48678943514823914, 0.06405174732208252, 0.33604657649993896
866, 26, 0.4394088685512543, 0.5165391564369202, 0.030567843466997147, 0.6974329948425293
866, 27, 0.4720765948295593, 0.5987561941146851, 0.30157944560050964, 0.17518790066242218
866, 28, 0.4326900839805603, 0.6044368743896484, 0.2708166241645813, 0.3604566752910614
866, 29, 0.4636673033237457, 0.6055346727371216, 0.32493335008621216, 0.09657127410173416
866, 30, 0.42986956238746643, 0.6029535531997681, 0.2939973473548889, 0.12611688673496246
866, 31, 0.47383809089660645, 0.6628401279449463, 0.26446112990379333, 0.334395170211792
866, 32, 0.4305172860622406, 0.6680189967155457, 0.2357851266860962, 0.4733092784881592
867, 0, 0.45070987939834595, 0.5103073120117188, -0.7711905241012573, 0.9996594190597534
867, 1, 0.457891047000885, 0.5141367316246033, -0.7715580463409424, 0.9998431205749512
867, 2, 0.4617210030555725, 0.5121179819107056, -0.7715598940849304, 0.9997749924659729
867, 3, 0.4668685495853424, 0.5095409154891968, -0.7717347741127014, 0.999749481678009
867, 4, 0.44511809945106506, 0.5169849991798401, -0.7769102454185486, 0.9998317956924438
867, 5, 0.4412452280521393, 0.5162025690078735, -0.7769004702568054, 0.9997420907020569
867, 6, 0.43593963980674744, 0.5128771066665649, -0.7767805457115173, 0.999737560749054
867, 7, 0.4777143597602844, 0.47259318828582764, -0.6514411568641663, 0.9993440508842468
867, 8, 0.4286676347255707, 0.4955315589904785, -0.6754468679428101, 0.9997063279151917
867, 9, 0.45729851722717285, 0.5049325823783875, -0.7144287824630737, 0.9996408224105835
867, 10, 0.44342565536499023, 0.5045086741447449, -0.7216009497642517, 0.9995983242988586
867, 11, 0.5106332302093506, 0.4583141803741455, -0.4042510986328125, 0.9990730285644531
867, 12, 0.4040044844150543, 0.4521034359931946, -0.4820851683616638, 0.9777336716651917
867, 13, 0.4749300479888916, 0.5642901659011841, -0.2777746617794037, 0.735299825668335
867, 14, 0.3877137005329132, 0.5548761487007141, -0.31553322076797485, 0.6250864863395691
867, 15, 0.42829856276512146, 0.6424838304519653, -0.324809193611145, 0.8349729180335999
867, 16, 0.3993760347366333, 0.6630324125289917, -0.23011183738708496, 0.7555524706840515
867, 17, 0.4233461022377014, 0.6682933568954468, -0.36638498306274414, 0.7884728908538818
867, 18, 0.3908841609954834, 0.6883205771446228, -0.2631513476371765, 0.7422645688056946
867, 19, 0.41442975401878357, 0.6567699909210205, -0.4033297598361969, 0.794231116771698
867, 20, 0.4014560282230377, 0.6774677038192749, -0.2888992726802826, 0.735511302947998
867, 21, 0.4138876795768738, 0.6468768119812012, -0.34312158823013306, 0.744612455368042
867, 22, 0.4080889821052551, 0.6731553673744202, -0.2388993501663208, 0.7037416696548462
867, 23, 0.48933401703834534, 0.3255634903907776, 0.023343853652477264, 0.9988956451416016
867, 24, 0.421577513217926, 0.34733277559280396, -0.023097112774848938, 0.9980383515357971
867, 25, 0.5048648118972778, 0.5136727690696716, 0.19792231917381287, 0.26790833473205566
867, 26, 0.43145322799682617, 0.5662580132484436, 0.13993893563747406, 0.31786027550697327
867, 27, 0.4805869460105896, 0.6397513151168823, 0.5425562262535095, 0.23235638439655304
867, 28, 0.4402555525302887, 0.6350891590118408, 0.5104109644889832, 0.1599431037902832
867, 29, 0.4724782109260559, 0.6482641696929932, 0.5758223533630371, 0.13164667785167694
867, 30, 0.44126278162002563, 0.6316336393356323, 0.5456718802452087, 0.09182050079107285
867, 31, 0.48402172327041626, 0.7103050947189331, 0.49803632497787476, 0.45259901881217957
867, 32, 0.44372111558914185, 0.6972174644470215, 0.4735518991947174, 0.3303786516189575
868, 0, 0.44997572898864746, 0.496509850025177, -0.8006865382194519, 0.9998733997344971
868, 1, 0.45709139108657837, 0.5056065320968628, -0.80015629529953, 0.9999362230300903
868, 2, 0.46224069595336914, 0.503623366355896, -0.8001548647880554, 0.9999083280563354
868, 3, 0.4667472243309021, 0.5017519593238831, -0.8003369569778442, 0.9998935461044312
868, 4, 0.44392043352127075, 0.5079096555709839, -0.8058140873908997, 0.9999303817749023
868, 5, 0.4398016333580017, 0.5074614882469177, -0.8058003187179565, 0.9998878240585327
868, 6, 0.43493661284446716, 0.5079331398010254, -0.8056734204292297, 0.9998841285705566
868, 7, 0.47576481103897095, 0.4627949893474579, -0.6703248620033264, 0.9997254014015198
868, 8, 0.4279000163078308, 0.4868224561214447, -0.6954563856124878, 0.9998880624771118
868, 9, 0.46250587701797485, 0.5017552375793457, -0.7394172549247742, 0.9998722076416016
868, 10, 0.4422847628593445, 0.4935292601585388, -0.7469707131385803, 0.9998511075973511
868, 11, 0.5052585005760193, 0.46127209067344666, -0.4069599509239197, 0.9995405673980713
868, 12, 0.40422916412353516, 0.4519713819026947, -0.4927453100681305, 0.987478494644165
868, 13, 0.47220030426979065, 0.5690205097198486, -0.2921402156352997, 0.826348066329956
868, 14, 0.3896080255508423, 0.5562870502471924, -0.325087308883667, 0.6762957572937012
868, 15, 0.4227970242500305, 0.649124026298523, -0.3600630462169647, 0.8965693116188049
868, 16, 0.401827335357666, 0.6677798628807068, -0.245754674077034, 0.7879250645637512
868, 17, 0.4170617461204529, 0.676082968711853, -0.4056904911994934, 0.858166515827179
868, 18, 0.39103126525878906, 0.6938596963882446, -0.2808062732219696, 0.7784542441368103
868, 19, 0.4075550138950348, 0.6644115447998047, -0.44349947571754456, 0.8605043888092041
868, 20, 0.40372413396835327, 0.6893361806869507, -0.30953970551490784, 0.7750453352928162
868, 21, 0.4075138568878174, 0.6538596153259277, -0.3797686994075775, 0.8221877217292786
868, 22, 0.4084137976169586, 0.6732660531997681, -0.256146639585495, 0.7517627477645874
868, 23, 0.4926135540008545, 0.33283287286758423, 0.027936458587646484, 0.9992002844810486
868, 24, 0.42192450165748596, 0.3487052917480469, -0.027677711099386215, 0.9984092116355896
868, 25, 0.5002331733703613, 0.5580315589904785, 0.15733885765075684, 0.2842041254043579
868, 26, 0.42968517541885376, 0.5692788362503052, 0.09192373603582382, 0.33571240305900574
868, 27, 0.47380977869033813, 0.6792376041412354, 0.4826250970363617, 0.32294735312461853
868, 28, 0.4373396337032318, 0.6587768793106079, 0.4428439140319824, 0.18423150479793549
868, 29, 0.4649132788181305, 0.6897194385528564, 0.5130387544631958, 0.20578186213970184
868, 30, 0.43859100341796875, 0.659517765045166, 0.47535863518714905, 0.11295320838689804
868, 31, 0.4768713116645813, 0.754589319229126, 0.42134928703308105, 0.5870032906532288
868, 32, 0.4398753046989441, 0.7236113548278809, 0.3858380615711212, 0.43857333064079285
869, 0, 0.45155057311058044, 0.5115452408790588, -0.772131621837616, 0.9994388222694397
869, 1, 0.4602402150630951, 0.5111527442932129, -0.7731273770332336, 0.999675989151001
869, 2, 0.46516484022140503, 0.5093915462493896, -0.7730776071548462, 0.9995312690734863
869, 3, 0.4693352282047272, 0.5083043575286865, -0.7731724381446838, 0.999426007270813
869, 4, 0.44730621576309204, 0.5134426951408386, -0.777064323425293, 0.9996553659439087
869, 5, 0.44280844926834106, 0.5104821920394897, -0.7770361304283142, 0.9994589686393738
869, 6, 0.4377148747444153, 0.5109978914260864, -0.7768579721450806, 0.9994408488273621
869, 7, 0.4793102741241455, 0.4705960154533386, -0.6530537605285645, 0.998286783695221
869, 8, 0.43081822991371155, 0.4961249828338623, -0.6713883280754089, 0.9991909861564636
869, 9, 0.4581891596317291, 0.508102536201477, -0.715438723564148, 0.9991099238395691
869, 10, 0.4435393214225769, 0.5074024200439453, -0.7210941314697266, 0.9990849494934082
869, 11, 0.513285219669342, 0.46403175592422485, -0.4016767144203186, 0.9985238909721375
869, 12, 0.40010055899620056, 0.45165544748306274, -0.46747738122940063, 0.9757705926895142
869, 13, 0.4869700074195862, 0.5544242858886719, -0.23601016402244568, 0.4606684148311615
869, 14, 0.3839946687221527, 0.5592179298400879, -0.27803218364715576, 0.6314715147018433
869, 15, 0.4370242953300476, 0.6133742332458496, -0.22307536005973816, 0.6301475167274475
869, 16, 0.3977196514606476, 0.6518455147743225, -0.15744604170322418, 0.7516962289810181
869, 17, 0.43156471848487854, 0.6362910270690918, -0.25082656741142273, 0.5849530100822449
869, 18, 0.3947867155075073, 0.6798636317253113, -0.17912201583385468, 0.7284530401229858
869, 19, 0.4227498173713684, 0.6203877925872803, -0.2857712507247925, 0.5957285761833191
869, 20, 0.40557342767715454, 0.665557861328125, -0.2058606594800949, 0.7078995108604431
869, 21, 0.42194637656211853, 0.6114063858985901, -0.2378879338502884, 0.545525074005127
869, 22, 0.41012439131736755, 0.6552771329879761, -0.16523690521717072, 0.6644373536109924
869, 23, 0.49031487107276917, 0.32907649874687195, 0.021332871168851852, 0.9975554347038269
869, 24, 0.42010384798049927, 0.34483692049980164, -0.021066151559352875, 0.9965421557426453
869, 25, 0.5107613801956177, 0.5027361512184143, 0.2181127965450287, 0.2469266802072525
869, 26, 0.43310385942459106, 0.5450928211212158, 0.15544931590557098, 0.3419642150402069
869, 27, 0.48449382185935974, 0.634154736995697, 0.5696830749511719, 0.19449923932552338
869, 28, 0.4431520104408264, 0.6186969876289368, 0.5309464931488037, 0.21517765522003174
869, 29, 0.47612863779067993, 0.641000509262085, 0.6041924953460693, 0.13488130271434784
869, 30, 0.4452664852142334, 0.6138651371002197, 0.5678713917732239, 0.11281602829694748
869, 31, 0.4827180802822113, 0.7046793699264526, 0.5353175401687622, 0.3970375657081604
869, 32, 0.44221383333206177, 0.6803053617477417, 0.5019800066947937, 0.39257553219795227
870, 0, 0.4528980851173401, 0.5247716307640076, -0.7850024700164795, 0.9997910857200623
870, 1, 0.4577486515045166, 0.5140812397003174, -0.7852762341499329, 0.9998776912689209
870, 2, 0.4625887870788574, 0.5124231576919556, -0.7851884365081787, 0.9998430013656616
870, 3, 0.4674720764160156, 0.5133672952651978, -0.7852889895439148, 0.9997789263725281
870, 4, 0.444582998752594, 0.5167416334152222, -0.7876272797584534, 0.9998741149902344
870, 5, 0.44017165899276733, 0.5162199139595032, -0.787657618522644, 0.9998382329940796
870, 6, 0.43548139929771423, 0.5164312720298767, -0.787507176399231, 0.9998210072517395
870, 7, 0.4765697121620178, 0.49007242918014526, -0.6650306582450867, 0.9994179010391235
870, 8, 0.42843836545944214, 0.49701598286628723, -0.6754986643791199, 0.9997331500053406
870, 9, 0.463309109210968, 0.5113596320152283, -0.7290710806846619, 0.9996480941772461
870, 10, 0.4453519880771637, 0.5224148035049438, -0.7325611114501953, 0.9996358156204224
870, 11, 0.5190809965133667, 0.4512474536895752, -0.39823395013809204, 0.9981683492660522
870, 12, 0.3992512822151184, 0.4548793435096741, -0.46729081869125366, 0.9864889979362488
870, 13, 0.4995776116847992, 0.5369461178779602, -0.18988154828548431, 0.5098493695259094
870, 14, 0.38298702239990234, 0.5463406443595886, -0.2602199912071228, 0.6614741086959839
870, 15, 0.4543606638908386, 0.6104861497879028, -0.14570645987987518, 0.6776329278945923
870, 16, 0.4021929204463959, 0.6432335376739502, -0.1417890340089798, 0.8674303293228149
870, 17, 0.4510856568813324, 0.6322160959243774, -0.1699552834033966, 0.6496634483337402
870, 18, 0.39854317903518677, 0.6683709621429443, -0.16376884281635284, 0.8789491653442383
870, 19, 0.4416545033454895, 0.6179790496826172, -0.212637260556221, 0.6714138388633728
870, 20, 0.4093143939971924, 0.6564542055130005, -0.2008914053440094, 0.8804139494895935
870, 21, 0.43962305784225464, 0.6107444167137146, -0.16244393587112427, 0.6555233597755432
870, 22, 0.4144982695579529, 0.6467054486274719, -0.15287616848945618, 0.8666067123413086
870, 23, 0.4871150553226471, 0.31524062156677246, 0.022041600197553635, 0.9973042011260986
870, 24, 0.4186568260192871, 0.3394653797149658, -0.021695690229535103, 0.9963966012001038
870, 25, 0.5047419667243958, 0.531779408454895, 0.12397418916225433, 0.32755810022354126
870, 26, 0.42877715826034546, 0.5638970732688904, 0.0965169221162796, 0.35592401027679443
870, 27, 0.48374953866004944, 0.6442735195159912, 0.4258539080619812, 0.41070112586021423
870, 28, 0.4338245987892151, 0.6402301788330078, 0.4140487611293793, 0.31399276852607727
870, 29, 0.47423434257507324, 0.6540470123291016, 0.4541441798210144, 0.27496522665023804
870, 30, 0.43368762731552124, 0.64014732837677, 0.44412297010421753, 0.1789124608039856
870, 31, 0.48791736364364624, 0.7179856300354004, 0.3599701225757599, 0.61649090051651
870, 32, 0.4388369023799896, 0.6949177980422974, 0.3552672266960144, 0.4982845187187195
871, 0, 0.4535786509513855, 0.5225254893302917, -0.8010045886039734, 0.9999301433563232
871, 1, 0.45746105909347534, 0.516398549079895, -0.7990913987159729, 0.9999563694000244
871, 2, 0.46230608224868774, 0.5146945118904114, -0.7990044951438904, 0.999946117401123
871, 3, 0.4668920636177063, 0.5135735869407654, -0.7991167902946472, 0.9999103546142578
871, 4, 0.4444240629673004, 0.5181272029876709, -0.7991195321083069, 0.9999568462371826
871, 5, 0.44009074568748474, 0.51719069480896, -0.7991196513175964, 0.9999454021453857
871, 6, 0.4354168772697449, 0.517011821269989, -0.7989353537559509, 0.9999309778213501
871, 7, 0.4763715863227844, 0.49193274974823, -0.6730780601501465, 0.9997755885124207
871, 8, 0.4287959933280945, 0.49884575605392456, -0.6714999079704285, 0.99988853931427
871, 9, 0.4628942906856537, 0.5136220455169678, -0.7428562641143799, 0.9997352957725525
871, 10, 0.4460020661354065, 0.5229543447494507, -0.7428358793258667, 0.9996944665908813
871, 11, 0.5140886306762695, 0.46125954389572144, -0.3935435116291046, 0.9974633455276489
871, 12, 0.3995334804058075, 0.4503651559352875, -0.4572209417819977, 0.9750943779945374
871, 13, 0.49732547998428345, 0.5495775938034058, -0.1700005680322647, 0.6015552282333374
871, 14, 0.3819086253643036, 0.5421444177627563, -0.24187679588794708, 0.5519217848777771
871, 15, 0.4452942907810211, 0.6282246112823486, -0.09895620495080948, 0.7847803831100464
871, 16, 0.40041786432266235, 0.6455097198486328, -0.12230875343084335, 0.8393152952194214
871, 17, 0.4405392110347748, 0.652936577796936, -0.11888796091079712, 0.7747235894203186
871, 18, 0.39572030305862427, 0.6727021932601929, -0.1425500214099884, 0.8726612329483032
871, 19, 0.43003568053245544, 0.6373316049575806, -0.16141775250434875, 0.7864366173744202
871, 20, 0.4073423743247986, 0.6625374555587769, -0.18104083836078644, 0.8728882670402527
871, 21, 0.4287494719028473, 0.6279946565628052, -0.11517249047756195, 0.7729485630989075
871, 22, 0.40985479950904846, 0.6619643568992615, -0.13401171565055847, 0.8631060719490051
871, 23, 0.48874330520629883, 0.3194243013858795, 0.020610656589269638, 0.9967997074127197
871, 24, 0.41910576820373535, 0.3415181636810303, -0.020200533792376518, 0.9953362345695496
871, 25, 0.5067829489707947, 0.5493941903114319, 0.1009843498468399, 0.4079713523387909
871, 26, 0.42877882719039917, 0.5652059316635132, 0.07726958394050598, 0.39407482743263245
871, 27, 0.4803639352321625, 0.677227795124054, 0.38839155435562134, 0.5536124110221863
871, 28, 0.4324778914451599, 0.6675374507904053, 0.37785252928733826, 0.412208616733551
871, 29, 0.46860989928245544, 0.6900758147239685, 0.41514521837234497, 0.37909165024757385
871, 30, 0.4327429234981537, 0.6726830005645752, 0.40580931305885315, 0.2445538491010666
871, 31, 0.48604512214660645, 0.7515193223953247, 0.317239373922348, 0.7553602457046509
871, 32, 0.4399630129337311, 0.7254365682601929, 0.3096528649330139, 0.6506340503692627
872, 0, 0.45572084188461304, 0.5288438200950623, -0.7968441843986511, 0.9999361038208008
872, 1, 0.4592757225036621, 0.5190761685371399, -0.7958872318267822, 0.9999624490737915
872, 2, 0.46390312910079956, 0.5177243947982788, -0.7957976460456848, 0.9999535083770752
872, 3, 0.46860331296920776, 0.5167973041534424, -0.7959144711494446, 0.9999260902404785
872, 4, 0.44517579674720764, 0.5205478668212891, -0.7961162328720093, 0.9999610185623169
872, 5, 0.44083529710769653, 0.5199601054191589, -0.7961342930793762, 0.9999500513076782
872, 6, 0.43614381551742554, 0.5200201272964478, -0.7959631085395813, 0.9999386072158813
872, 7, 0.4773273468017578, 0.49393120408058167, -0.6718721389770508, 0.9998205304145813
872, 8, 0.42962226271629333, 0.5045744180679321, -0.6719957590103149, 0.9999076128005981
872, 9, 0.4629560112953186, 0.5231375098228455, -0.7395013570785522, 0.9998303651809692
872, 10, 0.4477009177207947, 0.5251134634017944, -0.7399365901947021, 0.9998047947883606
872, 11, 0.5188780426979065, 0.4524713158607483, -0.3968067765235901, 0.9983683228492737
872, 12, 0.3994251787662506, 0.451940655708313, -0.46134576201438904, 0.9850795269012451
872, 13, 0.5007553100585938, 0.5484933853149414, -0.17989318072795868, 0.617124617099762
872, 14, 0.38509443402290344, 0.5484278202056885, -0.2519710659980774, 0.6082009673118591
872, 15, 0.45383843779563904, 0.6346246600151062, -0.11672576516866684, 0.7813479900360107
872, 16, 0.40059763193130493, 0.6540278792381287, -0.13275477290153503, 0.837408721446991
872, 17, 0.45071402192115784, 0.6595537662506104, -0.1389615386724472, 0.7697827816009521
872, 18, 0.3935260474681854, 0.6887242197990417, -0.15437281131744385, 0.8640785217285156
872, 19, 0.4404166340827942, 0.6462934613227844, -0.18162336945533752, 0.7816534638404846
872, 20, 0.4074380397796631, 0.6820794343948364, -0.19162297248840332, 0.8651707172393799
872, 21, 0.43836289644241333, 0.6372504830360413, -0.1331682652235031, 0.7656061053276062
872, 22, 0.4082781672477722, 0.6705540418624878, -0.14409239590168, 0.8553943037986755
872, 23, 0.4897666871547699, 0.3183036148548126, 0.02220592275261879, 0.9972308278083801
872, 24, 0.4192295968532562, 0.33982518315315247, -0.0217770803719759, 0.9960145950317383
872, 25, 0.5095456838607788, 0.5511984825134277, 0.09570859372615814, 0.3560020923614502
872, 26, 0.42968112230300903, 0.5693778991699219, 0.0691443681716919, 0.3728194534778595
872, 27, 0.48274049162864685, 0.6776621341705322, 0.3796738386154175, 0.498898446559906
872, 28, 0.43591323494911194, 0.6674010753631592, 0.37008044123649597, 0.36798474192619324
872, 29, 0.47165805101394653, 0.6897515058517456, 0.40588846802711487, 0.32869192957878113
872, 30, 0.4365162253379822, 0.6698500514030457, 0.3978806734085083, 0.21967320144176483
872, 31, 0.48849231004714966, 0.7539921402931213, 0.3064226508140564, 0.7101128101348877
872, 32, 0.4432462751865387, 0.7287396788597107, 0.30184948444366455, 0.6045226454734802
873, 0, 0.4555903971195221, 0.5251628756523132, -0.7859066128730774, 0.9999547004699707
873, 1, 0.4595208764076233, 0.5195045471191406, -0.785934329032898, 0.9999693632125854
873, 2, 0.4642044007778168, 0.5193980932235718, -0.7858315110206604, 0.9999668598175049
873, 3, 0.46845707297325134, 0.518853485584259, -0.7859327793121338, 0.9999426603317261
873, 4, 0.4470098912715912, 0.5208888649940491, -0.785182774066925, 0.999970555305481
873, 5, 0.44273924827575684, 0.5200071930885315, -0.7851946353912354, 0.9999662637710571
873, 6, 0.4380338191986084, 0.5199918746948242, -0.7850040197372437, 0.9999536275863647
873, 7, 0.47834283113479614, 0.49280259013175964, -0.6699863076210022, 0.9998618364334106
873, 8, 0.43080607056617737, 0.49984651803970337, -0.6649444699287415, 0.999915361404419
873, 9, 0.46414533257484436, 0.5180917978286743, -0.7313418984413147, 0.999742329120636
873, 10, 0.44886237382888794, 0.5261925458908081, -0.7302725911140442, 0.9996861219406128
873, 11, 0.5143007040023804, 0.45920634269714355, -0.3960905373096466, 0.9961930513381958
873, 12, 0.40198788046836853, 0.453250914812088, -0.4518323838710785, 0.9738917946815491
873, 13, 0.5063700079917908, 0.5347121953964233, -0.1488339751958847, 0.4403664767742157
873, 14, 0.3826548457145691, 0.5358982682228088, -0.23567824065685272, 0.508264422416687
873, 15, 0.46709877252578735, 0.621666669845581, -0.03749646991491318, 0.6800623536109924
873, 16, 0.4003734588623047, 0.6532942056655884, -0.10218364000320435, 0.8089879751205444
873, 17, 0.4662458300590515, 0.6444993019104004, -0.050735749304294586, 0.7015659213066101
873, 18, 0.392113596200943, 0.6897256374359131, -0.11925176531076431, 0.857723593711853
873, 19, 0.4565158784389496, 0.6332986354827881, -0.08998295664787292, 0.7107943892478943
873, 20, 0.40661874413490295, 0.6751997470855713, -0.15548670291900635, 0.856202244758606
873, 21, 0.4533693194389343, 0.6262860298156738, -0.05098770931363106, 0.7065207362174988
873, 22, 0.41158705949783325, 0.6660531759262085, -0.11281727254390717, 0.8508824110031128
873, 23, 0.49029844999313354, 0.31836163997650146, 0.021109944209456444, 0.997931957244873
873, 24, 0.4208778440952301, 0.3393530249595642, -0.020629914477467537, 0.9970710277557373
873, 25, 0.5070826411247253, 0.5552073121070862, 0.08385289460420609, 0.4509698450565338
873, 26, 0.420985609292984, 0.5678550004959106, 0.05812474340200424, 0.4972585141658783
873, 27, 0.4859998822212219, 0.6833862066268921, 0.3517545461654663, 0.6567091345787048
873, 28, 0.41299599409103394, 0.6886497735977173, 0.33766332268714905, 0.6212125420570374
873, 29, 0.4728702902793884, 0.6984900236129761, 0.3771211504936218, 0.48776018619537354
873, 30, 0.415825217962265, 0.7004247903823853, 0.3638242781162262, 0.40096768736839294
873, 31, 0.4943247437477112, 0.7508692145347595, 0.27802979946136475, 0.8069241642951965
873, 32, 0.42668113112449646, 0.7458273768424988, 0.26266196370124817, 0.778457760810852
874, 0, 0.4534749388694763, 0.5199500918388367, -0.7722783088684082, 0.9999388456344604
874, 1, 0.45814961194992065, 0.5156902074813843, -0.7740396857261658, 0.9999529123306274
874, 2, 0.46269726753234863, 0.5144952535629272, -0.7739333510398865, 0.999951958656311
874, 3, 0.4670080244541168, 0.5139464139938354, -0.7740192413330078, 0.9999123811721802
874, 4, 0.4458153247833252, 0.5175352096557617, -0.7727965712547302, 0.999954104423523
874, 5, 0.44143038988113403, 0.5172544121742249, -0.7728077173233032, 0.9999504089355469
874, 6, 0.4371759295463562, 0.5174513459205627, -0.7726184725761414, 0.9999299049377441
874, 7, 0.47614598274230957, 0.4923803210258484, -0.6649823784828186, 0.9997918009757996
874, 8, 0.42991408705711365, 0.4994874596595764, -0.6575347781181335, 0.9998745918273926
874, 9, 0.46217307448387146, 0.512042760848999, -0.7201733589172363, 0.9996267557144165
874, 10, 0.44811946153640747, 0.5148282647132874, -0.718421220779419, 0.9995669722557068
874, 11, 0.5129125118255615, 0.45901256799697876, -0.3944514989852905, 0.9945359230041504
874, 12, 0.4007438123226166, 0.4538540244102478, -0.44694751501083374, 0.9684004187583923
874, 13, 0.5042465925216675, 0.5370250344276428, -0.14924675226211548, 0.45158419013023376
874, 14, 0.3820147216320038, 0.5361930131912231, -0.23019027709960938, 0.5325450301170349
874, 15, 0.46268314123153687, 0.6240725517272949, -0.03745746612548828, 0.7161010503768921
874, 16, 0.40141844749450684, 0.6519345045089722, -0.09804057329893112, 0.8447855114936829
874, 17, 0.4606301784515381, 0.646728515625, -0.050338637083768845, 0.7377091646194458
874, 18, 0.3959652781486511, 0.6810300350189209, -0.11369068920612335, 0.8854809403419495
874, 19, 0.4511326253414154, 0.6350691914558411, -0.08926045149564743, 0.7432754039764404
874, 20, 0.4055081009864807, 0.6758224964141846, -0.15019598603248596, 0.8827828764915466
874, 21, 0.44862818717956543, 0.6283572912216187, -0.05088583752512932, 0.7413448691368103
874, 22, 0.41012248396873474, 0.666481614112854, -0.10866894572973251, 0.8808627128601074
874, 23, 0.4886775612831116, 0.3191935122013092, 0.018327005207538605, 0.9969730377197266
874, 24, 0.4205426573753357, 0.3403809666633606, -0.01782899722456932, 0.9959049820899963
874, 25, 0.5069940090179443, 0.5572066307067871, 0.05745958536863327, 0.5233280062675476
874, 26, 0.4203585982322693, 0.5648277401924133, 0.04022417962551117, 0.5326271653175354
874, 27, 0.4809597432613373, 0.693895697593689, 0.30717551708221436, 0.7187325954437256
874, 28, 0.41194671392440796, 0.695480227470398, 0.2976589500904083, 0.6799335479736328
874, 29, 0.4670075476169586, 0.710527777671814, 0.33015912771224976, 0.5687751173973083
874, 30, 0.4101608395576477, 0.7028099298477173, 0.3209684193134308, 0.4748806953430176
874, 31, 0.4888123869895935, 0.7598274946212769, 0.22535666823387146, 0.8403345942497253
874, 32, 0.42350688576698303, 0.7545247673988342, 0.2117849886417389, 0.8155750036239624
875, 0, 0.4559175372123718, 0.5270595550537109, -0.853518009185791, 0.9999669790267944
875, 1, 0.4599074721336365, 0.5197672247886658, -0.8489724397659302, 0.9999769926071167
875, 2, 0.4644443988800049, 0.5204423666000366, -0.8488680124282837, 0.9999736547470093
875, 3, 0.4689970910549164, 0.5199235081672668, -0.8489865064620972, 0.99994957447052
875, 4, 0.446359246969223, 0.520193338394165, -0.8488684892654419, 0.9999790191650391
875, 5, 0.4418172240257263, 0.5187841057777405, -0.8488828539848328, 0.999975323677063
875, 6, 0.4368760585784912, 0.5180849432945251, -0.8486813306808472, 0.9999643564224243
875, 7, 0.4773959517478943, 0.4945046007633209, -0.707089364528656, 0.9998677968978882
875, 8, 0.42950114607810974, 0.5016248226165771, -0.7047504186630249, 0.9999428987503052
875, 9, 0.46321097016334534, 0.5190685391426086, -0.7888826131820679, 0.9997716546058655
875, 10, 0.4479336142539978, 0.5235059261322021, -0.7885869145393372, 0.9997395873069763
875, 11, 0.5118009448051453, 0.47243788838386536, -0.41009801626205444, 0.9974243640899658
875, 12, 0.4009896218776703, 0.4618964195251465, -0.4769926965236664, 0.9836990833282471
875, 13, 0.49548816680908203, 0.5513229966163635, -0.15976482629776, 0.5945672392845154
875, 14, 0.38355910778045654, 0.5463077425956726, -0.2519999146461487, 0.6533541083335876
875, 15, 0.45170384645462036, 0.6282708048820496, -0.06579074263572693, 0.8188276886940002
875, 16, 0.3998152017593384, 0.6581136584281921, -0.13360530138015747, 0.8983677625656128
875, 17, 0.44880372285842896, 0.6503137350082397, -0.08255094289779663, 0.81529301404953
875, 18, 0.39180266857147217, 0.6936248540878296, -0.1559213250875473, 0.9164428114891052
875, 19, 0.4388960003852844, 0.636760413646698, -0.12601834535598755, 0.8223280310630798
875, 20, 0.404135137796402, 0.6838749647140503, -0.19548316299915314, 0.915472686290741
875, 21, 0.43696919083595276, 0.6290547847747803, -0.08158242702484131, 0.8084143996238708
875, 22, 0.40585365891456604, 0.6753667593002319, -0.14550848305225372, 0.902193546295166
875, 23, 0.49107199907302856, 0.3226589858531952, 0.022128615528345108, 0.9971666932106018
875, 24, 0.42262762784957886, 0.3383975923061371, -0.02171003818511963, 0.995751142501831
875, 25, 0.5051441788673401, 0.556316077709198, 0.12042667716741562, 0.3555492162704468
875, 26, 0.42432814836502075, 0.5533814430236816, 0.08403520286083221, 0.36743441224098206
875, 27, 0.47163859009742737, 0.6934521198272705, 0.43074679374694824, 0.5722547173500061
875, 28, 0.4112371504306793, 0.6760826110839844, 0.4060148298740387, 0.46746933460235596
875, 29, 0.459846168756485, 0.7056430578231812, 0.4597446024417877, 0.4331730902194977
875, 30, 0.41303005814552307, 0.6919047832489014, 0.4364243447780609, 0.30071309208869934
875, 31, 0.4756978452205658, 0.7655099034309387, 0.35950183868408203, 0.7748900055885315
875, 32, 0.4341816008090973, 0.7382528781890869, 0.33280348777770996, 0.7009608745574951
876, 0, 0.451482355594635, 0.528377115726471, -0.8315855264663696, 0.99996018409729
876, 1, 0.45691627264022827, 0.5236140489578247, -0.8309499621391296, 0.9999731779098511
876, 2, 0.4614080488681793, 0.5218509435653687, -0.8308407068252563, 0.9999706745147705
876, 3, 0.4656619429588318, 0.520768404006958, -0.8309532403945923, 0.9999464750289917
876, 4, 0.4442405104637146, 0.5218550562858582, -0.831038773059845, 0.9999759197235107
876, 5, 0.4399341940879822, 0.5201359987258911, -0.8310825228691101, 0.9999741315841675
876, 6, 0.43538323044776917, 0.5189333558082581, -0.8308998942375183, 0.999962568283081
876, 7, 0.47500792145729065, 0.49231892824172974, -0.7066625952720642, 0.9998695850372314
876, 8, 0.4285600781440735, 0.5005505084991455, -0.7050927877426147, 0.9999440908432007
876, 9, 0.4608040750026703, 0.5201883316040039, -0.7733746767044067, 0.9998015761375427
876, 10, 0.4439418315887451, 0.5228579640388489, -0.7734336853027344, 0.9997856020927429
876, 11, 0.5127906799316406, 0.46448689699172974, -0.4258907437324524, 0.9974669218063354
876, 12, 0.40050020813941956, 0.45695096254348755, -0.47831812500953674, 0.9876689314842224
876, 13, 0.5041318535804749, 0.561373233795166, -0.16152991354465485, 0.517402708530426
876, 14, 0.3833569884300232, 0.5389691591262817, -0.24745085835456848, 0.7154501676559448
876, 15, 0.4654761254787445, 0.6187378168106079, -0.042568139731884, 0.7647481560707092
876, 16, 0.40251269936561584, 0.651535153388977, -0.11223326623439789, 0.902195155620575
876, 17, 0.46480125188827515, 0.6394162178039551, -0.057110678404569626, 0.7751493453979492
876, 18, 0.3933072090148926, 0.6893056631088257, -0.13064196705818176, 0.916485071182251
876, 19, 0.4564015865325928, 0.628065288066864, -0.09921418130397797, 0.785081148147583
876, 20, 0.4080168306827545, 0.6790627241134644, -0.16967768967151642, 0.9142277240753174
876, 21, 0.4533834457397461, 0.6218070983886719, -0.05678368732333183, 0.7648096084594727
876, 22, 0.41081327199935913, 0.6687552332878113, -0.12339289486408234, 0.9033638834953308
876, 23, 0.4952438771724701, 0.3234477937221527, 0.015011971816420555, 0.9981383085250854
876, 24, 0.42325180768966675, 0.33584144711494446, -0.014512154273688793, 0.9972643852233887
876, 25, 0.5093824863433838, 0.5598137974739075, 0.11360541731119156, 0.4617079794406891
876, 26, 0.42375096678733826, 0.5482505559921265, 0.09784062206745148, 0.458072692155838
876, 27, 0.48171544075012207, 0.6879080533981323, 0.4167853891849518, 0.6132911443710327
876, 28, 0.41402530670166016, 0.6885114908218384, 0.40241917967796326, 0.5532006025314331
876, 29, 0.47015437483787537, 0.7013771533966064, 0.44529590010643005, 0.46031200885772705
876, 30, 0.4227425158023834, 0.6999974250793457, 0.4314953684806824, 0.38342946767807007
876, 31, 0.4881838858127594, 0.7603315711021423, 0.3430771827697754, 0.771243691444397
876, 32, 0.4315129220485687, 0.7513642311096191, 0.3262012004852295, 0.7253476977348328
877, 0, 0.45279461145401, 0.5065425634384155, -0.8585240244865417, 0.9999779462814331
877, 1, 0.45710569620132446, 0.504071831703186, -0.8554003834724426, 0.9999843835830688
877, 2, 0.46107155084609985, 0.5026826858520508, -0.8552740216255188, 0.9999814033508301
877, 3, 0.4655424952507019, 0.5017907619476318, -0.8553902506828308, 0.9999668598175049
877, 4, 0.4456501603126526, 0.5055134892463684, -0.8559521436691284, 0.9999865293502808
877, 5, 0.4413436949253082, 0.5052908658981323, -0.855976939201355, 0.9999841451644897
877, 6, 0.4371117651462555, 0.5053684711456299, -0.8557705879211426, 0.9999773502349854
877, 7, 0.47447505593299866, 0.47570130228996277, -0.7147379517555237, 0.999909520149231
877, 8, 0.4295220971107483, 0.48915261030197144, -0.7152556777000427, 0.9999643564224243
877, 9, 0.4607759416103363, 0.49742037057876587, -0.7933257222175598, 0.9998618364334106
877, 10, 0.4467277526855469, 0.500090479850769, -0.7939378023147583, 0.9998401403427124
877, 11, 0.5133519768714905, 0.45492690801620483, -0.41653138399124146, 0.9979792237281799
877, 12, 0.4003220498561859, 0.44079357385635376, -0.48266059160232544, 0.9905382394790649
877, 13, 0.49820321798324585, 0.5467216968536377, -0.15397074818611145, 0.653854489326477
877, 14, 0.3837944269180298, 0.5466631054878235, -0.25020813941955566, 0.8256450295448303
877, 15, 0.4622713029384613, 0.6198559999465942, -0.05204080417752266, 0.8495194911956787
877, 16, 0.4027232527732849, 0.6544443368911743, -0.12133518606424332, 0.9406335949897766
877, 17, 0.4612034857273102, 0.6400198340415955, -0.06770126521587372, 0.8342874050140381
877, 18, 0.3960801362991333, 0.6858943700790405, -0.1416376829147339, 0.942068338394165
877, 19, 0.45262211561203003, 0.6267954707145691, -0.1104215607047081, 0.842819333076477
877, 20, 0.4072433114051819, 0.6802740097045898, -0.1810605227947235, 0.9414049386978149
877, 21, 0.4497529864311218, 0.6200287342071533, -0.06695665419101715, 0.8243868947029114
877, 22, 0.41296952962875366, 0.663783073425293, -0.1323573738336563, 0.9301024675369263
877, 23, 0.49394434690475464, 0.3196825087070465, 0.020110586658120155, 0.9976945519447327
877, 24, 0.4236508309841156, 0.3353115916252136, -0.01970440335571766, 0.9964919686317444
877, 25, 0.5095288753509521, 0.5439993739128113, 0.14639292657375336, 0.4457913935184479
877, 26, 0.4283619523048401, 0.5530070662498474, 0.11824719607830048, 0.42128896713256836
877, 27, 0.4841555058956146, 0.6715757846832275, 0.480719655752182, 0.6030449271202087
877, 28, 0.42347487807273865, 0.6715389490127563, 0.45806369185447693, 0.480624258518219
877, 29, 0.4740859568119049, 0.6819499731063843, 0.5125244855880737, 0.44113096594810486
877, 30, 0.4311794340610504, 0.6723583936691284, 0.49106597900390625, 0.3159654438495636
877, 31, 0.4899703860282898, 0.7445123195648193, 0.4173125624656677, 0.7786330580711365
877, 32, 0.44224104285240173, 0.727989137172699, 0.395321249961853, 0.6838842034339905
878, 0, 0.45513981580734253, 0.5247647762298584, -0.8175925016403198, 0.9999568462371826
878, 1, 0.4577328562736511, 0.5189545750617981, -0.8170663118362427, 0.9999725818634033
878, 2, 0.4620002806186676, 0.5173733830451965, -0.8169611096382141, 0.9999676942825317
878, 3, 0.4668203294277191, 0.5161080360412598, -0.8170831799507141, 0.9999474287033081
878, 4, 0.4451178014278412, 0.518699049949646, -0.8177152872085571, 0.999975323677063
878, 5, 0.4403703808784485, 0.5175938606262207, -0.8177531957626343, 0.9999711513519287
878, 6, 0.43606480956077576, 0.516656756401062, -0.8175718188285828, 0.9999619722366333
878, 7, 0.47611021995544434, 0.48948127031326294, -0.6910988092422485, 0.9998809099197388
878, 8, 0.4289540648460388, 0.49957704544067383, -0.6926203966140747, 0.9999406337738037
878, 9, 0.46194154024124146, 0.5139510631561279, -0.7587252259254456, 0.9998337030410767
878, 10, 0.44730496406555176, 0.5213231444358826, -0.7597072720527649, 0.999816358089447
878, 11, 0.5132811069488525, 0.462325781583786, -0.41589075326919556, 0.9979209303855896
878, 12, 0.4004260003566742, 0.45995980501174927, -0.4717606008052826, 0.9903631806373596
878, 13, 0.5078033804893494, 0.5404388308525085, -0.16181287169456482, 0.5211504697799683
878, 14, 0.3822697401046753, 0.5567668676376343, -0.25601962208747864, 0.777060329914093
878, 15, 0.48558729887008667, 0.6149536371231079, -0.05325017496943474, 0.6877639889717102
878, 16, 0.3998085856437683, 0.6593571901321411, -0.13285495340824127, 0.8962777853012085
878, 17, 0.48934873938560486, 0.6318155527114868, -0.06935114413499832, 0.6759515404701233
878, 18, 0.39110949635505676, 0.6927872896194458, -0.15342926979064941, 0.9029067754745483
878, 19, 0.4816240668296814, 0.6226913928985596, -0.10818149894475937, 0.6882877945899963
878, 20, 0.40404564142227173, 0.6838546395301819, -0.1911451369524002, 0.9027802348136902
878, 21, 0.4765781760215759, 0.6182976365089417, -0.06623408943414688, 0.6656994819641113
878, 22, 0.4068008363246918, 0.6749135255813599, -0.14383327960968018, 0.8889542818069458
878, 23, 0.49041375517845154, 0.31374064087867737, 0.019448300823569298, 0.9984835982322693
878, 24, 0.4209043085575104, 0.3331880271434784, -0.01901414431631565, 0.9976341724395752
878, 25, 0.5043755173683167, 0.5358359813690186, 0.1315746009349823, 0.35642582178115845
878, 26, 0.4248696267604828, 0.5399243831634521, 0.11317665874958038, 0.3570781350135803
878, 27, 0.48543721437454224, 0.6690807938575745, 0.4441869258880615, 0.566936194896698
878, 28, 0.41782087087631226, 0.6739524006843567, 0.42911893129348755, 0.4751655161380768
878, 29, 0.47545522451400757, 0.6832242012023926, 0.4738098978996277, 0.4070412814617157
878, 30, 0.41590991616249084, 0.6912909746170044, 0.45936471223831177, 0.31601807475090027
878, 31, 0.49398869276046753, 0.7371727228164673, 0.37201759219169617, 0.7257991433143616
878, 32, 0.43585672974586487, 0.7326728105545044, 0.3543356657028198, 0.6565070152282715
879, 0, 0.4521130919456482, 0.5219446420669556, -0.7678254842758179, 0.9999520778656006
879, 1, 0.45547813177108765, 0.5196725130081177, -0.7657232284545898, 0.9999722242355347
879, 2, 0.4594234526157379, 0.5181736350059509, -0.765644907951355, 0.9999643564224243
879, 3, 0.46382084488868713, 0.5169394612312317, -0.7657585740089417, 0.99994957447052
879, 4, 0.4442886710166931, 0.520176351070404, -0.7689540386199951, 0.999972939491272
879, 5, 0.4401187002658844, 0.517003059387207, -0.7689798474311829, 0.9999644756317139
879, 6, 0.4362484812736511, 0.5156407356262207, -0.7688229084014893, 0.9999563694000244
879, 7, 0.47298604249954224, 0.49565136432647705, -0.6403828859329224, 0.9998756647109985
879, 8, 0.4293147921562195, 0.4975171685218811, -0.6546064019203186, 0.9999363422393799
879, 9, 0.4587864279747009, 0.5159827470779419, -0.7101845741271973, 0.9998979568481445
879, 10, 0.44532161951065063, 0.516120195388794, -0.7147377729415894, 0.9998887777328491
879, 11, 0.5139369964599609, 0.46248117089271545, -0.38209670782089233, 0.9989027976989746
879, 12, 0.4029475152492523, 0.4450731575489044, -0.45313501358032227, 0.9907393455505371
879, 13, 0.4998062252998352, 0.5456686019897461, -0.17192058265209198, 0.6424723863601685
879, 14, 0.3860795199871063, 0.5540771484375, -0.2713976204395294, 0.8193065524101257
879, 15, 0.4638091027736664, 0.6253801584243774, -0.12997275590896606, 0.787416934967041
879, 16, 0.3994102478027344, 0.6642907857894897, -0.17859800159931183, 0.9129163026809692
879, 17, 0.46297168731689453, 0.6471551656723022, -0.15563498437404633, 0.766309380531311
879, 18, 0.3907184898853302, 0.6928075551986694, -0.2064964473247528, 0.9105784296989441
879, 19, 0.45396533608436584, 0.6364598274230957, -0.1963234841823578, 0.7775138020515442
879, 20, 0.3985321521759033, 0.6922541856765747, -0.2395385205745697, 0.9101863503456116
879, 21, 0.45118793845176697, 0.6291141510009766, -0.14588694274425507, 0.7395974397659302
879, 22, 0.4047622084617615, 0.6808197498321533, -0.18896040320396423, 0.8814553618431091
879, 23, 0.49494510889053345, 0.31456902623176575, 0.022397775202989578, 0.9985866546630859
879, 24, 0.42597389221191406, 0.3305971026420593, -0.02206260710954666, 0.99774569272995
879, 25, 0.5056629180908203, 0.5301913022994995, 0.1464279294013977, 0.30442216992378235
879, 26, 0.43065643310546875, 0.5519477725028992, 0.11390580236911774, 0.3064132332801819
879, 27, 0.4872351288795471, 0.6446566581726074, 0.46153369545936584, 0.47961801290512085
879, 28, 0.44057124853134155, 0.6370310187339783, 0.44213423132896423, 0.31406477093696594
879, 29, 0.49165987968444824, 0.63739013671875, 0.49147653579711914, 0.3026842176914215
879, 30, 0.44116371870040894, 0.6388944983482361, 0.47311362624168396, 0.20256686210632324
879, 31, 0.49071207642555237, 0.7166305780410767, 0.39997246861457825, 0.6195215582847595
879, 32, 0.4479188323020935, 0.6932452917098999, 0.38524723052978516, 0.4662233889102936
880, 0, 0.44827762246131897, 0.4992440640926361, -0.6783917546272278, 0.999671220779419
880, 1, 0.45311540365219116, 0.4900670647621155, -0.6763079762458801, 0.999840259552002
880, 2, 0.45576396584510803, 0.4887927174568176, -0.6764214634895325, 0.9997743964195251
880, 3, 0.45839399099349976, 0.48743510246276855, -0.6766653060913086, 0.999715268611908
880, 4, 0.4439014792442322, 0.5025760531425476, -0.6835479736328125, 0.9997673630714417
880, 5, 0.4396746754646301, 0.5029984712600708, -0.6835663914680481, 0.9996457099914551
880, 6, 0.43712663650512695, 0.5022789835929871, -0.6835057139396667, 0.9995948672294617
880, 7, 0.46695762872695923, 0.4661170244216919, -0.5694875121116638, 0.9993984699249268
880, 8, 0.4370392858982086, 0.48336106538772583, -0.6016845703125, 0.9995986819267273
880, 9, 0.4532702565193176, 0.49016672372817993, -0.6280329823493958, 0.9996837377548218
880, 10, 0.44518956542015076, 0.49085143208503723, -0.6374868750572205, 0.9996200799942017
880, 11, 0.48649877309799194, 0.45517703890800476, -0.3775622248649597, 0.9994864463806152
880, 12, 0.4361920952796936, 0.4351142346858978, -0.46220940351486206, 0.9884335398674011
880, 13, 0.4563838839530945, 0.5920941829681396, -0.329405277967453, 0.8615319132804871
880, 14, 0.42713817954063416, 0.5711204409599304, -0.38426974415779114, 0.6921535730361938
880, 15, 0.4185735583305359, 0.6861722469329834, -0.4099482595920563, 0.9312283396720886
880, 16, 0.4267035126686096, 0.6812878847122192, -0.3710568845272064, 0.891275942325592
880, 17, 0.4140552878379822, 0.7141770124435425, -0.45633286237716675, 0.9021656513214111
880, 18, 0.4230514466762543, 0.7106902003288269, -0.4176977276802063, 0.8831340670585632
880, 19, 0.40759262442588806, 0.7058359384536743, -0.4874038100242615, 0.9012070298194885
880, 20, 0.4298020899295807, 0.7044762372970581, -0.43393459916114807, 0.8797088265419006
880, 21, 0.40759778022766113, 0.6943566203117371, -0.42754706740379333, 0.8697659373283386
880, 22, 0.4332435131072998, 0.6965377926826477, -0.37943655252456665, 0.8582054376602173
880, 23, 0.46807876229286194, 0.35234323143959045, 0.0323537215590477, 0.9997908473014832
880, 24, 0.44362545013427734, 0.33564189076423645, -0.03197723254561424, 0.9991990923881531
880, 25, 0.47316503524780273, 0.5327302813529968, 0.05908650904893875, 0.2750813364982605
880, 26, 0.4477596879005432, 0.5259692668914795, 0.01883094199001789, 0.27808254957199097
880, 27, 0.4598366618156433, 0.6269710659980774, 0.357653945684433, 0.1641337126493454
880, 28, 0.44815343618392944, 0.6167582273483276, 0.3288935422897339, 0.17182333767414093
880, 29, 0.4548097550868988, 0.6319732666015625, 0.38756853342056274, 0.17134007811546326
880, 30, 0.4438374638557434, 0.6172699928283691, 0.358104944229126, 0.13384146988391876
880, 31, 0.4644041955471039, 0.6811808347702026, 0.3170006275177002, 0.439596951007843
880, 32, 0.4548133313655853, 0.6785409450531006, 0.27387160062789917, 0.3959960341453552
881, 0, 0.4471564292907715, 0.5257531404495239, -0.7643380761146545, 0.9998936653137207
881, 1, 0.45535698533058167, 0.5124185085296631, -0.7628843784332275, 0.9999406337738037
881, 2, 0.46004804968833923, 0.5116140842437744, -0.7628846764564514, 0.9999074935913086
881, 3, 0.46473294496536255, 0.5106822848320007, -0.7630200982093811, 0.9999139308929443
881, 4, 0.4407932162284851, 0.5265013575553894, -0.771308422088623, 0.9999395608901978
881, 5, 0.43636298179626465, 0.5250703692436218, -0.7712996602058411, 0.9999018907546997
881, 6, 0.43256068229675293, 0.5237793922424316, -0.7712153196334839, 0.9999139308929443
881, 7, 0.4767533242702484, 0.48861992359161377, -0.6425510048866272, 0.9996933937072754
881, 8, 0.42737895250320435, 0.4992747902870178, -0.6814743876457214, 0.9998924732208252
881, 9, 0.45522698760032654, 0.519862174987793, -0.7080708742141724, 0.9999094009399414
881, 10, 0.4405362010002136, 0.5207257270812988, -0.7194714546203613, 0.9999116659164429
881, 11, 0.5119219422340393, 0.4782176613807678, -0.4134305417537689, 0.9996180534362793
881, 12, 0.40350526571273804, 0.4547119140625, -0.49984368681907654, 0.9945031404495239
881, 13, 0.4847782254219055, 0.5894513130187988, -0.34109407663345337, 0.8706201314926147
881, 14, 0.3915237784385681, 0.5848283767700195, -0.39176708459854126, 0.7804387211799622
881, 15, 0.44019216299057007, 0.6776899099349976, -0.44791191816329956, 0.908063530921936
881, 16, 0.39732107520103455, 0.681178092956543, -0.36397069692611694, 0.8364877104759216
881, 17, 0.43751221895217896, 0.7043273448944092, -0.5064484477043152, 0.8656781315803528
881, 18, 0.3812221884727478, 0.7095761299133301, -0.4135492444038391, 0.8009163737297058
881, 19, 0.4271713197231293, 0.6935136914253235, -0.5435211062431335, 0.8684953451156616
881, 20, 0.3922255039215088, 0.6988277435302734, -0.4369633197784424, 0.789892315864563
881, 21, 0.4251519739627838, 0.6852433681488037, -0.46943792700767517, 0.8239008784294128
881, 22, 0.39987272024154663, 0.6911844611167908, -0.374692440032959, 0.7481023073196411
881, 23, 0.49318283796310425, 0.3222585916519165, 0.02770417556166649, 0.9993888139724731
881, 24, 0.4238923192024231, 0.33466261625289917, -0.027663040906190872, 0.9989103078842163
881, 25, 0.5047881007194519, 0.5088781118392944, 0.174838587641716, 0.18719853460788727
881, 26, 0.4236539900302887, 0.563068151473999, 0.1103368028998375, 0.22419975697994232
881, 27, 0.4836321771144867, 0.6402322053909302, 0.5212008953094482, 0.23185621201992035
881, 28, 0.43549665808677673, 0.6407589912414551, 0.48348110914230347, 0.16143138706684113
881, 29, 0.47768935561180115, 0.649215579032898, 0.5535719990730286, 0.141572967171669
881, 30, 0.4376908242702484, 0.6385067701339722, 0.5175788998603821, 0.09615421295166016
881, 31, 0.48526278138160706, 0.716393768787384, 0.4565449357032776, 0.4666193425655365
881, 32, 0.43707555532455444, 0.7081078290939331, 0.42494064569473267, 0.3404800295829773
882, 0, 0.44851064682006836, 0.5100579261779785, -0.693557620048523, 0.9999419450759888
882, 1, 0.4556499123573303, 0.5154240727424622, -0.6930409669876099, 0.9999667406082153
882, 2, 0.460782915353775, 0.4981686770915985, -0.6930583119392395, 0.9999493360519409
882, 3, 0.46507710218429565, 0.4973146319389343, -0.6931931376457214, 0.9999481439590454
882, 4, 0.44409704208374023, 0.5116808414459229, -0.7018977403640747, 0.9999665021896362
882, 5, 0.4398880898952484, 0.5104342699050903, -0.7019109129905701, 0.9999463558197021
882, 6, 0.4365249276161194, 0.5089944005012512, -0.7018486857414246, 0.9999496936798096
882, 7, 0.4771021008491516, 0.47758394479751587, -0.5850685238838196, 0.9998325109481812
882, 8, 0.43139925599098206, 0.4903958737850189, -0.6254814863204956, 0.999947190284729
882, 9, 0.4564131200313568, 0.5039776563644409, -0.6423583030700684, 0.9999449253082275
882, 10, 0.4431767463684082, 0.5046441555023193, -0.6541138887405396, 0.9999463558197021
882, 11, 0.5076967477798462, 0.46224597096443176, -0.37386542558670044, 0.9997221827507019
882, 12, 0.4140659272670746, 0.4523850381374359, -0.45928725600242615, 0.9962649941444397
882, 13, 0.482415109872818, 0.5624580383300781, -0.2988203465938568, 0.8280664682388306
882, 14, 0.39515456557273865, 0.558722734451294, -0.3522607982158661, 0.8293234705924988
882, 15, 0.44551748037338257, 0.6525560617446899, -0.3941822946071625, 0.9231312274932861
882, 16, 0.3983413577079773, 0.6735286712646484, -0.32907044887542725, 0.9288618564605713
882, 17, 0.4435965418815613, 0.6784648895263672, -0.44757312536239624, 0.893222987651825
882, 18, 0.3939095735549927, 0.7041509747505188, -0.37591931223869324, 0.9090713858604431
882, 19, 0.43526333570480347, 0.6713036298751831, -0.4828450679779053, 0.8943178057670593
882, 20, 0.40398162603378296, 0.6989244222640991, -0.39816737174987793, 0.9019832015037537
882, 21, 0.4334593713283539, 0.6634968519210815, -0.41431623697280884, 0.852519690990448
882, 22, 0.4084561765193939, 0.6894067525863647, -0.33918797969818115, 0.8744353652000427
882, 23, 0.48811665177345276, 0.3260011672973633, 0.027179768308997154, 0.9996019005775452
882, 24, 0.42666101455688477, 0.3321181535720825, -0.027053719386458397, 0.9992730021476746
882, 25, 0.49856480956077576, 0.49843698740005493, 0.18447819352149963, 0.17643512785434723
882, 26, 0.43173646926879883, 0.5458204746246338, 0.1139736920595169, 0.23100656270980835
882, 27, 0.4787675738334656, 0.6203175783157349, 0.518923282623291, 0.23810335993766785
882, 28, 0.4399263858795166, 0.6182808876037598, 0.4702213704586029, 0.1376115083694458
882, 29, 0.4732511639595032, 0.6284309029579163, 0.550720751285553, 0.16466516256332397
882, 30, 0.44000059366226196, 0.6165348887443542, 0.5027371644973755, 0.09299261122941971
882, 31, 0.4792078137397766, 0.6893206834793091, 0.46811342239379883, 0.4941352605819702
882, 32, 0.44370055198669434, 0.6784060597419739, 0.4208984375, 0.3174414336681366
883, 0, 0.446766197681427, 0.510256290435791, -0.7371743321418762, 0.9998515844345093
883, 1, 0.45430827140808105, 0.50035560131073, -0.7343723773956299, 0.9999041557312012
883, 2, 0.4584425091743469, 0.4998401999473572, -0.7344208359718323, 0.9998226761817932
883, 3, 0.46256953477859497, 0.49922916293144226, -0.7345653176307678, 0.9998317956924438
883, 4, 0.4434482455253601, 0.5162655115127563, -0.7433735132217407, 0.9999145269393921
883, 5, 0.43957215547561646, 0.5102059245109558, -0.7433911561965942, 0.9998433589935303
883, 6, 0.43543702363967896, 0.5090292692184448, -0.7433695197105408, 0.9998736381530762
883, 7, 0.47500067949295044, 0.48058557510375977, -0.6196797490119934, 0.9993240833282471
883, 8, 0.43033838272094727, 0.48993533849716187, -0.6602228283882141, 0.9998369216918945
883, 9, 0.45488205552101135, 0.5039174556732178, -0.6839792728424072, 0.9998687505722046
883, 10, 0.4422110617160797, 0.5044489502906799, -0.6957110166549683, 0.9998764991760254
883, 11, 0.5063815712928772, 0.4680177569389343, -0.409928560256958, 0.9996839761734009
883, 12, 0.4162932336330414, 0.4538075625896454, -0.4947318136692047, 0.9954291582107544
883, 13, 0.48205238580703735, 0.5721797347068787, -0.3608683943748474, 0.8170362114906311
883, 14, 0.39637601375579834, 0.5681641101837158, -0.41178542375564575, 0.872776448726654
883, 15, 0.4411701261997223, 0.6424006223678589, -0.4773865342140198, 0.9265325665473938
883, 16, 0.4012967050075531, 0.6747663021087646, -0.4026084542274475, 0.9588011503219604
883, 17, 0.43748778104782104, 0.6635949015617371, -0.5374393463134766, 0.9017559289932251
883, 18, 0.396828830242157, 0.7026779651641846, -0.454603374004364, 0.9462031722068787
883, 19, 0.430154025554657, 0.6550840139389038, -0.5705676674842834, 0.900773286819458
883, 20, 0.4075015187263489, 0.6937687397003174, -0.47621607780456543, 0.9390348792076111
883, 21, 0.42921170592308044, 0.6481834650039673, -0.49792400002479553, 0.8584674000740051
883, 22, 0.41286152601242065, 0.6854968070983887, -0.4134870171546936, 0.9211747646331787
883, 23, 0.4887588918209076, 0.3338213860988617, 0.026336396113038063, 0.9995850920677185
883, 24, 0.4290589392185211, 0.33369389176368713, -0.026243528351187706, 0.9990841150283813
883, 25, 0.49351564049720764, 0.5024757981300354, 0.18743860721588135, 0.15916012227535248
883, 26, 0.43470877408981323, 0.5415159463882446, 0.11245417594909668, 0.203704833984375
883, 27, 0.4759562015533447, 0.6249973773956299, 0.5372591018676758, 0.23674561083316803
883, 28, 0.439871221780777, 0.620721697807312, 0.4811771810054779, 0.1432005614042282
883, 29, 0.47147536277770996, 0.6338708400726318, 0.5705117583274841, 0.1604316085577011
883, 30, 0.43885523080825806, 0.6194743514060974, 0.5149105787277222, 0.09944290667772293
883, 31, 0.47517529129981995, 0.6895349025726318, 0.4861552119255066, 0.523681640625
883, 32, 0.4433273673057556, 0.6796275973320007, 0.4263729155063629, 0.36973923444747925
884, 0, 0.4510595202445984, 0.5174789428710938, -0.6826243996620178, 0.9998375177383423
884, 1, 0.45836156606674194, 0.5040397644042969, -0.6797525882720947, 0.9999024868011475
884, 2, 0.4626826345920563, 0.5026257038116455, -0.6797848343849182, 0.9998283386230469
884, 3, 0.4669967591762543, 0.5011069774627686, -0.6799076795578003, 0.9998202919960022
884, 4, 0.4450703263282776, 0.5159540176391602, -0.687436580657959, 0.9999080896377563
884, 5, 0.44104376435279846, 0.5145195126533508, -0.6874483823776245, 0.9998494386672974
884, 6, 0.43754810094833374, 0.513077974319458, -0.6874076724052429, 0.9998745918273926
884, 7, 0.4783811569213867, 0.4781757891178131, -0.5726295113563538, 0.9993289709091187
884, 8, 0.4303271770477295, 0.49097388982772827, -0.6076246500015259, 0.9998238682746887
884, 9, 0.45882391929626465, 0.5101602077484131, -0.6333411931991577, 0.999832272529602
884, 10, 0.44556862115859985, 0.5122622847557068, -0.6434059739112854, 0.9998492002487183
884, 11, 0.5105451345443726, 0.4589866101741791, -0.371348112821579, 0.9995079040527344
884, 12, 0.41089338064193726, 0.4639797508716583, -0.4534856677055359, 0.9955999851226807
884, 13, 0.48955100774765015, 0.5601533651351929, -0.3223664164543152, 0.7777363061904907
884, 14, 0.3955678939819336, 0.5810534954071045, -0.3769599199295044, 0.8405011892318726
884, 15, 0.4502369463443756, 0.63364577293396, -0.43145355582237244, 0.9271882772445679
884, 16, 0.4010302424430847, 0.6790982484817505, -0.3737628757953644, 0.9596671462059021
884, 17, 0.4467533230781555, 0.6538137197494507, -0.4857596457004547, 0.9038090705871582
884, 18, 0.39752060174942017, 0.702513575553894, -0.4232407510280609, 0.9489959478378296
884, 19, 0.43743595480918884, 0.64677894115448, -0.5191280841827393, 0.9023987054824829
884, 20, 0.40783509612083435, 0.6914248466491699, -0.44410648941993713, 0.9443146586418152
884, 21, 0.43623656034469604, 0.6404685974121094, -0.45135921239852905, 0.8652840852737427
884, 22, 0.4133074879646301, 0.682986855506897, -0.3842827081680298, 0.9293716549873352
884, 23, 0.48946285247802734, 0.3273419141769409, 0.02514350786805153, 0.9993866682052612
884, 24, 0.42531219124794006, 0.33642512559890747, -0.025123391300439835, 0.9987700581550598
884, 25, 0.5003854632377625, 0.5030155777931213, 0.11867799609899521, 0.1649179905653
884, 26, 0.4307726323604584, 0.5459693670272827, 0.055008016526699066, 0.26081350445747375
884, 27, 0.4763736128807068, 0.6298425793647766, 0.4228718876838684, 0.19799008965492249
884, 28, 0.4343129098415375, 0.6348341703414917, 0.37279996275901794, 0.19121555984020233
884, 29, 0.46987658739089966, 0.6396067142486572, 0.451389878988266, 0.14231841266155243
884, 30, 0.43454891443252563, 0.6356951594352722, 0.4016672670841217, 0.1222882941365242
884, 31, 0.47703319787979126, 0.6967488527297974, 0.3672988712787628, 0.4568164348602295
884, 32, 0.437130868434906, 0.6968393325805664, 0.3137109875679016, 0.4152655303478241
885, 0, 0.44899043440818787, 0.5034304261207581, -0.698291540145874, 0.9996989965438843
885, 1, 0.455928236246109, 0.5089120268821716, -0.6962100863456726, 0.9998583793640137
885, 2, 0.4605855345726013, 0.48983895778656006, -0.6962559223175049, 0.9997779726982117
885, 3, 0.4645616412162781, 0.4891465902328491, -0.6964139342308044, 0.9997509121894836
885, 4, 0.4440818428993225, 0.5045422315597534, -0.7044475674629211, 0.9998630285263062
885, 5, 0.43955668807029724, 0.5040658712387085, -0.7044535875320435, 0.9997820258140564
885, 6, 0.4363183379173279, 0.5030496716499329, -0.7044026851654053, 0.9997857213020325
885, 7, 0.4756740927696228, 0.4689257740974426, -0.5852971076965332, 0.9993257522583008
885, 8, 0.43120232224464417, 0.48485809564590454, -0.6219145655632019, 0.9998075366020203
885, 9, 0.4561263620853424, 0.4983613193035126, -0.646275520324707, 0.9997368454933167
885, 10, 0.4435376524925232, 0.49799224734306335, -0.6569327116012573, 0.9997168183326721
885, 11, 0.504235565662384, 0.462347149848938, -0.3702596127986908, 0.9992604851722717
885, 12, 0.41705647110939026, 0.44291749596595764, -0.45804089307785034, 0.9866064190864563
885, 13, 0.4765792489051819, 0.5685942769050598, -0.2957909107208252, 0.7176591157913208
885, 14, 0.39685922861099243, 0.5531805157661438, -0.33554139733314514, 0.6946905851364136
885, 15, 0.4421883225440979, 0.6502032279968262, -0.3839477598667145, 0.8710325360298157
885, 16, 0.4082789421081543, 0.6663220524787903, -0.283657968044281, 0.8532481789588928
885, 17, 0.43982332944869995, 0.6727520227432251, -0.43491166830062866, 0.8297663927078247
885, 18, 0.4039091169834137, 0.6954143047332764, -0.32339048385620117, 0.8347589373588562
885, 19, 0.43283313512802124, 0.6649113297462463, -0.4659016728401184, 0.8325510621070862
885, 20, 0.4154769778251648, 0.6863367557525635, -0.3469185531139374, 0.8273102045059204
885, 21, 0.43160542845726013, 0.6576164364814758, -0.40222659707069397, 0.7689923644065857
885, 22, 0.4202616810798645, 0.6786730289459229, -0.2933683693408966, 0.7984378337860107
885, 23, 0.47907644510269165, 0.34493231773376465, 0.029292434453964233, 0.999430239200592
885, 24, 0.4289078116416931, 0.33860090374946594, -0.02916274033486843, 0.998840868473053
885, 25, 0.49110135436058044, 0.5168876051902771, 0.1742727905511856, 0.15249717235565186
885, 26, 0.4326699376106262, 0.5551686882972717, 0.10496778786182404, 0.1692890226840973
885, 27, 0.4682713449001312, 0.6326843500137329, 0.5034165382385254, 0.17403365671634674
885, 28, 0.4354704022407532, 0.6260973215103149, 0.4557254910469055, 0.089788056910038
885, 29, 0.46280255913734436, 0.6405934691429138, 0.5352082848548889, 0.1222895160317421
885, 30, 0.43503648042678833, 0.6239571571350098, 0.48813897371292114, 0.061163727194070816
885, 31, 0.46747833490371704, 0.6963244676589966, 0.4622061252593994, 0.41961365938186646
885, 32, 0.4356814920902252, 0.6846978664398193, 0.4140395522117615, 0.253513902425766
886, 0, 0.4486086964607239, 0.504844605922699, -0.6807690858840942, 0.9999185800552368
886, 1, 0.4541918635368347, 0.5077065229415894, -0.6783313751220703, 0.9999532699584961
886, 2, 0.45874685049057007, 0.5065145492553711, -0.6783455610275269, 0.9999312162399292
886, 3, 0.4625805914402008, 0.5061195492744446, -0.6784869432449341, 0.9999244213104248
886, 4, 0.44367799162864685, 0.5077539682388306, -0.6863399744033813, 0.9999527931213379
886, 5, 0.4395110011100769, 0.5038485527038574, -0.6863559484481812, 0.9999306201934814
886, 6, 0.4362179636955261, 0.5027692317962646, -0.6862801909446716, 0.999933123588562
886, 7, 0.474820613861084, 0.47102057933807373, -0.5660297274589539, 0.9997703433036804
886, 8, 0.43077796697616577, 0.4851028323173523, -0.6023508310317993, 0.9999232292175293
886, 9, 0.455710232257843, 0.49816763401031494, -0.6288830041885376, 0.9999092817306519
886, 10, 0.4434796869754791, 0.49966323375701904, -0.6394602656364441, 0.9999053478240967
886, 11, 0.5104901790618896, 0.4468669593334198, -0.35213327407836914, 0.999444305896759
886, 12, 0.4142472743988037, 0.449172705411911, -0.440128892660141, 0.9937605261802673
886, 13, 0.47600609064102173, 0.5525554418563843, -0.270414263010025, 0.7772662043571472
886, 14, 0.38888776302337646, 0.557058572769165, -0.3304489254951477, 0.7873700857162476
886, 15, 0.445861279964447, 0.6410226821899414, -0.36368998885154724, 0.8834713101387024
886, 16, 0.3990681767463684, 0.6715356707572937, -0.3097911775112152, 0.9264620542526245
886, 17, 0.4453738331794739, 0.6656619906425476, -0.4138430655002594, 0.8441013097763062
886, 18, 0.39277854561805725, 0.7020677328109741, -0.3561188578605652, 0.9125847816467285
886, 19, 0.43757686018943787, 0.6603597402572632, -0.448809951543808, 0.8436875343322754
886, 20, 0.40356379747390747, 0.7016547918319702, -0.37990471720695496, 0.9085689187049866
886, 21, 0.43524542450904846, 0.653217613697052, -0.3831694424152374, 0.7991713881492615
886, 22, 0.4058852791786194, 0.6879467964172363, -0.3204843997955322, 0.8823511004447937
886, 23, 0.4880245327949524, 0.3278080224990845, 0.02816326543688774, 0.9993312358856201
886, 24, 0.4272809624671936, 0.3377138376235962, -0.028023432940244675, 0.9988020658493042
886, 25, 0.49902215600013733, 0.5112708806991577, 0.13830114901065826, 0.1560160219669342
886, 26, 0.4320904314517975, 0.5553452372550964, 0.07445929944515228, 0.2695542573928833
886, 27, 0.47682684659957886, 0.6379302740097046, 0.4421519637107849, 0.22429409623146057
886, 28, 0.44147634506225586, 0.6307629346847534, 0.3939637243747711, 0.15794730186462402
886, 29, 0.46962228417396545, 0.646960973739624, 0.47071152925491333, 0.1634107232093811
886, 30, 0.4417906403541565, 0.6300216913223267, 0.4228214621543884, 0.11370643973350525
886, 31, 0.4786550998687744, 0.7077161073684692, 0.3855351507663727, 0.47728976607322693
886, 32, 0.44647884368896484, 0.688978910446167, 0.33872658014297485, 0.3490951657295227
887, 0, 0.44488972425460815, 0.5212240219116211, -0.8179727792739868, 0.9999096393585205
887, 1, 0.4538390636444092, 0.506687343120575, -0.8181648254394531, 0.9999523162841797
887, 2, 0.4584931433200836, 0.5071096420288086, -0.8180731534957886, 0.9999490976333618
887, 3, 0.46241551637649536, 0.5175234079360962, -0.8181790113449097, 0.9999034404754639
887, 4, 0.4416283667087555, 0.5199763774871826, -0.8186472058296204, 0.9999548196792603
887, 5, 0.43751826882362366, 0.5149118900299072, -0.8186867833137512, 0.9999500513076782
887, 6, 0.4331468641757965, 0.5133158564567566, -0.8185235857963562, 0.9999277591705322
887, 7, 0.4711898863315582, 0.49489733576774597, -0.7016696929931641, 0.9997771382331848
887, 8, 0.42625412344932556, 0.49389952421188354, -0.7023817896842957, 0.999908447265625
887, 9, 0.4530194401741028, 0.5172683000564575, -0.7633557915687561, 0.9996907711029053
887, 10, 0.4387954771518707, 0.5132687091827393, -0.7642636895179749, 0.999718964099884
887, 11, 0.5102337002754211, 0.47126907110214233, -0.44068804383277893, 0.9972877502441406
887, 12, 0.4010469317436218, 0.44496890902519226, -0.47386378049850464, 0.9757949709892273
887, 13, 0.5020875334739685, 0.558342695236206, -0.19889602065086365, 0.46737679839134216
887, 14, 0.39109358191490173, 0.5165696740150452, -0.24260766804218292, 0.5257647037506104
887, 15, 0.4522019326686859, 0.6188672780990601, -0.08520346879959106, 0.7567257881164551
887, 16, 0.40191417932510376, 0.6231957674026489, -0.0919119119644165, 0.7610229253768921
887, 17, 0.4458998739719391, 0.6373817920684814, -0.10063401609659195, 0.7800447940826416
887, 18, 0.3959502577781677, 0.6492429971694946, -0.10616930574178696, 0.7955012321472168
887, 19, 0.4431917071342468, 0.6291376352310181, -0.1392630934715271, 0.7904006838798523
887, 20, 0.4061759114265442, 0.6435617208480835, -0.13733775913715363, 0.7820830345153809
887, 21, 0.4395461976528168, 0.6224983930587769, -0.0982266515493393, 0.7750174403190613
887, 22, 0.4121444821357727, 0.6354823708534241, -0.10007070004940033, 0.7829186320304871
887, 23, 0.4999004900455475, 0.33246809244155884, 0.008076046593487263, 0.99875807762146
887, 24, 0.4276711344718933, 0.3386128544807434, -0.007553917355835438, 0.9980258941650391
887, 25, 0.5016481876373291, 0.5377874374389648, 0.1151551827788353, 0.6569488644599915
887, 26, 0.42314639687538147, 0.5213645100593567, 0.0875479057431221, 0.5528271198272705
887, 27, 0.46983495354652405, 0.68510901927948, 0.4013316035270691, 0.662063717842102
887, 28, 0.408648818731308, 0.6812065839767456, 0.37896397709846497, 0.6090406775474548
887, 29, 0.45764803886413574, 0.7001101970672607, 0.42825525999069214, 0.4969621002674103
887, 30, 0.4187243580818176, 0.6939920783042908, 0.4062851071357727, 0.3852249085903168
887, 31, 0.4725094735622406, 0.7531089782714844, 0.3268289268016815, 0.834904670715332
887, 32, 0.420861154794693, 0.7437407374382019, 0.29438361525535583, 0.8033761382102966
888, 0, 0.44940242171287537, 0.5264227986335754, -0.7554450631141663, 0.999880313873291
888, 1, 0.4555545747280121, 0.5189425945281982, -0.7533190250396729, 0.9999430179595947
888, 2, 0.4602572023868561, 0.5171067118644714, -0.7532799243927002, 0.9999251365661621
888, 3, 0.4642922878265381, 0.516106128692627, -0.7534105181694031, 0.9998966455459595
888, 4, 0.44317418336868286, 0.5193859338760376, -0.7575215697288513, 0.9999403953552246
888, 5, 0.43885931372642517, 0.5178453326225281, -0.7575404047966003, 0.9999207258224487
888, 6, 0.4349718689918518, 0.5168677568435669, -0.7574055194854736, 0.9999099969863892
888, 7, 0.47282153367996216, 0.4936251640319824, -0.6339002251625061, 0.9997579455375671
888, 8, 0.42887434363365173, 0.4956415891647339, -0.6526111364364624, 0.9998810291290283
888, 9, 0.4571341872215271, 0.5210245847702026, -0.7006976008415222, 0.9998407363891602
888, 10, 0.4427100718021393, 0.519906759262085, -0.7066172957420349, 0.9998408555984497
888, 11, 0.5118862390518188, 0.4665434658527374, -0.38833263516426086, 0.9988473653793335
888, 12, 0.40432071685791016, 0.4556453824043274, -0.4569671154022217, 0.9826571345329285
888, 13, 0.48867201805114746, 0.5563139319419861, -0.21003785729408264, 0.6867142915725708
888, 14, 0.3888998329639435, 0.5498616695404053, -0.28328126668930054, 0.72432541847229
888, 15, 0.44134944677352905, 0.6329309940338135, -0.19616129994392395, 0.8323004245758057
888, 16, 0.40025123953819275, 0.659213125705719, -0.19879771769046783, 0.8870421051979065
888, 17, 0.43679410219192505, 0.6576665043830872, -0.226836159825325, 0.8078359961509705
888, 18, 0.39258289337158203, 0.6886217594146729, -0.22997310757637024, 0.8884940147399902
888, 19, 0.42851918935775757, 0.644636869430542, -0.26680871844291687, 0.8173560500144958
888, 20, 0.40145668387413025, 0.6782323122024536, -0.25945809483528137, 0.8852307796478271
888, 21, 0.4275364279747009, 0.6357122659683228, -0.21299438178539276, 0.7902936935424805
888, 22, 0.4069872498512268, 0.6680594086647034, -0.20872071385383606, 0.8644890189170837
888, 23, 0.4954569935798645, 0.3284724950790405, 0.01837163046002388, 0.9991796612739563
888, 24, 0.4270403981208801, 0.33798784017562866, -0.018024135380983353, 0.9984728693962097
888, 25, 0.5000872015953064, 0.520913302898407, 0.1281697154045105, 0.47401487827301025
888, 26, 0.42679399251937866, 0.5439528226852417, 0.09353990852832794, 0.4337065517902374
888, 27, 0.47409170866012573, 0.6596713066101074, 0.44149595499038696, 0.4755798280239105
888, 28, 0.4207333028316498, 0.6651554107666016, 0.4144970774650574, 0.3675342798233032
888, 29, 0.4650428295135498, 0.6712595224380493, 0.4710303246974945, 0.3019348680973053
888, 30, 0.43368643522262573, 0.6597260236740112, 0.44447144865989685, 0.216009721159935
888, 31, 0.4763099253177643, 0.7312372922897339, 0.37204378843307495, 0.6875918507575989
888, 32, 0.4360867440700531, 0.7155163288116455, 0.34353122115135193, 0.5848440527915955
889, 0, 0.45155495405197144, 0.534075140953064, -0.7863754630088806, 0.999862551689148
889, 1, 0.4575687050819397, 0.5234645009040833, -0.7850472331047058, 0.9999377727508545
889, 2, 0.46176037192344666, 0.5214517116546631, -0.7849751710891724, 0.9999239444732666
889, 3, 0.4667249321937561, 0.5192549824714661, -0.7850863337516785, 0.999879002571106
889, 4, 0.4446856379508972, 0.5256527662277222, -0.7874860167503357, 0.9999332427978516
889, 5, 0.44070783257484436, 0.5242419242858887, -0.7874915599822998, 0.9999113082885742
889, 6, 0.43618375062942505, 0.5236093997955322, -0.7873302102088928, 0.9998825788497925
889, 7, 0.480521023273468, 0.4886022210121155, -0.6631468534469604, 0.9996858835220337
889, 8, 0.42862582206726074, 0.502508819103241, -0.6738485097885132, 0.9998315572738647
889, 9, 0.4616979658603668, 0.5252771377563477, -0.7300540208816528, 0.9997139573097229
889, 10, 0.4436980187892914, 0.5275720357894897, -0.7336434721946716, 0.9997026324272156
889, 11, 0.5173670649528503, 0.4613018333911896, -0.40533584356307983, 0.9982321858406067
889, 12, 0.4029821753501892, 0.45976710319519043, -0.4634621739387512, 0.9718545079231262
889, 13, 0.4998910427093506, 0.5520556569099426, -0.2060517966747284, 0.5541820526123047
889, 14, 0.38524550199508667, 0.5577953457832336, -0.254559725522995, 0.5277217626571655
889, 15, 0.44980645179748535, 0.6366254091262817, -0.1557423621416092, 0.7639215588569641
889, 16, 0.3998810946941376, 0.6596066355705261, -0.12474087625741959, 0.7285560369491577
889, 17, 0.4453880786895752, 0.663410484790802, -0.1818011850118637, 0.7582420706748962
889, 18, 0.3917381167411804, 0.6861270666122437, -0.14640985429286957, 0.7567865252494812
889, 19, 0.43675851821899414, 0.6501762270927429, -0.22133436799049377, 0.7715598940849304
889, 20, 0.4017491340637207, 0.6758791208267212, -0.17613117396831512, 0.7475311756134033
889, 21, 0.43519145250320435, 0.6406781673431396, -0.17134927213191986, 0.7349320650100708
889, 22, 0.4075435996055603, 0.6663945317268372, -0.13315188884735107, 0.7228936553001404
889, 23, 0.4952612817287445, 0.32765448093414307, 0.016493994742631912, 0.9983641505241394
889, 24, 0.4242683947086334, 0.34182366728782654, -0.016050999984145164, 0.9968955516815186
889, 25, 0.5062345266342163, 0.530323326587677, 0.15604816377162933, 0.4073637127876282
889, 26, 0.4285043776035309, 0.5504248142242432, 0.12112151086330414, 0.31538504362106323
889, 27, 0.48072344064712524, 0.6678246259689331, 0.47535887360572815, 0.44609662890434265
889, 28, 0.4361901879310608, 0.6643292903900146, 0.46071237325668335, 0.2720341682434082
889, 29, 0.4706839621067047, 0.6803174018859863, 0.506199836730957, 0.290155291557312
889, 30, 0.43783432245254517, 0.6692359447479248, 0.4929822087287903, 0.1650947481393814
889, 31, 0.4861873686313629, 0.7394202947616577, 0.4146752953529358, 0.6869975328445435
889, 32, 0.4414249360561371, 0.7298175096511841, 0.3994854986667633, 0.5115538835525513
890, 0, 0.45286455750465393, 0.5121058225631714, -0.6885437965393066, 0.9997873902320862
890, 1, 0.45558086037635803, 0.504974365234375, -0.6891151666641235, 0.9999141693115234
890, 2, 0.4587738513946533, 0.5036256909370422, -0.6891149878501892, 0.9998981952667236
890, 3, 0.462771475315094, 0.5020343661308289, -0.6892906427383423, 0.9998875856399536
890, 4, 0.44545239210128784, 0.5074443817138672, -0.694114625453949, 0.9998944997787476
890, 5, 0.4424207806587219, 0.5068796873092651, -0.6941190958023071, 0.9998587369918823
890, 6, 0.439566045999527, 0.5063459873199463, -0.6939884424209595, 0.9998530149459839
890, 7, 0.46964168548583984, 0.47985807061195374, -0.587853193283081, 0.9997379183769226
890, 8, 0.43305259943008423, 0.4853072166442871, -0.6097983717918396, 0.9998366832733154
890, 9, 0.46221083402633667, 0.5046482086181641, -0.6406012773513794, 0.9998075366020203
890, 10, 0.4446999430656433, 0.5003577470779419, -0.6471045613288879, 0.999754011631012
890, 11, 0.5103788375854492, 0.4490583539009094, -0.37118032574653625, 0.9989253878593445
890, 12, 0.4167923331260681, 0.4276237189769745, -0.444204717874527, 0.9773046970367432
890, 13, 0.4737979769706726, 0.5709601044654846, -0.2625502049922943, 0.8745231628417969
890, 14, 0.4008135199546814, 0.5362600684165955, -0.31718310713768005, 0.7147682905197144
890, 15, 0.4366582930088043, 0.6622474789619446, -0.3160623610019684, 0.8751131296157837
890, 16, 0.40014973282814026, 0.6533117294311523, -0.2776826024055481, 0.8126602172851562
890, 17, 0.4342358112335205, 0.6900243759155273, -0.3596113920211792, 0.8220111131668091
890, 18, 0.39109426736831665, 0.6829558610916138, -0.31920889019966125, 0.7887047529220581
890, 19, 0.42595425248146057, 0.6797786951065063, -0.39346033334732056, 0.8260014653205872
890, 20, 0.40277203917503357, 0.6779294013977051, -0.3425334393978119, 0.7894713878631592
890, 21, 0.4241897463798523, 0.6700472831726074, -0.3336346745491028, 0.7941473722457886
890, 22, 0.4094410836696625, 0.6695531606674194, -0.2874615490436554, 0.7667258977890015
890, 23, 0.4966765344142914, 0.330887109041214, 0.021014759317040443, 0.9995759129524231
890, 24, 0.43264666199684143, 0.33399128913879395, -0.020683972164988518, 0.9990440011024475
890, 25, 0.5099949836730957, 0.5091983675956726, 0.12779437005519867, 0.3275488018989563
890, 26, 0.4285586476325989, 0.5495181679725647, 0.08298484981060028, 0.37734511494636536
890, 27, 0.48020848631858826, 0.6373845338821411, 0.4198318123817444, 0.3392821252346039
890, 28, 0.43590718507766724, 0.6372600793838501, 0.39994052052497864, 0.23272062838077545
890, 29, 0.47060686349868774, 0.6460057497024536, 0.4471380114555359, 0.1813211441040039
890, 30, 0.43637460470199585, 0.6368832588195801, 0.42929568886756897, 0.14100323617458344
890, 31, 0.48553553223609924, 0.7135511040687561, 0.351625919342041, 0.5721554160118103
890, 32, 0.4398183226585388, 0.7061976194381714, 0.33953675627708435, 0.44050300121307373
891, 0, 0.45557016134262085, 0.4925229847431183, -0.5364693999290466, 0.9989859461784363
891, 1, 0.4599311947822571, 0.4765491783618927, -0.5386533737182617, 0.9993568062782288
891, 2, 0.4640940725803375, 0.4783920347690582, -0.5387193560600281, 0.9991338849067688
891, 3, 0.4685959219932556, 0.47589534521102905, -0.5388355255126953, 0.9991284012794495
891, 4, 0.4514607787132263, 0.4783746600151062, -0.5470535159111023, 0.9992027878761292
891, 5, 0.448624849319458, 0.4771575927734375, -0.5470508337020874, 0.9987654685974121
891, 6, 0.44573432207107544, 0.47612178325653076, -0.5470273494720459, 0.9988552331924438
891, 7, 0.47678107023239136, 0.45844942331314087, -0.4680137038230896, 0.9980589747428894
891, 8, 0.4427338242530823, 0.4533460736274719, -0.5063363909721375, 0.9987422823905945
891, 9, 0.46103519201278687, 0.4845714569091797, -0.501968264579773, 0.9994608759880066
891, 10, 0.4508740305900574, 0.487559974193573, -0.5130379796028137, 0.9993085861206055
891, 11, 0.4901764988899231, 0.4432770311832428, -0.3181785047054291, 0.9993082284927368
891, 12, 0.4345959722995758, 0.4273851215839386, -0.40121108293533325, 0.9932482242584229
891, 13, 0.47729960083961487, 0.5612104535102844, -0.26395678520202637, 0.8321157693862915
891, 14, 0.4248499274253845, 0.5335289239883423, -0.3386528491973877, 0.7416300773620605
891, 15, 0.4474179744720459, 0.6378494501113892, -0.3115711808204651, 0.875378429889679
891, 16, 0.431351900100708, 0.6211537718772888, -0.32545149326324463, 0.9287518858909607
891, 17, 0.44595327973365784, 0.656050980091095, -0.3458743095397949, 0.8416913151741028
891, 18, 0.4282885491847992, 0.6448179483413696, -0.3656145930290222, 0.9247527718544006
891, 19, 0.43736666440963745, 0.647670328617096, -0.37380361557006836, 0.8326451182365417
891, 20, 0.4370979368686676, 0.6373618841171265, -0.3792533278465271, 0.9202272891998291
891, 21, 0.4368618130683899, 0.640388011932373, -0.32623058557510376, 0.790886402130127
891, 22, 0.43980541825294495, 0.6314934492111206, -0.3327370584011078, 0.9064996242523193
891, 23, 0.46089059114456177, 0.3507956862449646, 0.0306390430778265, 0.9992181062698364
891, 24, 0.4307081699371338, 0.3362983465194702, -0.030364137142896652, 0.9983581900596619
891, 25, 0.4622815251350403, 0.5048255920410156, 0.09563945233821869, 0.2479415386915207
891, 26, 0.4342922568321228, 0.5105474591255188, 0.025384953245520592, 0.261462539434433
891, 27, 0.43608754873275757, 0.6098697185516357, 0.32007262110710144, 0.15304924547672272
891, 28, 0.4218239188194275, 0.5914215445518494, 0.27571776509284973, 0.12571072578430176
891, 29, 0.42951709032058716, 0.6193047761917114, 0.3421134352684021, 0.11242713779211044
891, 30, 0.4171976149082184, 0.5956761240959167, 0.29886147379875183, 0.08264060318470001
891, 31, 0.4343751072883606, 0.6586018800735474, 0.28398317098617554, 0.3774798810482025
891, 32, 0.42553216218948364, 0.6375890970230103, 0.23693498969078064, 0.3122943639755249
892, 0, 0.4485047459602356, 0.4648934602737427, -0.2612355947494507, 0.9999058246612549
892, 1, 0.45237642526626587, 0.4616331458091736, -0.26575928926467896, 0.9999240636825562
892, 2, 0.4590211510658264, 0.45944422483444214, -0.2657722532749176, 0.9998769760131836
892, 3, 0.46284422278404236, 0.45720118284225464, -0.26581206917762756, 0.9998968839645386
892, 4, 0.44642895460128784, 0.4592295289039612, -0.2678041160106659, 0.9999681711196899
892, 5, 0.44435685873031616, 0.4580862820148468, -0.2678567171096802, 0.9999501705169678
892, 6, 0.4401768147945404, 0.4642157554626465, -0.2679101228713989, 0.9999600648880005
892, 7, 0.46180710196495056, 0.45489418506622314, -0.2411995828151703, 0.9996765851974487
892, 8, 0.44005244970321655, 0.446890652179718, -0.24969562888145447, 0.9999614953994751
892, 9, 0.4515646994113922, 0.46128496527671814, -0.24634292721748352, 0.999670147895813
892, 10, 0.4447956681251526, 0.45986485481262207, -0.24901457130908966, 0.9998266100883484
892, 11, 0.4839397072792053, 0.45006170868873596, -0.18451878428459167, 0.9988935589790344
892, 12, 0.4241669774055481, 0.4198203682899475, -0.19575871527194977, 0.9991946816444397
892, 13, 0.5050772428512573, 0.49308860301971436, -0.17280827462673187, 0.8796811103820801
892, 14, 0.39728474617004395, 0.4299781322479248, -0.17299383878707886, 0.9733213186264038
892, 15, 0.49131226539611816, 0.5403572916984558, -0.2129840850830078, 0.9606188535690308
892, 16, 0.38155022263526917, 0.43517211079597473, -0.2007477581501007, 0.9832003116607666
892, 17, 0.494945228099823, 0.5580717921257019, -0.23641817271709442, 0.9469059705734253
892, 18, 0.37700355052948, 0.43614089488983154, -0.2249261438846588, 0.9639551043510437
892, 19, 0.48804211616516113, 0.5516586303710938, -0.24515073001384735, 0.9519737362861633
892, 20, 0.3798714578151703, 0.4395517110824585, -0.23051634430885315, 0.9613864421844482
892, 21, 0.4841776490211487, 0.54264235496521, -0.2181309163570404, 0.8952553272247314
892, 22, 0.38709455728530884, 0.44298607110977173, -0.20434466004371643, 0.9436744451522827
892, 23, 0.45335322618484497, 0.37142863869667053, -0.0007635299116373062, 0.9970712661743164
892, 24, 0.4286614954471588, 0.3657311201095581, 0.000585487752687186, 0.998274564743042
892, 25, 0.45910897850990295, 0.4232877492904663, 0.12132662534713745, 0.08071442693471909
892, 26, 0.4333506226539612, 0.4318319857120514, 0.13810092210769653, 0.036272741854190826
892, 27, 0.4568270146846771, 0.42164137959480286, 0.298541396856308, 0.11111509054899216
892, 28, 0.4335368573665619, 0.43681204319000244, 0.30329909920692444, 0.04958231374621391
892, 29, 0.45661336183547974, 0.4212457835674286, 0.31647321581840515, 0.13776980340480804
892, 30, 0.4332030713558197, 0.4391205310821533, 0.3194366991519928, 0.06790123879909515
892, 31, 0.45708346366882324, 0.4338117241859436, 0.3042229413986206, 0.047558415681123734
892, 32, 0.4339863657951355, 0.4441702961921692, 0.30657729506492615, 0.02969536744058132
893, 0, 0.4457814693450928, 0.45015424489974976, -0.22920700907707214, 0.999796450138092
893, 1, 0.44868215918540955, 0.4468839764595032, -0.23807068169116974, 0.9997298121452332
893, 2, 0.45073598623275757, 0.4475356638431549, -0.23809261620044708, 0.9995582699775696
893, 3, 0.4527800977230072, 0.4480818510055542, -0.23815104365348816, 0.9996718168258667
893, 4, 0.4428757131099701, 0.44427812099456787, -0.238001748919487, 0.9998900890350342
893, 5, 0.4409167170524597, 0.44318830966949463, -0.23803964257240295, 0.9998258948326111
893, 6, 0.43889158964157104, 0.4420503079891205, -0.23809990286827087, 0.9998724460601807
893, 7, 0.4569161534309387, 0.4435468912124634, -0.22570136189460754, 0.9990863800048828
893, 8, 0.4360271394252777, 0.4348742663860321, -0.22478607296943665, 0.999896764755249
893, 9, 0.44886523485183716, 0.4496400058269501, -0.21775944530963898, 0.9997521042823792
893, 10, 0.4423486292362213, 0.4478224515914917, -0.21766109764575958, 0.9998668432235718
893, 11, 0.4809955656528473, 0.44756048917770386, -0.17561368644237518, 0.9993383288383484
893, 12, 0.42175427079200745, 0.42356041073799133, -0.1723371148109436, 0.9997798800468445
893, 13, 0.5015802979469299, 0.4888954162597656, -0.16888125240802765, 0.982056200504303
893, 14, 0.4005221724510193, 0.4403276741504669, -0.15961168706417084, 0.9969401359558105
893, 15, 0.5048282742500305, 0.5295453667640686, -0.2088351547718048, 0.992645263671875
893, 16, 0.38431811332702637, 0.4589415192604065, -0.2013246715068817, 0.9931120276451111
893, 17, 0.5109552145004272, 0.5424027442932129, -0.23175561428070068, 0.9869205951690674
893, 18, 0.3779391944408417, 0.4604015052318573, -0.22639766335487366, 0.9789643883705139
893, 19, 0.5044398903846741, 0.539769172668457, -0.23879316449165344, 0.9874710440635681
893, 20, 0.3821852505207062, 0.4650699198246002, -0.23256778717041016, 0.9783136248588562
893, 21, 0.5001922249794006, 0.533734917640686, -0.21279951930046082, 0.9638518691062927
893, 22, 0.38642871379852295, 0.46450212597846985, -0.20547914505004883, 0.9745333790779114
893, 23, 0.46388930082321167, 0.3974533975124359, 0.0037814094685018063, 0.9987756609916687
893, 24, 0.43181124329566956, 0.3933718502521515, -0.003911061678081751, 0.9992468357086182
893, 25, 0.47682395577430725, 0.44380009174346924, 0.11469994485378265, 0.14099375903606415
893, 26, 0.4335039258003235, 0.45524168014526367, 0.11480631679296494, 0.13875184953212738
893, 27, 0.4755653440952301, 0.4490792453289032, 0.283816933631897, 0.12039338052272797
893, 28, 0.43425971269607544, 0.47809383273124695, 0.2816477417945862, 0.12089119106531143
893, 29, 0.47503653168678284, 0.44834136962890625, 0.30153584480285645, 0.1768319010734558
893, 30, 0.43434152007102966, 0.4798426628112793, 0.2987852990627289, 0.1863497495651245
893, 31, 0.47800368070602417, 0.46292397379875183, 0.2917848229408264, 0.054054539650678635
893, 32, 0.438413143157959, 0.4970461130142212, 0.28995513916015625, 0.06952802836894989
894, 0, 0.4541850686073303, 0.46338164806365967, -0.3553858995437622, 0.9999109506607056
894, 1, 0.45888882875442505, 0.455314040184021, -0.36221814155578613, 0.9999347925186157
894, 2, 0.46181732416152954, 0.45461082458496094, -0.36223772168159485, 0.9999076128005981
894, 3, 0.4647294580936432, 0.4538121819496155, -0.3623168170452118, 0.9999206066131592
894, 4, 0.45059746503829956, 0.45455223321914673, -0.3626461625099182, 0.999942421913147
894, 5, 0.44789114594459534, 0.4532654285430908, -0.36268532276153564, 0.9999178647994995
894, 6, 0.4451447129249573, 0.45194724202156067, -0.3627091348171234, 0.9999363422393799
894, 7, 0.47125643491744995, 0.4355093538761139, -0.3267340362071991, 0.999718964099884
894, 8, 0.4407849907875061, 0.43313953280448914, -0.3293324112892151, 0.9998960494995117
894, 9, 0.45876628160476685, 0.455855131149292, -0.33463433384895325, 0.9997696280479431
894, 10, 0.4496523439884186, 0.455597847700119, -0.33535927534103394, 0.9997848868370056
894, 11, 0.49797168374061584, 0.4162629544734955, -0.2527215778827667, 0.9992126226425171
894, 12, 0.41911834478378296, 0.3980042040348053, -0.26175811886787415, 0.9995941519737244
894, 13, 0.5173743367195129, 0.4733317792415619, -0.2652314007282257, 0.9802927374839783
894, 14, 0.3949325382709503, 0.4650575816631317, -0.27261775732040405, 0.9958080053329468
894, 15, 0.5062791109085083, 0.5382309556007385, -0.3558165729045868, 0.9848196506500244
894, 16, 0.397807240486145, 0.5379626750946045, -0.33921465277671814, 0.9969346523284912
894, 17, 0.5108680725097656, 0.5607150793075562, -0.3948303163051605, 0.9812650084495544
894, 18, 0.39357343316078186, 0.5562511682510376, -0.37899455428123474, 0.9929009675979614
894, 19, 0.5029975175857544, 0.5570776462554932, -0.40590864419937134, 0.9795545935630798
894, 20, 0.4016355574131012, 0.5553321838378906, -0.38743922114372253, 0.9916415214538574
894, 21, 0.49833959341049194, 0.5498892664909363, -0.3642142713069916, 0.9575232863426208
894, 22, 0.4056478440761566, 0.5487834215164185, -0.3462110757827759, 0.9871011972427368
894, 23, 0.4696885943412781, 0.3303437829017639, 0.003527092980220914, 0.9989718198776245
894, 24, 0.43432968854904175, 0.32567301392555237, -0.0035308455117046833, 0.9994217157363892
894, 25, 0.4725036025047302, 0.4159339964389801, 0.15182921290397644, 0.05467711761593819
894, 26, 0.4314316213130951, 0.42186543345451355, 0.14876343309879303, 0.1318502426147461
894, 27, 0.4578048288822174, 0.42610037326812744, 0.394806832075119, 0.0601491741836071
894, 28, 0.43328285217285156, 0.4218551516532898, 0.3889409005641937, 0.0925614982843399
894, 29, 0.4550331234931946, 0.4201631247997284, 0.42019057273864746, 0.06723866611719131
894, 30, 0.4319133162498474, 0.4169173240661621, 0.4134102463722229, 0.07884466648101807
894, 31, 0.4546446204185486, 0.46250787377357483, 0.40997380018234253, 0.04519583657383919
894, 32, 0.4326408803462982, 0.44895607233047485, 0.40021151304244995, 0.063046395778656
895, 0, 0.4536310136318207, 0.4682118594646454, -0.352556049823761, 0.9999347925186157
895, 1, 0.4582926630973816, 0.46439751982688904, -0.3665570616722107, 0.9999266862869263
895, 2, 0.46111518144607544, 0.464110791683197, -0.36658307909965515, 0.9999148845672607
895, 3, 0.46394091844558716, 0.46370670199394226, -0.36667123436927795, 0.9999213218688965
895, 4, 0.44988933205604553, 0.4629366099834442, -0.3672119677066803, 0.9999308586120605
895, 5, 0.44714170694351196, 0.46150118112564087, -0.3672563135623932, 0.9999173879623413
895, 6, 0.44435375928878784, 0.46004506945610046, -0.3672742247581482, 0.9999231100082397
895, 7, 0.46935853362083435, 0.4467962384223938, -0.3513561487197876, 0.9997149109840393
895, 8, 0.439078152179718, 0.441927045583725, -0.3543308973312378, 0.999881386756897
895, 9, 0.4574666917324066, 0.4601355791091919, -0.33671844005584717, 0.9998589754104614
895, 10, 0.44840168952941895, 0.45858263969421387, -0.33755970001220703, 0.9998306035995483
895, 11, 0.49271994829177856, 0.41709086298942566, -0.282122939825058, 0.999291181564331
895, 12, 0.4161328375339508, 0.40204352140426636, -0.29133641719818115, 0.9996364116668701
895, 13, 0.5194293856620789, 0.4548722505569458, -0.3158394992351532, 0.9953081011772156
895, 14, 0.3920983672142029, 0.4483994245529175, -0.3233942687511444, 0.9974064230918884
895, 15, 0.5113526582717896, 0.5289181470870972, -0.43041786551475525, 0.9941415190696716
895, 16, 0.39445146918296814, 0.5328109860420227, -0.42065829038619995, 0.9969291090965271
895, 17, 0.5163661241531372, 0.5481297969818115, -0.47454363107681274, 0.9898002743721008
895, 18, 0.3909744322299957, 0.5541843175888062, -0.4675096571445465, 0.9913502931594849
895, 19, 0.5032253861427307, 0.5417851805686951, -0.4843742251396179, 0.9876965880393982
895, 20, 0.398872435092926, 0.5510785579681396, -0.4721301198005676, 0.988831102848053
895, 21, 0.5006526112556458, 0.5340912342071533, -0.43884187936782837, 0.9720574617385864
895, 22, 0.40196114778518677, 0.5444256067276001, -0.4264921545982361, 0.9818437695503235
895, 23, 0.47215932607650757, 0.3263062834739685, 0.003391784382984042, 0.9992795586585999
895, 24, 0.4354899525642395, 0.3236035704612732, -0.003443374764174223, 0.9992682337760925
895, 25, 0.472353458404541, 0.40911048650741577, 0.17588317394256592, 0.031055480241775513
895, 26, 0.43237584829330444, 0.4113088846206665, 0.17926956713199615, 0.06602736562490463
895, 27, 0.46170681715011597, 0.4228483736515045, 0.457588255405426, 0.037553101778030396
895, 28, 0.4343370795249939, 0.42668986320495605, 0.45298367738723755, 0.03197971731424332
895, 29, 0.4595034122467041, 0.4158787727355957, 0.4872962534427643, 0.04881896823644638
895, 30, 0.4324168264865875, 0.4225604236125946, 0.4813840389251709, 0.05294859781861305
895, 31, 0.461190402507782, 0.4595784842967987, 0.47396939992904663, 0.027036376297473907
895, 32, 0.4368891716003418, 0.4546836316585541, 0.46729907393455505, 0.027381567284464836
896, 0, 0.4564579129219055, 0.4564477801322937, -0.31215307116508484, 0.9999487400054932
896, 1, 0.46078282594680786, 0.45299583673477173, -0.3225105106830597, 0.9999375343322754
896, 2, 0.46331509947776794, 0.4533299207687378, -0.32251453399658203, 0.9999266862869263
896, 3, 0.4658522605895996, 0.45357730984687805, -0.3225683569908142, 0.9999245405197144
896, 4, 0.4532455503940582, 0.45016586780548096, -0.3206477165222168, 0.9999479055404663
896, 5, 0.45076417922973633, 0.4485054314136505, -0.3206821084022522, 0.9999369382858276
896, 6, 0.44824522733688354, 0.4468642473220825, -0.32068321108818054, 0.99993896484375
896, 7, 0.47142934799194336, 0.4381488263607025, -0.3002413213253021, 0.9997199177742004
896, 8, 0.44308143854141235, 0.42905840277671814, -0.291459858417511, 0.9999041557312012
896, 9, 0.46002501249313354, 0.4503364861011505, -0.29556161165237427, 0.9998877048492432
896, 10, 0.45177024602890015, 0.4470985531806946, -0.2929399907588959, 0.9998800754547119
896, 11, 0.495924174785614, 0.4186563789844513, -0.22030071914196014, 0.9985394477844238
896, 12, 0.4205191731452942, 0.39045196771621704, -0.22403684258460999, 0.9988839030265808
896, 13, 0.5161373019218445, 0.4634067416191101, -0.21960243582725525, 0.9550901055335999
896, 14, 0.39773762226104736, 0.4309942126274109, -0.2212371826171875, 0.9895212650299072
896, 15, 0.5109162330627441, 0.5401010513305664, -0.29952380061149597, 0.9941417574882507
896, 16, 0.40181177854537964, 0.5050749778747559, -0.280382364988327, 0.9956957101821899
896, 17, 0.5152289867401123, 0.5585191249847412, -0.33478018641471863, 0.9918016791343689
896, 18, 0.3945947289466858, 0.525969922542572, -0.318881094455719, 0.9903422594070435
896, 19, 0.5060840249061584, 0.5518385171890259, -0.3461441695690155, 0.9916893243789673
896, 20, 0.40631526708602905, 0.5267171859741211, -0.3282780349254608, 0.9896734952926636
896, 21, 0.5024916529655457, 0.5420822501182556, -0.3077313005924225, 0.9833880662918091
896, 22, 0.4110102653503418, 0.5186302661895752, -0.2878064215183258, 0.9864029884338379
896, 23, 0.4825056195259094, 0.32793569564819336, 0.007694636471569538, 0.9986974596977234
896, 24, 0.44415682554244995, 0.31761541962623596, -0.007722196169197559, 0.9987334609031677
896, 25, 0.48288506269454956, 0.43542051315307617, 0.1161804348230362, 0.09517490118741989
896, 26, 0.430381715297699, 0.4407278299331665, 0.10009713470935822, 0.29242193698883057
896, 27, 0.46502041816711426, 0.4808223843574524, 0.33016282320022583, 0.07323357462882996
896, 28, 0.42970600724220276, 0.48849865794181824, 0.31739363074302673, 0.11663412302732468
896, 29, 0.46007809042930603, 0.4810048043727875, 0.35248589515686035, 0.05709366127848625
896, 30, 0.42795833945274353, 0.4867040812969208, 0.33950382471084595, 0.11341627687215805
896, 31, 0.4662524163722992, 0.5217135548591614, 0.3286551833152771, 0.15781262516975403
896, 32, 0.43353694677352905, 0.5341434478759766, 0.31512579321861267, 0.22060735523700714
897, 0, 0.4606664776802063, 0.45620405673980713, -0.2641860842704773, 0.9998466968536377
897, 1, 0.4681241512298584, 0.4582868218421936, -0.27465155720710754, 0.999809205532074
897, 2, 0.47172656655311584, 0.4569578468799591, -0.27466607093811035, 0.9997841715812683
897, 3, 0.473643958568573, 0.45564258098602295, -0.27471011877059937, 0.9997790455818176
897, 4, 0.4575583040714264, 0.45010077953338623, -0.2729135751724243, 0.9998537302017212
897, 5, 0.45507603883743286, 0.44835418462753296, -0.2729407846927643, 0.999829888343811
897, 6, 0.4525620937347412, 0.4466104805469513, -0.27295342087745667, 0.9998389482498169
897, 7, 0.4755849242210388, 0.4376046359539032, -0.25881609320640564, 0.9992861151695251
897, 8, 0.44714027643203735, 0.42845046520233154, -0.25090131163597107, 0.9997578263282776
897, 9, 0.46390753984451294, 0.4496462047100067, -0.2506566643714905, 0.9996989965438843
897, 10, 0.455807626247406, 0.44620591402053833, -0.24827173352241516, 0.9997151494026184
897, 11, 0.49760347604751587, 0.41629457473754883, -0.19047845900058746, 0.997645914554596
897, 12, 0.4247339367866516, 0.3876296877861023, -0.19431953132152557, 0.9989017248153687
897, 13, 0.5183414220809937, 0.46081575751304626, -0.18734949827194214, 0.9399895668029785
897, 14, 0.3992822468280792, 0.4246431589126587, -0.18490958213806152, 0.9787740111351013
897, 15, 0.5126878023147583, 0.5399191975593567, -0.2568007707595825, 0.9916748404502869
897, 16, 0.40148240327835083, 0.5011678338050842, -0.23178032040596008, 0.993330180644989
897, 17, 0.5188255310058594, 0.5567309856414795, -0.28808674216270447, 0.9899353384971619
897, 18, 0.3934406638145447, 0.521574854850769, -0.266485333442688, 0.9868937730789185
897, 19, 0.5083343386650085, 0.5557061433792114, -0.29862767457962036, 0.9897933006286621
897, 20, 0.4050951600074768, 0.5230814814567566, -0.2739940583705902, 0.9866025447845459
897, 21, 0.5046207904815674, 0.54549640417099, -0.26414430141448975, 0.9796141982078552
897, 22, 0.40974149107933044, 0.5153722763061523, -0.23795440793037415, 0.9819852709770203
897, 23, 0.4820285439491272, 0.3270852565765381, 0.007828790694475174, 0.9983090162277222
897, 24, 0.44561880826950073, 0.31654614210128784, -0.007848582230508327, 0.9986887574195862
897, 25, 0.4839704632759094, 0.42576828598976135, 0.11269982159137726, 0.09434004873037338
897, 26, 0.4321748614311218, 0.4367116391658783, 0.09244838356971741, 0.2806090712547302
897, 27, 0.4668315351009369, 0.4599006772041321, 0.308340460062027, 0.08747556805610657
897, 28, 0.4334549307823181, 0.4665408134460449, 0.29212692379951477, 0.12912054359912872
897, 29, 0.4624820649623871, 0.4583614468574524, 0.32901495695114136, 0.06916991621255875
897, 30, 0.4320541322231293, 0.46301913261413574, 0.31259414553642273, 0.11453763395547867
897, 31, 0.46630263328552246, 0.498568058013916, 0.3118882477283478, 0.12259019911289215
897, 32, 0.43657025694847107, 0.5058155059814453, 0.29537233710289, 0.15807148814201355
898, 0, 0.4565737843513489, 0.45808279514312744, -0.25502872467041016, 0.9998505115509033
898, 1, 0.46136754751205444, 0.4558032155036926, -0.26824048161506653, 0.9998049139976501
898, 2, 0.4639904499053955, 0.45645394921302795, -0.2682647109031677, 0.9997785687446594
898, 3, 0.46662479639053345, 0.4569949805736542, -0.2683195173740387, 0.9998067021369934
898, 4, 0.45377057790756226, 0.4518926739692688, -0.2672123312950134, 0.9998692274093628
898, 5, 0.45138636231422424, 0.4496946632862091, -0.2672567665576935, 0.999846339225769
898, 6, 0.44895949959754944, 0.44749924540519714, -0.2672821581363678, 0.9998674392700195
898, 7, 0.4730681777000427, 0.44117698073387146, -0.2624843716621399, 0.9992445707321167
898, 8, 0.44490140676498413, 0.42774635553359985, -0.2578257620334625, 0.9997780919075012
898, 9, 0.46042531728744507, 0.4511779248714447, -0.24484047293663025, 0.9997625946998596
898, 10, 0.4523758888244629, 0.44664299488067627, -0.243363618850708, 0.9997808337211609
898, 11, 0.4976528286933899, 0.41888880729675293, -0.19995199143886566, 0.9975507855415344
898, 12, 0.4256013035774231, 0.37747159600257874, -0.20676329731941223, 0.9992374181747437
898, 13, 0.5191528797149658, 0.46874359250068665, -0.20813386142253876, 0.9650457501411438
898, 14, 0.40041008591651917, 0.40371474623680115, -0.196706160902977, 0.9891577959060669
898, 15, 0.5161429047584534, 0.5440252423286438, -0.2899194359779358, 0.9939320087432861
898, 16, 0.3873201608657837, 0.4704340100288391, -0.24763484299182892, 0.9961228966712952
898, 17, 0.522201418876648, 0.5654903054237366, -0.3265555799007416, 0.9925715327262878
898, 18, 0.3849122226238251, 0.4978725016117096, -0.2859431207180023, 0.9921398758888245
898, 19, 0.5113400816917419, 0.5638071298599243, -0.33641311526298523, 0.9922116994857788
898, 20, 0.3916422128677368, 0.4997962415218353, -0.29646483063697815, 0.9919385313987732
898, 21, 0.5077933669090271, 0.553535521030426, -0.29779353737831116, 0.9834266901016235
898, 22, 0.3951283395290375, 0.49061113595962524, -0.2552716135978699, 0.9893813133239746
898, 23, 0.48350992798805237, 0.3181772232055664, 0.0072502316907048225, 0.9983140230178833
898, 24, 0.4495139718055725, 0.30338430404663086, -0.007228238042443991, 0.9984074234962463
898, 25, 0.48063454031944275, 0.4148036241531372, 0.12499551475048065, 0.08559519797563553
898, 26, 0.4366251528263092, 0.41959068179130554, 0.10819099843502045, 0.24672509729862213
898, 27, 0.46801623702049255, 0.4375392496585846, 0.3375711441040039, 0.10140620172023773
898, 28, 0.4371255040168762, 0.4416310489177704, 0.3249164819717407, 0.10662149637937546
898, 29, 0.4650598168373108, 0.43367689847946167, 0.35982298851013184, 0.09166187047958374
898, 30, 0.4354870319366455, 0.43701285123825073, 0.3469959497451782, 0.10848233848810196
898, 31, 0.46569910645484924, 0.47446662187576294, 0.3400018513202667, 0.1144539937376976
898, 32, 0.4373181462287903, 0.477063924074173, 0.32715901732444763, 0.12945465743541718
899, 0, 0.4508923590183258, 0.45849350094795227, -0.236257404088974, 0.9981507658958435
899, 1, 0.4544031620025635, 0.45218485593795776, -0.24435599148273468, 0.99760901927948
899, 2, 0.4567623734474182, 0.45220649242401123, -0.24441292881965637, 0.9968054294586182
899, 3, 0.45912083983421326, 0.45214980840682983, -0.24447759985923767, 0.9975724816322327
899, 4, 0.447387158870697, 0.45019784569740295, -0.24375733733177185, 0.9986675977706909
899, 5, 0.4450893998146057, 0.44884049892425537, -0.24378296732902527, 0.9981526732444763
899, 6, 0.44275912642478943, 0.4474649727344513, -0.24381570518016815, 0.9985836744308472
899, 7, 0.4642728865146637, 0.4407770037651062, -0.2303951531648636, 0.9907783269882202
899, 8, 0.43893855810165405, 0.43349117040634155, -0.22759374976158142, 0.998144268989563
899, 9, 0.45481786131858826, 0.4555641710758209, -0.22481223940849304, 0.9975468516349792
899, 10, 0.4469624161720276, 0.45378345251083374, -0.22399406135082245, 0.9978736639022827
899, 11, 0.48671063780784607, 0.43395090103149414, -0.17881914973258972, 0.9915952086448669
899, 12, 0.4225413203239441, 0.41374069452285767, -0.1764921396970749, 0.9945032596588135
899, 13, 0.5111499428749084, 0.47802865505218506, -0.18014362454414368, 0.9867755770683289
899, 14, 0.40019264817237854, 0.44204553961753845, -0.169345423579216, 0.9811156988143921
899, 15, 0.5231266021728516, 0.5397435426712036, -0.22291529178619385, 0.9935089349746704
899, 16, 0.3906213343143463, 0.4899959862232208, -0.21100032329559326, 0.9836851358413696
899, 17, 0.5313427448272705, 0.5593835711479187, -0.24927306175231934, 0.9885777235031128
899, 18, 0.38339921832084656, 0.5038437247276306, -0.2402360439300537, 0.9661046266555786
899, 19, 0.5233877301216125, 0.5591089129447937, -0.254668653011322, 0.9881717562675476
899, 20, 0.3906875550746918, 0.5065389275550842, -0.24507412314414978, 0.9637877345085144
899, 21, 0.5187541842460632, 0.5505584478378296, -0.2271709144115448, 0.9686182737350464
899, 22, 0.39481472969055176, 0.5021434426307678, -0.21571190655231476, 0.9475820064544678
899, 23, 0.4735270142555237, 0.3679710030555725, 0.004386517219245434, 0.99836665391922
899, 24, 0.44132542610168457, 0.3644275367259979, -0.004439776297658682, 0.9970123767852783
899, 25, 0.49516433477401733, 0.44615843892097473, 0.09120860695838928, 0.17322295904159546
899, 26, 0.4499583840370178, 0.45989158749580383, 0.08920735865831375, 0.39179548621177673
899, 27, 0.4905507564544678, 0.46764320135116577, 0.26369374990463257, 0.18724462389945984
899, 28, 0.44695162773132324, 0.4784698188304901, 0.2572522759437561, 0.1583547294139862
899, 29, 0.48815083503723145, 0.4648071229457855, 0.2820841670036316, 0.18460005521774292
899, 30, 0.4447343945503235, 0.4760027527809143, 0.27450031042099, 0.12249284237623215
899, 31, 0.4929659962654114, 0.4985421895980835, 0.26293647289276123, 0.19350816309452057
899, 32, 0.4492935538291931, 0.5031562447547913, 0.25627535581588745, 0.15449802577495575
900, 0, 0.44856444001197815, 0.45254236459732056, -0.19498372077941895, 0.9999592304229736
900, 1, 0.4515300691127777, 0.4462188184261322, -0.20220759510993958, 0.9999533891677856
900, 2, 0.453615665435791, 0.446139395236969, -0.2022370845079422, 0.9999439716339111
900, 3, 0.45568686723709106, 0.44598719477653503, -0.20229549705982208, 0.9999486207962036
900, 4, 0.4453662037849426, 0.44451335072517395, -0.2014346569776535, 0.9999709129333496
900, 5, 0.4432731568813324, 0.44328224658966064, -0.2014705240726471, 0.999969482421875
900, 6, 0.4411517083644867, 0.441998153924942, -0.20148491859436035, 0.9999712705612183
900, 7, 0.4601331353187561, 0.4363729655742645, -0.19554375112056732, 0.9997932314872742
900, 8, 0.43798691034317017, 0.4300597012042999, -0.19161060452461243, 0.9999562501907349
900, 9, 0.4524914622306824, 0.4501439332962036, -0.18788349628448486, 0.9999103546142578
900, 10, 0.44548964500427246, 0.44820865988731384, -0.18679241836071014, 0.9999014139175415
900, 11, 0.47843509912490845, 0.4277847409248352, -0.1520562767982483, 0.9986866116523743
900, 12, 0.42495083808898926, 0.4145873486995697, -0.1498633474111557, 0.9976812601089478
900, 13, 0.49464017152786255, 0.4707683026790619, -0.1399257630109787, 0.9990405440330505
900, 14, 0.4031296670436859, 0.43823641538619995, -0.12760326266288757, 0.9821953177452087
900, 15, 0.5074136257171631, 0.5285979509353638, -0.15310780704021454, 0.9994762539863586
900, 16, 0.38921743631362915, 0.4859545826911926, -0.12262880802154541, 0.990257740020752
900, 17, 0.5135321617126465, 0.5465715527534485, -0.1698136031627655, 0.9988476037979126
900, 18, 0.3803880512714386, 0.5005099177360535, -0.14076051115989685, 0.9762046933174133
900, 19, 0.5089011192321777, 0.5476709008216858, -0.17225860059261322, 0.998578667640686
900, 20, 0.3851993680000305, 0.5007977485656738, -0.1409250646829605, 0.9710251092910767
900, 21, 0.5057750940322876, 0.5405685305595398, -0.1550932228565216, 0.9953712821006775
900, 22, 0.38994449377059937, 0.496165007352829, -0.1237364411354065, 0.9591802954673767
900, 23, 0.4688565135002136, 0.37935882806777954, -0.003980746027082205, 0.999798595905304
900, 24, 0.44459453225135803, 0.3767405152320862, 0.003958825021982193, 0.999230146408081
900, 25, 0.47920289635658264, 0.4554206430912018, 0.06668848544359207, 0.42366117238998413
900, 26, 0.45041847229003906, 0.46093088388442993, 0.07294593006372452, 0.10661078989505768
900, 27, 0.49131351709365845, 0.47043055295944214, 0.1964757740497589, 0.40999630093574524
900, 28, 0.4735310971736908, 0.47555020451545715, 0.19621379673480988, 0.07536765187978745
900, 29, 0.49211353063583374, 0.4679972231388092, 0.21105673909187317, 0.33783620595932007
900, 30, 0.4763767719268799, 0.47125688195228577, 0.20924580097198486, 0.08229997754096985
900, 31, 0.49752718210220337, 0.49700504541397095, 0.20632651448249817, 0.2983567714691162
900, 32, 0.48012775182724, 0.5036333203315735, 0.20107623934745789, 0.08654208481311798
901, 0, 0.4545847773551941, 0.45303383469581604, -0.20186534523963928, 0.9998860359191895
901, 1, 0.4580833315849304, 0.4519789516925812, -0.20898643136024475, 0.9998805522918701
901, 2, 0.46022024750709534, 0.4525388181209564, -0.20900392532348633, 0.9998632669448853
901, 3, 0.46235528588294983, 0.4530598819255829, -0.20903775095939636, 0.9998363256454468
901, 4, 0.45192617177963257, 0.44892340898513794, -0.20877781510353088, 0.999931812286377
901, 5, 0.4500100612640381, 0.44739294052124023, -0.20882144570350647, 0.9999196529388428
901, 6, 0.44805818796157837, 0.44589120149612427, -0.20885653793811798, 0.9999282360076904
901, 7, 0.4678577780723572, 0.44299495220184326, -0.19191934168338776, 0.99946528673172
901, 8, 0.4450889229774475, 0.4316626191139221, -0.1905643194913864, 0.9998562335968018
901, 9, 0.45828381180763245, 0.44870448112487793, -0.18954817950725555, 0.9993705153465271
901, 10, 0.45193925499916077, 0.44511544704437256, -0.18918299674987793, 0.9995539784431458
901, 11, 0.49182993173599243, 0.42513543367385864, -0.14011935889720917, 0.996124804019928
901, 12, 0.42573457956314087, 0.401316374540329, -0.15069875121116638, 0.998451828956604
901, 13, 0.518467128276825, 0.47332775592803955, -0.13649025559425354, 0.9966661334037781
901, 14, 0.3956497311592102, 0.4264812767505646, -0.12961024045944214, 0.9770237803459167
901, 15, 0.5217190384864807, 0.5455378890037537, -0.1719592958688736, 0.9981659054756165
901, 16, 0.38797441124916077, 0.4782290458679199, -0.14026445150375366, 0.9874444007873535
901, 17, 0.5272566676139832, 0.5675860643386841, -0.1926788091659546, 0.9965692758560181
901, 18, 0.37768107652664185, 0.4923415184020996, -0.16066594421863556, 0.9802140593528748
901, 19, 0.5179096460342407, 0.5675228834152222, -0.19660505652427673, 0.9963986873626709
901, 20, 0.3858320713043213, 0.49534305930137634, -0.16157911717891693, 0.9802194237709045
901, 21, 0.5147054195404053, 0.5577274560928345, -0.1752653568983078, 0.9898008704185486
901, 22, 0.3909604549407959, 0.4897673428058624, -0.1416565626859665, 0.9680758714675903
901, 23, 0.4792715907096863, 0.35538727045059204, 0.002693084068596363, 0.9933991432189941
901, 24, 0.4507979452610016, 0.34463387727737427, -0.002787413541227579, 0.9869641661643982
901, 25, 0.47080907225608826, 0.42723602056503296, 0.08110736310482025, 0.13310910761356354
901, 26, 0.4407669007778168, 0.41882461309432983, 0.07761486619710922, 0.129386305809021
901, 27, 0.4665225148200989, 0.43100500106811523, 0.21912440657615662, 0.16430163383483887
901, 28, 0.4404636025428772, 0.42644447088241577, 0.21696051955223083, 0.05019403621554375
901, 29, 0.4656563401222229, 0.4266664385795593, 0.23432640731334686, 0.12995167076587677
901, 30, 0.4398106634616852, 0.42376235127449036, 0.23228499293327332, 0.05120187997817993
901, 31, 0.46572548151016235, 0.4550691843032837, 0.23197725415229797, 0.11405499279499054
901, 32, 0.44049984216690063, 0.4432793855667114, 0.23177173733711243, 0.04826052859425545
902, 0, 0.44709163904190063, 0.4602467715740204, -0.15802346169948578, 0.9935784339904785
902, 1, 0.4510973393917084, 0.45247307419776917, -0.1697288155555725, 0.9956998825073242
902, 2, 0.4540843069553375, 0.4520525336265564, -0.16974130272865295, 0.9961549639701843
902, 3, 0.45709091424942017, 0.45158445835113525, -0.16978707909584045, 0.9951704144477844
902, 4, 0.44262591004371643, 0.4510778784751892, -0.1671258956193924, 0.9950620532035828
902, 5, 0.43900546431541443, 0.45343929529190063, -0.16718626022338867, 0.9962750673294067
902, 6, 0.43744319677352905, 0.45239511132240295, -0.16722369194030762, 0.9968215227127075
902, 7, 0.465867817401886, 0.4362986981868744, -0.17187434434890747, 0.9936506152153015
902, 8, 0.4345739483833313, 0.4297259449958801, -0.16051672399044037, 0.9950252175331116
902, 9, 0.4541458487510681, 0.45492231845855713, -0.15415260195732117, 0.9948851466178894
902, 10, 0.44510921835899353, 0.45294252038002014, -0.1507447510957718, 0.9949305653572083
902, 11, 0.4899711012840271, 0.413053035736084, -0.12324836105108261, 0.9854261875152588
902, 12, 0.42302313446998596, 0.39933285117149353, -0.12998653948307037, 0.9948163628578186
902, 13, 0.4906875491142273, 0.44382208585739136, -0.07961155474185944, 0.6844531893730164
902, 14, 0.38820624351501465, 0.44118401408195496, -0.10136561095714569, 0.8313979506492615
902, 15, 0.49073344469070435, 0.47134941816329956, -0.08023384213447571, 0.6962705850601196
902, 16, 0.38762032985687256, 0.5003369450569153, -0.10004512965679169, 0.9634876251220703
902, 17, 0.4960804879665375, 0.47924602031707764, -0.09349383413791656, 0.7479578852653503
902, 18, 0.3819340169429779, 0.518339991569519, -0.1200791746377945, 0.9683007001876831
902, 19, 0.48827892541885376, 0.47585225105285645, -0.10241349786520004, 0.7718278765678406
902, 20, 0.392921507358551, 0.5171406865119934, -0.12638983130455017, 0.9732385873794556
902, 21, 0.48495298624038696, 0.47068366408348083, -0.0841832160949707, 0.7057322263717651
902, 22, 0.3959595561027527, 0.5094156265258789, -0.10376353561878204, 0.9638415575027466
902, 23, 0.48466911911964417, 0.3387105166912079, 0.002742340788245201, 0.9878569841384888
902, 24, 0.4555789828300476, 0.3273937404155731, -0.0027057803235948086, 0.9919670224189758
902, 25, 0.47401976585388184, 0.42689573764801025, 0.08168422430753708, 0.03798101097345352
902, 26, 0.4351193904876709, 0.4199896454811096, 0.0608210451900959, 0.2448824793100357
902, 27, 0.45838481187820435, 0.42883461713790894, 0.20287255942821503, 0.06984924525022507
902, 28, 0.43672117590904236, 0.4190047085285187, 0.20053668320178986, 0.09862751513719559
902, 29, 0.4546176791191101, 0.42264798283576965, 0.21674732863903046, 0.05136401206254959
902, 30, 0.4378926157951355, 0.41682547330856323, 0.21636147797107697, 0.06860169023275375
902, 31, 0.45647725462913513, 0.45135557651519775, 0.21794569492340088, 0.09902487695217133
902, 32, 0.43406668305397034, 0.4328046441078186, 0.22259196639060974, 0.08852580189704895
903, 0, 0.442239373922348, 0.44731348752975464, -0.14837171137332916, 0.9982512593269348
903, 1, 0.4448966383934021, 0.44906145334243774, -0.15416686236858368, 0.9986810088157654
903, 2, 0.44617027044296265, 0.45027515292167664, -0.15416711568832397, 0.9984238147735596
903, 3, 0.4474606513977051, 0.4514530301094055, -0.15419375896453857, 0.9985626339912415
903, 4, 0.44137197732925415, 0.44475120306015015, -0.15578553080558777, 0.9989020824432373
903, 5, 0.44037169218063354, 0.4431486427783966, -0.1558254361152649, 0.9987230896949768
903, 6, 0.43934816122055054, 0.4415490925312042, -0.15585671365261078, 0.998863935470581
903, 7, 0.45255589485168457, 0.44634366035461426, -0.14554572105407715, 0.9969313144683838
903, 8, 0.439362108707428, 0.43113115429878235, -0.152696430683136, 0.9987780451774597
903, 9, 0.44486182928085327, 0.444959819316864, -0.14078377187252045, 0.9988480806350708
903, 10, 0.44143033027648926, 0.4405696988105774, -0.14288876950740814, 0.9989334940910339
903, 11, 0.4696658253669739, 0.4396422803401947, -0.11651398986577988, 0.9965832829475403
903, 12, 0.42756471037864685, 0.4014030992984772, -0.12179005146026611, 0.99924635887146
903, 13, 0.48094233870506287, 0.45517176389694214, -0.1148226410150528, 0.6467501521110535
903, 14, 0.4001935124397278, 0.4283117651939392, -0.1253228485584259, 0.9922142624855042
903, 15, 0.4767361581325531, 0.473413348197937, -0.14755742251873016, 0.6630458235740662
903, 16, 0.38478749990463257, 0.4713551700115204, -0.1497945934534073, 0.9949500560760498
903, 17, 0.4801325798034668, 0.4791508913040161, -0.16407489776611328, 0.6772876977920532
903, 18, 0.3782844543457031, 0.4764355421066284, -0.1696731150150299, 0.9922133088111877
903, 19, 0.4736146330833435, 0.47566813230514526, -0.17143265902996063, 0.6882687211036682
903, 20, 0.38336801528930664, 0.4801260530948639, -0.17274260520935059, 0.9923784732818604
903, 21, 0.4715738296508789, 0.47216007113456726, -0.15183581411838531, 0.6324492692947388
903, 22, 0.3868046700954437, 0.47834423184394836, -0.15254825353622437, 0.9865206480026245
903, 23, 0.47357282042503357, 0.3755750060081482, -0.0027664629742503166, 0.9947499632835388
903, 24, 0.45323842763900757, 0.35405004024505615, 0.0026728257071226835, 0.9974170923233032
903, 25, 0.46960097551345825, 0.43402719497680664, 0.055596280843019485, 0.059733618050813675
903, 26, 0.4346504807472229, 0.40072864294052124, 0.053440045565366745, 0.1757403165102005
903, 27, 0.47490447759628296, 0.44096025824546814, 0.16244202852249146, 0.09295668452978134
903, 28, 0.4440310597419739, 0.4011734426021576, 0.16542252898216248, 0.09977784752845764
903, 29, 0.4765624403953552, 0.43700191378593445, 0.17373351752758026, 0.09363797307014465
903, 30, 0.4470539689064026, 0.3986382484436035, 0.17745482921600342, 0.09285346418619156
903, 31, 0.4719999432563782, 0.4602791965007782, 0.17197656631469727, 0.09912174940109253
903, 32, 0.4431949257850647, 0.4120714068412781, 0.1815515011548996, 0.09775137156248093
904, 0, 0.45127424597740173, 0.4503144919872284, -0.3552917242050171, 0.9970110654830933
904, 1, 0.45557600259780884, 0.4400745928287506, -0.3607579171657562, 0.9976230263710022
904, 2, 0.4592354893684387, 0.4455134868621826, -0.36076614260673523, 0.9971126317977905
904, 3, 0.46566134691238403, 0.4410039782524109, -0.36085501313209534, 0.9971165657043457
904, 4, 0.44284382462501526, 0.4442070722579956, -0.3587270677089691, 0.9982227683067322
904, 5, 0.4402594566345215, 0.4431622326374054, -0.358783096075058, 0.9979351758956909
904, 6, 0.4363062381744385, 0.44081875681877136, -0.3588145673274994, 0.9982920289039612
904, 7, 0.47355037927627563, 0.4266163408756256, -0.3192659914493561, 0.9903359413146973
904, 8, 0.4316241145133972, 0.41996681690216064, -0.3107317388057709, 0.9971699118614197
904, 9, 0.45736488699913025, 0.44501417875289917, -0.33320197463035583, 0.9913977384567261
904, 10, 0.447795569896698, 0.44282469153404236, -0.33065924048423767, 0.99309241771698
904, 11, 0.49473708868026733, 0.416229248046875, -0.23101291060447693, 0.9624696373939514
904, 12, 0.4173482358455658, 0.3842740058898926, -0.23967936635017395, 0.9866045117378235
904, 13, 0.4977753162384033, 0.49273401498794556, -0.21119865775108337, 0.7709059715270996
904, 14, 0.38864511251449585, 0.4452870190143585, -0.2146727293729782, 0.7985547184944153
904, 15, 0.4929467737674713, 0.566819429397583, -0.2670994997024536, 0.9320163130760193
904, 16, 0.3862358629703522, 0.5095987319946289, -0.24928203225135803, 0.9298895597457886
904, 17, 0.4982719421386719, 0.5894551873207092, -0.3021186590194702, 0.9078768491744995
904, 18, 0.37697961926460266, 0.5244700908660889, -0.28661051392555237, 0.907507598400116
904, 19, 0.4863724112510681, 0.5833731293678284, -0.3120975196361542, 0.9099866151809692
904, 20, 0.3893890380859375, 0.523311197757721, -0.2945273518562317, 0.9164130091667175
904, 21, 0.48241227865219116, 0.5716655850410461, -0.2747403085231781, 0.8543733954429626
904, 22, 0.3956722319126129, 0.5171271562576294, -0.2554938495159149, 0.879710853099823
904, 23, 0.48161354660987854, 0.34726810455322266, 0.0002981575089506805, 0.9942664504051208
904, 24, 0.44742971658706665, 0.33164194226264954, -0.00037124246591702104, 0.9951901435852051
904, 25, 0.46902257204055786, 0.44898003339767456, 0.13595165312290192, 0.03385424241423607
904, 26, 0.4259524941444397, 0.4353272616863251, 0.12034895271062851, 0.08196620643138885
904, 27, 0.46142634749412537, 0.4361051321029663, 0.3626067042350769, 0.03491804376244545
904, 28, 0.43347039818763733, 0.41750118136405945, 0.34555336833000183, 0.03516126796603203
904, 29, 0.4590331017971039, 0.4286952018737793, 0.38694238662719727, 0.023160723969340324
904, 30, 0.43452000617980957, 0.4132959544658661, 0.36977294087409973, 0.018852965906262398
904, 31, 0.45923179388046265, 0.4590601325035095, 0.3787655532360077, 0.06735516339540482
904, 32, 0.43226903676986694, 0.4281153678894043, 0.3602113425731659, 0.04681273177266121
905, 0, 0.440172016620636, 0.46996766328811646, -0.45910701155662537, 0.9999103546142578
905, 1, 0.4468325078487396, 0.46035003662109375, -0.4640699028968811, 0.999934196472168
905, 2, 0.4510766863822937, 0.4606933891773224, -0.4640955924987793, 0.9999210834503174
905, 3, 0.4574092924594879, 0.4585798382759094, -0.46419134736061096, 0.9999269247055054
905, 4, 0.4355298578739166, 0.45470431447029114, -0.46233898401260376, 0.9999455213546753
905, 5, 0.43271011114120483, 0.451913058757782, -0.462406724691391, 0.9999324083328247
905, 6, 0.42941927909851074, 0.44878527522087097, -0.4624160826206207, 0.9999406337738037
905, 7, 0.4686703085899353, 0.44578835368156433, -0.4109362065792084, 0.999731719493866
905, 8, 0.42728129029273987, 0.4227251708507538, -0.4045484662055969, 0.9999215602874756
905, 9, 0.44868192076683044, 0.46596017479896545, -0.4316538870334625, 0.999808132648468
905, 10, 0.4355846047401428, 0.459425151348114, -0.42965763807296753, 0.999808132648468
905, 11, 0.4975009858608246, 0.4426974058151245, -0.3045392632484436, 0.9941877126693726
905, 12, 0.4167538583278656, 0.3677235543727875, -0.30618226528167725, 0.9961923360824585
905, 13, 0.4998598098754883, 0.5437747836112976, -0.28883543610572815, 0.9375994801521301
905, 14, 0.39359405636787415, 0.42709439992904663, -0.30317750573158264, 0.9101933836936951
905, 15, 0.4816434979438782, 0.6470308899879456, -0.368443101644516, 0.992203950881958
905, 16, 0.3834506869316101, 0.5085001587867737, -0.3927099108695984, 0.9776900410652161
905, 17, 0.4826485514640808, 0.6819872260093689, -0.4153476655483246, 0.9892531037330627
905, 18, 0.37339848279953003, 0.5289076566696167, -0.44358378648757935, 0.9692822694778442
905, 19, 0.46914857625961304, 0.6703116297721863, -0.4302244782447815, 0.9891557097434998
905, 20, 0.384524941444397, 0.5346711277961731, -0.45703887939453125, 0.9680327773094177
905, 21, 0.4669308066368103, 0.6534959673881531, -0.3792136609554291, 0.9810363054275513
905, 22, 0.3919828534126282, 0.5294942259788513, -0.40313172340393066, 0.9596003890037537
905, 23, 0.495601087808609, 0.3504495620727539, 0.005107892211526632, 0.9985008239746094
905, 24, 0.45741015672683716, 0.3182365596294403, -0.004988995846360922, 0.9990003705024719
905, 25, 0.4770810604095459, 0.47692811489105225, 0.13331010937690735, 0.10108530521392822
905, 26, 0.4210891127586365, 0.44519516825675964, 0.10199587047100067, 0.2459936887025833
905, 27, 0.4664900302886963, 0.46005406975746155, 0.40183180570602417, 0.05661001056432724
905, 28, 0.4329376816749573, 0.4327855408191681, 0.3923691511154175, 0.04420994222164154
905, 29, 0.46436089277267456, 0.4498022794723511, 0.42939287424087524, 0.04135912284255028
905, 30, 0.43494707345962524, 0.427392840385437, 0.4231237769126892, 0.034533873200416565
905, 31, 0.4611435532569885, 0.4887527823448181, 0.4047640264034271, 0.18159860372543335
905, 32, 0.4310930371284485, 0.4495167136192322, 0.4071759581565857, 0.11010836809873581
906, 0, 0.45058339834213257, 0.4345512092113495, -0.21734866499900818, 0.9747825264930725
906, 1, 0.4551987051963806, 0.4296795725822449, -0.22134539484977722, 0.9796645641326904
906, 2, 0.45745277404785156, 0.4305022656917572, -0.2213316410779953, 0.9775550365447998
906, 3, 0.459698349237442, 0.43128031492233276, -0.22136612236499786, 0.9692730903625488
906, 4, 0.44874247908592224, 0.42542359232902527, -0.22128280997276306, 0.9827063083648682
906, 5, 0.4466487765312195, 0.4236515760421753, -0.22135499119758606, 0.9838152527809143
906, 6, 0.4445738196372986, 0.4218806326389313, -0.22142890095710754, 0.9866177439689636
906, 7, 0.4662373661994934, 0.4230573773384094, -0.19465574622154236, 0.9413904547691345
906, 8, 0.44249972701072693, 0.40719711780548096, -0.19421948492527008, 0.9783461689949036
906, 9, 0.45468759536743164, 0.4329555630683899, -0.20289543271064758, 0.95664381980896
906, 10, 0.4480029046535492, 0.4284842908382416, -0.20283377170562744, 0.9687339067459106
906, 11, 0.48494234681129456, 0.4157513976097107, -0.14227770268917084, 0.9564500451087952
906, 12, 0.42586812376976013, 0.3839481770992279, -0.15037958323955536, 0.9923126101493835
906, 13, 0.5061309337615967, 0.44501030445098877, -0.11418698728084564, 0.7911177277565002
906, 14, 0.39139723777770996, 0.41791531443595886, -0.13343308866024017, 0.9693567752838135
906, 15, 0.502324104309082, 0.47748497128486633, -0.1257050335407257, 0.8141949772834778
906, 16, 0.38102978467941284, 0.4809257388114929, -0.1435360163450241, 0.9895784258842468
906, 17, 0.5073814988136292, 0.4859886169433594, -0.14127597212791443, 0.7717647552490234
906, 18, 0.37101906538009644, 0.48823249340057373, -0.16327206790447235, 0.9846791625022888
906, 19, 0.49899834394454956, 0.48233306407928467, -0.14828290045261383, 0.7840025424957275
906, 20, 0.3785031735897064, 0.4892246723175049, -0.16348320245742798, 0.9851040244102478
906, 21, 0.49556225538253784, 0.4775979220867157, -0.12927408516407013, 0.6768857836723328
906, 22, 0.38322338461875916, 0.485268771648407, -0.1445043385028839, 0.9721212387084961
906, 23, 0.48079022765159607, 0.36045724153518677, -0.004032245837152004, 0.9741986989974976
906, 24, 0.4575326442718506, 0.3435516357421875, 0.003920223563909531, 0.9864004850387573
906, 25, 0.4706854820251465, 0.42233267426490784, 0.09420652687549591, 0.028159992769360542
906, 26, 0.4440529942512512, 0.4102199077606201, 0.09016053378582001, 0.06940997391939163
906, 27, 0.48054414987564087, 0.4136245846748352, 0.24447038769721985, 0.046656008809804916
906, 28, 0.46331244707107544, 0.4006415903568268, 0.23823130130767822, 0.035956766456365585
906, 29, 0.48172491788864136, 0.4090459942817688, 0.26144272089004517, 0.03387974202632904
906, 30, 0.46701496839523315, 0.397638738155365, 0.25514453649520874, 0.02503710612654686
906, 31, 0.48022302985191345, 0.42541515827178955, 0.2675195336341858, 0.045521415770053864
906, 32, 0.4651888906955719, 0.40591830015182495, 0.26063022017478943, 0.02934481017291546
907, 0, 0.4525492191314697, 0.4184415936470032, -0.20983901619911194, 0.8607801198959351
907, 1, 0.45809412002563477, 0.4143216907978058, -0.21440954506397247, 0.8919014930725098
907, 2, 0.4601054787635803, 0.41517239809036255, -0.21441712975502014, 0.8927949070930481
907, 3, 0.46210694313049316, 0.41598111391067505, -0.21447324752807617, 0.8742284774780273
907, 4, 0.4520765244960785, 0.411208838224411, -0.21421508491039276, 0.8892441987991333
907, 5, 0.4500311315059662, 0.41008710861206055, -0.2142675369977951, 0.8905724287033081
907, 6, 0.4479900896549225, 0.4089786112308502, -0.21434256434440613, 0.9025955200195312
907, 7, 0.4661616384983063, 0.41211894154548645, -0.19265994429588318, 0.8025966882705688
907, 8, 0.4445663392543793, 0.40079259872436523, -0.19173568487167358, 0.8452274799346924
907, 9, 0.4543563723564148, 0.4190106987953186, -0.19709761440753937, 0.8239869475364685
907, 10, 0.44802290201187134, 0.4154861569404602, -0.19695626199245453, 0.8446807265281677
907, 11, 0.4732540249824524, 0.41326430439949036, -0.14151833951473236, 0.9229821562767029
907, 12, 0.422879159450531, 0.39226609468460083, -0.1402633786201477, 0.968725323677063
907, 13, 0.4892885088920593, 0.4329945147037506, -0.10860981792211533, 0.259354829788208
907, 14, 0.40454745292663574, 0.4324239492416382, -0.12042722851037979, 0.8717267513275146
907, 15, 0.4888761639595032, 0.44786691665649414, -0.11022669076919556, 0.4318564236164093
907, 16, 0.39500969648361206, 0.473084419965744, -0.13763374090194702, 0.9355185031890869
907, 17, 0.493446409702301, 0.4518577456474304, -0.12155220657587051, 0.4142676591873169
907, 18, 0.3894428312778473, 0.48171165585517883, -0.15495237708091736, 0.9133113026618958
907, 19, 0.48697933554649353, 0.4468143582344055, -0.12875516712665558, 0.4447210729122162
907, 20, 0.39638492465019226, 0.48120245337486267, -0.15620087087154388, 0.9221880435943604
907, 21, 0.4837002158164978, 0.44413846731185913, -0.11322392523288727, 0.3501843810081482
907, 22, 0.40029963850975037, 0.47804397344589233, -0.1390829086303711, 0.8741901516914368
907, 23, 0.4647582173347473, 0.3665880858898163, -0.008241826668381691, 0.9853935241699219
907, 24, 0.4453084468841553, 0.35565710067749023, 0.00810230802744627, 0.9894574284553528
907, 25, 0.45797353982925415, 0.41681280732154846, 0.09243644028902054, 0.04504108801484108
907, 26, 0.4380832314491272, 0.40774938464164734, 0.10223479568958282, 0.04222935065627098
907, 27, 0.4670056700706482, 0.40412217378616333, 0.24104146659374237, 0.05052395910024643
907, 28, 0.4487757086753845, 0.39689308404922485, 0.24968674778938293, 0.030406488105654716
907, 29, 0.46776026487350464, 0.40024101734161377, 0.25756675004959106, 0.04383639991283417
907, 30, 0.4507301449775696, 0.39522290229797363, 0.2658691108226776, 0.02184269204735756
907, 31, 0.4684290885925293, 0.41280263662338257, 0.26240530610084534, 0.046739254146814346
907, 32, 0.45009535551071167, 0.40070343017578125, 0.2684785723686218, 0.022885484620928764
908, 0, 0.4416399598121643, 0.424370139837265, -0.2087995558977127, 0.9997279047966003
908, 1, 0.442612886428833, 0.42732682824134827, -0.21076269447803497, 0.9996718168258667
908, 2, 0.4423065781593323, 0.4284760057926178, -0.21076825261116028, 0.9995643496513367
908, 3, 0.4420313239097595, 0.42954686284065247, -0.21079859137535095, 0.9996159076690674
908, 4, 0.4434007704257965, 0.42388296127319336, -0.2121734321117401, 0.9998823404312134
908, 5, 0.4437866806983948, 0.42234644293785095, -0.2122575342655182, 0.9998693466186523
908, 6, 0.44413408637046814, 0.42078718543052673, -0.21231694519519806, 0.9998708963394165
908, 7, 0.44125622510910034, 0.42659395933151245, -0.18351556360721588, 0.999357283115387
908, 8, 0.44357267022132874, 0.41435059905052185, -0.19018597900867462, 0.9999356269836426
908, 9, 0.43953776359558105, 0.42256516218185425, -0.19462455809116364, 0.9998838901519775
908, 10, 0.44054508209228516, 0.4177711606025696, -0.19663822650909424, 0.9999414682388306
908, 11, 0.4372907280921936, 0.42024800181388855, -0.1317933201789856, 0.9996205568313599
908, 12, 0.4360818862915039, 0.4014323055744171, -0.14060679078102112, 0.9999517202377319
908, 13, 0.4096311628818512, 0.43748822808265686, -0.12962302565574646, 0.7503802180290222
908, 14, 0.4284846782684326, 0.42535921931266785, -0.11670489609241486, 0.9135568737983704
908, 15, 0.3823627829551697, 0.46786195039749146, -0.15818250179290771, 0.890386700630188
908, 16, 0.4379320740699768, 0.4550939202308655, -0.13249583542346954, 0.9401060938835144
908, 17, 0.3837030529975891, 0.470910906791687, -0.1733492612838745, 0.8590753674507141
908, 18, 0.44042840600013733, 0.4619714021682739, -0.1462721973657608, 0.9200072884559631
908, 19, 0.38438040018081665, 0.4684416949748993, -0.18244223296642303, 0.8637869954109192
908, 20, 0.4414595663547516, 0.4596124291419983, -0.1529596894979477, 0.9220489859580994
908, 21, 0.38641607761383057, 0.4631339907646179, -0.16381116211414337, 0.8469946384429932
908, 22, 0.4404299259185791, 0.4553714692592621, -0.13623195886611938, 0.919884979724884
908, 23, 0.4613891541957855, 0.3723628520965576, -0.0030021772254258394, 0.9998966455459595
908, 24, 0.45747917890548706, 0.3636438250541687, 0.0031465429347008467, 0.9999833106994629
908, 25, 0.46369677782058716, 0.45127034187316895, 0.030964726582169533, 0.6672990322113037
908, 26, 0.44833168387413025, 0.4388367831707001, -0.02884731814265251, 0.6515433192253113
908, 27, 0.49125808477401733, 0.4768865704536438, 0.12148363888263702, 0.5284479260444641
908, 28, 0.4835159182548523, 0.45661959052085876, 0.01997147686779499, 0.3671620190143585
908, 29, 0.4957553446292877, 0.47918811440467834, 0.13079819083213806, 0.41188645362854004
908, 30, 0.48906809091567993, 0.4550630748271942, 0.024708224460482597, 0.3886193633079529
908, 31, 0.4964578151702881, 0.49770548939704895, 0.10993918031454086, 0.5885611772537231
908, 32, 0.4889286160469055, 0.4757213890552521, 0.0016367133939638734, 0.5217306613922119
909, 0, 0.44536739587783813, 0.42450621724128723, -0.22042818367481232, 0.994600772857666
909, 1, 0.44560128450393677, 0.42433589696884155, -0.23095612227916718, 0.9955605268478394
909, 2, 0.4461001753807068, 0.42455703020095825, -0.23093286156654358, 0.995349109172821
909, 3, 0.44661927223205566, 0.42476966977119446, -0.230934739112854, 0.9933479428291321
909, 4, 0.4432712495326996, 0.4225024878978729, -0.2293280065059662, 0.9973070621490479
909, 5, 0.4423280358314514, 0.4216810464859009, -0.22940392792224884, 0.9976364374160767
909, 6, 0.4413917064666748, 0.4208395779132843, -0.2294965535402298, 0.9976428151130676
909, 7, 0.4460850656032562, 0.42171287536621094, -0.22945408523082733, 0.9944972395896912
909, 8, 0.4381326735019684, 0.4151986539363861, -0.22277586162090302, 0.9993047714233398
909, 9, 0.4455609917640686, 0.42269688844680786, -0.21361231803894043, 0.9955499172210693
909, 10, 0.443310409784317, 0.42051878571510315, -0.2117408812046051, 0.9976206421852112
909, 11, 0.44863590598106384, 0.4203249216079712, -0.1727408766746521, 0.9985232949256897
909, 12, 0.4312576353549957, 0.4038749635219574, -0.1819087564945221, 0.9999278783798218
909, 13, 0.465259850025177, 0.4288463294506073, -0.11653746664524078, 0.6851391196250916
909, 14, 0.44421643018722534, 0.40907278656959534, -0.1331281214952469, 0.7974031567573547
909, 15, 0.46457570791244507, 0.436117559671402, -0.0926065742969513, 0.6643914580345154
909, 16, 0.4603590965270996, 0.41938096284866333, -0.12501372396945953, 0.8647701144218445
909, 17, 0.4664842486381531, 0.4387078881263733, -0.10324089229106903, 0.549371600151062
909, 18, 0.46415814757347107, 0.421823114156723, -0.13925929367542267, 0.7844467759132385
909, 19, 0.46193963289260864, 0.43615755438804626, -0.1118486151099205, 0.5407063364982605
909, 20, 0.46489277482032776, 0.4214785397052765, -0.14812031388282776, 0.7951089143753052
909, 21, 0.4609221816062927, 0.43412864208221436, -0.09611865878105164, 0.4541926681995392
909, 22, 0.4641355574131012, 0.42020076513290405, -0.12877090275287628, 0.7587635517120361
909, 23, 0.4590314030647278, 0.3883468508720398, 0.00046452245442196727, 0.9998370409011841
909, 24, 0.4528990685939789, 0.3831758201122284, -0.00046720876707695425, 0.9998737573623657
909, 25, 0.45909538865089417, 0.4205513298511505, 0.12467725574970245, 0.09652861952781677
909, 26, 0.4391261041164398, 0.4017661511898041, 0.12000524997711182, 0.07258635759353638
909, 27, 0.46819859743118286, 0.4059557318687439, 0.29288530349731445, 0.10842937231063843
909, 28, 0.45768991112709045, 0.3937552571296692, 0.2948572039604187, 0.0389479324221611
909, 29, 0.46907854080200195, 0.4004969596862793, 0.31142717599868774, 0.12486891448497772
909, 30, 0.46018528938293457, 0.39100056886672974, 0.31319478154182434, 0.043423477560281754
909, 31, 0.47146087884902954, 0.4112304747104645, 0.3117084801197052, 0.10107330232858658
909, 32, 0.462409645318985, 0.39301589131355286, 0.3110710680484772, 0.030222412198781967
910, 0, 0.44103312492370605, 0.4213723838329315, -0.2624890208244324, 0.9984083771705627
910, 1, 0.4405420422554016, 0.4207908511161804, -0.2740589380264282, 0.9994507431983948
910, 2, 0.4407883584499359, 0.4208241403102875, -0.27404993772506714, 0.9993084669113159
910, 3, 0.44106703996658325, 0.42083486914634705, -0.27406755089759827, 0.9991382360458374
910, 4, 0.43909263610839844, 0.42003893852233887, -0.2714173197746277, 0.9994379878044128
910, 5, 0.4384447932243347, 0.41972076892852783, -0.2714938521385193, 0.9992552399635315
910, 6, 0.4378066956996918, 0.4194045662879944, -0.27153390645980835, 0.9992234706878662
910, 7, 0.4405418038368225, 0.4195728003978729, -0.2688852548599243, 0.9990598559379578
910, 8, 0.43558406829833984, 0.41628414392471313, -0.25735601782798767, 0.9997319579124451
910, 9, 0.44186943769454956, 0.42092165350914, -0.2531796097755432, 0.9992490410804749
910, 10, 0.44048961997032166, 0.42007413506507874, -0.24997636675834656, 0.9994575381278992
910, 11, 0.4465753436088562, 0.41820845007896423, -0.21190162003040314, 0.9997288584709167
910, 12, 0.43385595083236694, 0.4115516245365143, -0.1936129629611969, 0.9997159838676453
910, 13, 0.4735599160194397, 0.4181075692176819, -0.14527519047260284, 0.8764670491218567
910, 14, 0.45897024869918823, 0.41949430108070374, -0.12137125432491302, 0.5424695611000061
910, 15, 0.47407644987106323, 0.4371969997882843, -0.11056407541036606, 0.8615862727165222
910, 16, 0.4706335663795471, 0.4347746670246124, -0.09391487389802933, 0.512798547744751
910, 17, 0.475933700799942, 0.4439530372619629, -0.12486518919467926, 0.8510236144065857
910, 18, 0.47207674384117126, 0.437308132648468, -0.10546962916851044, 0.5076388120651245
910, 19, 0.4718402028083801, 0.443037211894989, -0.13038699328899384, 0.825634777545929
910, 20, 0.4728568196296692, 0.4385521709918976, -0.11679881811141968, 0.5090465545654297
910, 21, 0.47084468603134155, 0.44005802273750305, -0.1124199852347374, 0.7662293314933777
910, 22, 0.4727988839149475, 0.43784141540527344, -0.09792488068342209, 0.5210792422294617
910, 23, 0.46394410729408264, 0.39418238401412964, -0.00844211969524622, 0.999981164932251
910, 24, 0.4576001763343811, 0.3940158486366272, 0.008519855327904224, 0.9999576807022095
910, 25, 0.47334417700767517, 0.42704975605010986, 0.1371530294418335, 0.26997092366218567
910, 26, 0.4599126875400543, 0.41108933091163635, 0.15828856825828552, 0.08848723769187927
910, 27, 0.4822898805141449, 0.44770348072052, 0.32291606068611145, 0.5766090154647827
910, 28, 0.4723972678184509, 0.4217873811721802, 0.34005630016326904, 0.11762916296720505
910, 29, 0.4850149154663086, 0.4488183856010437, 0.34311234951019287, 0.5344128012657166
910, 30, 0.473888099193573, 0.42015349864959717, 0.35986360907554626, 0.07497060298919678
910, 31, 0.480959951877594, 0.4620339572429657, 0.33775216341018677, 0.33243200182914734
910, 32, 0.4753435254096985, 0.43257570266723633, 0.35480478405952454, 0.05260642617940903
911, 0, 0.44783633947372437, 0.4467921257019043, -0.17167338728904724, 0.9980680346488953
911, 1, 0.44946998357772827, 0.4394766390323639, -0.18135130405426025, 0.9990574717521667
911, 2, 0.4515942931175232, 0.4386381506919861, -0.1813810169696808, 0.9992368221282959
911, 3, 0.45368248224258423, 0.4377651512622833, -0.18142922222614288, 0.9986822009086609
911, 4, 0.4430371820926666, 0.4402927756309509, -0.18067891895771027, 0.9993709921836853
911, 5, 0.44073575735092163, 0.4399745464324951, -0.1807188093662262, 0.9995326995849609
911, 6, 0.4384062886238098, 0.4395741820335388, -0.180768221616745, 0.9993594288825989
911, 7, 0.4575180411338806, 0.42789697647094727, -0.1805635690689087, 0.9987145662307739
911, 8, 0.4344879686832428, 0.4302673041820526, -0.17713475227355957, 0.9996238946914673
911, 9, 0.4518105387687683, 0.44287773966789246, -0.16573283076286316, 0.9981145858764648
911, 10, 0.44463658332824707, 0.4445618987083435, -0.16492904722690582, 0.9988079071044922
911, 11, 0.4750564694404602, 0.4156947135925293, -0.13844344019889832, 0.9991167187690735
911, 12, 0.4252151548862457, 0.4112307131290436, -0.13603489100933075, 0.9987364411354065
911, 13, 0.4926663041114807, 0.41770169138908386, -0.0733553096652031, 0.9729535579681396
911, 14, 0.4086812436580658, 0.41765260696411133, -0.07717135548591614, 0.9679071307182312
911, 15, 0.48341983556747437, 0.4537746012210846, -0.04741216078400612, 0.8739638924598694
911, 16, 0.41179710626602173, 0.4486953616142273, -0.06159134954214096, 0.9773369431495667
911, 17, 0.4854612946510315, 0.463089257478714, -0.05585827678442001, 0.8827414512634277
911, 18, 0.4091443419456482, 0.45528796315193176, -0.06982780247926712, 0.9492563605308533
911, 19, 0.4793698191642761, 0.46184128522872925, -0.06328724324703217, 0.8758982419967651
911, 20, 0.41457659006118774, 0.45758992433547974, -0.07594265043735504, 0.9407974481582642
911, 21, 0.4770141541957855, 0.45866143703460693, -0.04939426854252815, 0.7500213980674744
911, 22, 0.41752833127975464, 0.45525062084198, -0.06326372921466827, 0.9212749004364014
911, 23, 0.4560890793800354, 0.38300925493240356, 0.00035526580177247524, 0.9997703433036804
911, 24, 0.43544358015060425, 0.3802024722099304, -0.00027634273283183575, 0.9997503161430359
911, 25, 0.4559035301208496, 0.40849995613098145, 0.09429432451725006, 0.04329121485352516
911, 26, 0.43591243028640747, 0.4142361879348755, 0.1034308522939682, 0.013936812058091164
911, 27, 0.4562816023826599, 0.39755579829216003, 0.2396506816148758, 0.17176885902881622
911, 28, 0.4386092722415924, 0.4087347388267517, 0.24157360196113586, 0.0968000516295433
911, 29, 0.45614558458328247, 0.3935551047325134, 0.25634950399398804, 0.3141336739063263
911, 30, 0.4383159577846527, 0.4053468406200409, 0.25691914558410645, 0.23589812219142914
911, 31, 0.4571987986564636, 0.4099541902542114, 0.26169490814208984, 0.003915513399988413
911, 32, 0.44154852628707886, 0.42140841484069824, 0.26075509190559387, 0.004787706770002842
912, 0, 0.46446579694747925, 0.39744240045547485, -0.26147159934043884, 0.9984549283981323
912, 1, 0.46838703751564026, 0.394967257976532, -0.2642677426338196, 0.995718777179718
912, 2, 0.4697093963623047, 0.39542752504348755, -0.26428982615470886, 0.9936152696609497
912, 3, 0.47102731466293335, 0.3959276080131531, -0.26432719826698303, 0.9935731291770935
912, 4, 0.4645922780036926, 0.39229723811149597, -0.2658314108848572, 0.9974000453948975
912, 5, 0.4635738730430603, 0.3910916745662689, -0.26586800813674927, 0.9960611462593079
912, 6, 0.4625639319419861, 0.38993391394615173, -0.26592910289764404, 0.9963524341583252
912, 7, 0.4742518365383148, 0.3918643891811371, -0.23643429577350616, 0.9893504977226257
912, 8, 0.4616052508354187, 0.3825293779373169, -0.2427341490983963, 0.9956398010253906
912, 9, 0.4653189778327942, 0.3984074890613556, -0.2463691532611847, 0.9979602098464966
912, 10, 0.4619367718696594, 0.3957124352455139, -0.24833627045154572, 0.9987516403198242
912, 11, 0.48031848669052124, 0.3920058012008667, -0.18169689178466797, 0.9985408782958984
912, 12, 0.4446260333061218, 0.37816235423088074, -0.1974809765815735, 0.9991264939308167
912, 13, 0.47890526056289673, 0.43194150924682617, -0.15063521265983582, 0.655690610408783
912, 14, 0.422404944896698, 0.42274895310401917, -0.19115014374256134, 0.9704744219779968
912, 15, 0.4716750979423523, 0.4710671603679657, -0.14991331100463867, 0.6264020204544067
912, 16, 0.4103609025478363, 0.4699426293373108, -0.20106491446495056, 0.9862960577011108
912, 17, 0.47367677092552185, 0.47982534766197205, -0.16186568140983582, 0.6026261448860168
912, 18, 0.4045601487159729, 0.47605493664741516, -0.21963587403297424, 0.9638763070106506
912, 19, 0.46988850831985474, 0.4777504503726959, -0.17159682512283325, 0.6483730673789978
912, 20, 0.4102141857147217, 0.4799456000328064, -0.2268684357404709, 0.9652637243270874
912, 21, 0.4682008624076843, 0.47504034638404846, -0.15389926731586456, 0.5964478850364685
912, 22, 0.4134278893470764, 0.4782959818840027, -0.20495283603668213, 0.9560931324958801
912, 23, 0.45992907881736755, 0.41423147916793823, 0.004503767937421799, 0.9990130662918091
912, 24, 0.440570592880249, 0.40664368867874146, -0.004494037013500929, 0.9987331032752991
912, 25, 0.47098636627197266, 0.42375290393829346, 0.10010550171136856, 0.5078995823860168
912, 26, 0.44561463594436646, 0.4165935516357422, 0.09024345129728317, 0.23482120037078857
912, 27, 0.4682075083255768, 0.4209851920604706, 0.24872085452079773, 0.17460152506828308
912, 28, 0.44934311509132385, 0.4128251373767853, 0.24194183945655823, 0.06932380050420761
912, 29, 0.4664209485054016, 0.41968584060668945, 0.2642207741737366, 0.14169006049633026
912, 30, 0.4498209059238434, 0.4135628044605255, 0.2579626441001892, 0.03804827481508255
912, 31, 0.4695005416870117, 0.4311935305595398, 0.25410667061805725, 0.2656198740005493
912, 32, 0.44792860746383667, 0.4160422086715698, 0.24883918464183807, 0.14574286341667175
913, 0, 0.4737449288368225, 0.4028540849685669, -0.22685328125953674, 0.9994033575057983
913, 1, 0.47391563653945923, 0.4010816216468811, -0.23474761843681335, 0.9995785355567932
913, 2, 0.47297531366348267, 0.4001588523387909, -0.23477938771247864, 0.9995763897895813
913, 3, 0.4720509648323059, 0.3992421329021454, -0.23483368754386902, 0.9993396401405334
913, 4, 0.4760625958442688, 0.4032345116138458, -0.23853018879890442, 0.999639630317688
913, 5, 0.4768107533454895, 0.4040040373802185, -0.23858460783958435, 0.9996522665023804
913, 6, 0.4775657057762146, 0.40480756759643555, -0.2386564314365387, 0.9994539618492126
913, 7, 0.4678822159767151, 0.39456769824028015, -0.229450985789299, 0.9996194839477539
913, 8, 0.4755712151527405, 0.4028039574623108, -0.24772167205810547, 0.9997771382331848
913, 9, 0.46874481439590454, 0.39974260330200195, -0.21910957992076874, 0.9997661709785461
913, 10, 0.472090482711792, 0.40262091159820557, -0.22447720170021057, 0.9997941851615906
913, 11, 0.4520907998085022, 0.38568735122680664, -0.1851877123117447, 0.9999127388000488
913, 12, 0.46466177701950073, 0.4079333543777466, -0.20610806345939636, 0.9994726777076721
913, 13, 0.43648678064346313, 0.44492006301879883, -0.15794117748737335, 0.9284296631813049
913, 14, 0.45601820945739746, 0.46731528639793396, -0.17277196049690247, 0.9412397146224976
913, 15, 0.42971986532211304, 0.5047882795333862, -0.1701718270778656, 0.9731769561767578
913, 16, 0.4522271156311035, 0.4838303327560425, -0.15984797477722168, 0.9801534414291382
913, 17, 0.4305644631385803, 0.5181133151054382, -0.1923939287662506, 0.904476523399353
913, 18, 0.4523242115974426, 0.48826074600219727, -0.17785175144672394, 0.941592276096344
913, 19, 0.4296780526638031, 0.5159685015678406, -0.2019621878862381, 0.9173339605331421
913, 20, 0.4539366662502289, 0.48209384083747864, -0.1877618283033371, 0.9515937566757202
913, 21, 0.42925435304641724, 0.5117037296295166, -0.17595893144607544, 0.8972460627555847
913, 22, 0.45297083258628845, 0.4793584942817688, -0.16441132128238678, 0.9281387329101562
913, 23, 0.4428485035896301, 0.42456161975860596, 0.0058740549720823765, 0.9998031258583069
913, 24, 0.44594258069992065, 0.4349212348461151, -0.005806606728583574, 0.999657392501831
913, 25, 0.4577297568321228, 0.4152354896068573, 0.1476922482252121, 0.12335091084241867
913, 26, 0.4643360674381256, 0.41989248991012573, 0.13451875746250153, 0.09613098204135895
913, 27, 0.45463210344314575, 0.4250897169113159, 0.330351322889328, 0.361442506313324
913, 28, 0.4653446674346924, 0.43198156356811523, 0.3172328770160675, 0.11826107650995255
913, 29, 0.45217522978782654, 0.4270361065864563, 0.3491678833961487, 0.3388862609863281
913, 30, 0.46547192335128784, 0.43492937088012695, 0.33621349930763245, 0.06828296929597855
913, 31, 0.4588117003440857, 0.42656224966049194, 0.3336999714374542, 0.3773486912250519
913, 32, 0.46730202436447144, 0.4368613064289093, 0.32036688923835754, 0.15567094087600708
914, 0, 0.4755929112434387, 0.394647479057312, -0.15270891785621643, 0.9993348717689514
914, 1, 0.47866716980934143, 0.39505141973495483, -0.1508389562368393, 0.999523401260376
914, 2, 0.47898417711257935, 0.39597347378730774, -0.15085437893867493, 0.9995136260986328
914, 3, 0.47928643226623535, 0.39686888456344604, -0.15091240406036377, 0.999483585357666
914, 4, 0.4777827858924866, 0.39161333441734314, -0.15509644150733948, 0.9993322491645813
914, 5, 0.4774923324584961, 0.39019647240638733, -0.1551426500082016, 0.9993150234222412
914, 6, 0.4772071838378906, 0.3888254761695862, -0.15516702830791473, 0.9992163181304932
914, 7, 0.4787887632846832, 0.395399272441864, -0.12219251692295074, 0.9995778203010559
914, 8, 0.47588080167770386, 0.3839687407016754, -0.1411619931459427, 0.9992460012435913
914, 9, 0.4735240340232849, 0.39575454592704773, -0.1398918330669403, 0.9998224377632141
914, 10, 0.4725847840309143, 0.3917185962200165, -0.14547157287597656, 0.9997628331184387
914, 11, 0.46976619958877563, 0.39508557319641113, -0.07716470211744308, 0.9999489784240723
914, 12, 0.46272459626197815, 0.38137075304985046, -0.11978527158498764, 0.9996905326843262
914, 13, 0.45649534463882446, 0.4325013756752014, -0.05025940388441086, 0.7238926887512207
914, 14, 0.45078086853027344, 0.39805930852890015, -0.10411699116230011, 0.8405551910400391
914, 15, 0.4560852646827698, 0.4352550804615021, -0.05075296759605408, 0.5709534287452698
914, 16, 0.4578825533390045, 0.42253944277763367, -0.08785463869571686, 0.7758810520172119
914, 17, 0.4553564190864563, 0.4344213306903839, -0.054019272327423096, 0.4940914809703827
914, 18, 0.4589917063713074, 0.4300478994846344, -0.09650031477212906, 0.7001279592514038
914, 19, 0.45668524503707886, 0.4324032962322235, -0.061374712735414505, 0.4535888731479645
914, 20, 0.46151962876319885, 0.4287678897380829, -0.0992508977651596, 0.6770197749137878
914, 21, 0.4567038416862488, 0.43229353427886963, -0.05320919677615166, 0.3900678753852844
914, 22, 0.46115827560424805, 0.4262242615222931, -0.08848082274198532, 0.6090770363807678
914, 23, 0.4398283064365387, 0.4016704559326172, 0.01400836743414402, 0.9996863603591919
914, 24, 0.43272390961647034, 0.3994342088699341, -0.013896110467612743, 0.9992623925209045
914, 25, 0.46153751015663147, 0.4331860840320587, 0.020571423694491386, 0.5692960619926453
914, 26, 0.44786912202835083, 0.4329342246055603, -0.01501156110316515, 0.4907321035861969
914, 27, 0.4688699245452881, 0.4338635206222534, 0.09224732220172882, 0.19925343990325928
914, 28, 0.46648311614990234, 0.4429609179496765, 0.07131127268075943, 0.08482098579406738
914, 29, 0.4673869013786316, 0.43155157566070557, 0.09941405057907104, 0.2033260315656662
914, 30, 0.46707504987716675, 0.4449334144592285, 0.08062560111284256, 0.07800150662660599
914, 31, 0.47736018896102905, 0.4385994076728821, 0.08630738407373428, 0.21121278405189514
914, 32, 0.4768291413784027, 0.44727733731269836, 0.07058355957269669, 0.12957647442817688
915, 0, 0.47005361318588257, 0.39927753806114197, -0.2206907570362091, 0.9983501434326172
915, 1, 0.4728308618068695, 0.4001632630825043, -0.22142648696899414, 0.9993797540664673
915, 2, 0.4733077883720398, 0.4013168215751648, -0.2214440107345581, 0.9993222951889038
915, 3, 0.4737633764743805, 0.4024503827095032, -0.22151951491832733, 0.9992700219154358
915, 4, 0.4716203808784485, 0.3960655927658081, -0.22312624752521515, 0.9991940855979919
915, 5, 0.47125834226608276, 0.3945522606372833, -0.22317533195018768, 0.9990459084510803
915, 6, 0.4708961844444275, 0.39308035373687744, -0.22318057715892792, 0.9989357590675354
915, 7, 0.47411197423934937, 0.40220820903778076, -0.19114379584789276, 0.9993749260902405
915, 8, 0.4700559079647064, 0.38840773701667786, -0.1987610012292862, 0.9990662932395935
915, 9, 0.46884793043136597, 0.40072712302207947, -0.20607073605060577, 0.9991466999053955
915, 10, 0.46758347749710083, 0.3963748812675476, -0.20841479301452637, 0.9987983703613281
915, 11, 0.4702090620994568, 0.40022188425064087, -0.13895286619663239, 0.999745786190033
915, 12, 0.45976918935775757, 0.3838946521282196, -0.15046022832393646, 0.996675968170166
915, 13, 0.46596676111221313, 0.43851378560066223, -0.09996425360441208, 0.6443434357643127
915, 14, 0.4509090483188629, 0.39654460549354553, -0.10542259365320206, 0.5496641993522644
915, 15, 0.47070246934890747, 0.4375527799129486, -0.08281463384628296, 0.4577089548110962
915, 16, 0.46472078561782837, 0.4040680229663849, -0.06400730460882187, 0.4136645793914795
915, 17, 0.4723657965660095, 0.4359167814254761, -0.08639981597661972, 0.32899296283721924
915, 18, 0.4689188003540039, 0.4072078764438629, -0.06699804216623306, 0.3338184654712677
915, 19, 0.47189226746559143, 0.43355703353881836, -0.09274749457836151, 0.3031923770904541
915, 20, 0.46945253014564514, 0.4043118357658386, -0.07117006927728653, 0.3094211518764496
915, 21, 0.47080928087234497, 0.4331817626953125, -0.08447408676147461, 0.2387036830186844
915, 22, 0.46825161576271057, 0.4039880633354187, -0.06416666507720947, 0.28710994124412537
915, 23, 0.4423447549343109, 0.4064279794692993, 0.003281769808381796, 0.9984337687492371
915, 24, 0.43426623940467834, 0.4020474851131439, -0.003101876238361001, 0.9973694086074829
915, 25, 0.4630933403968811, 0.42965033650398254, 0.05678318068385124, 0.32552146911621094
915, 26, 0.444815456867218, 0.4288187325000763, 0.04800107702612877, 0.23628778755664825
915, 27, 0.4699634611606598, 0.4362083375453949, 0.1677781045436859, 0.06824813783168793
915, 28, 0.4660675525665283, 0.4421941041946411, 0.16561973094940186, 0.022203564643859863
915, 29, 0.46921592950820923, 0.43445640802383423, 0.1790257692337036, 0.059664037078619
915, 30, 0.46816402673721313, 0.4447872042655945, 0.17816011607646942, 0.019715791568160057
915, 31, 0.47411665320396423, 0.44318753480911255, 0.16400779783725739, 0.11855719238519669
915, 32, 0.4724964201450348, 0.4478675425052643, 0.16746342182159424, 0.04724936932325363
916, 0, 0.4535558223724365, 0.41194039583206177, -0.25803208351135254, 0.9998227953910828
916, 1, 0.45228442549705505, 0.4104669690132141, -0.2632884979248047, 0.9999651908874512
916, 2, 0.45247000455856323, 0.4109838604927063, -0.2632787227630615, 0.9999529123306274
916, 3, 0.4526212811470032, 0.4115476906299591, -0.26336193084716797, 0.99994957447052
916, 4, 0.451664537191391, 0.4089008867740631, -0.2649298906326294, 0.9999266862869263
916, 5, 0.45129305124282837, 0.40856659412384033, -0.2649528682231903, 0.9998912811279297
916, 6, 0.45089083909988403, 0.40826112031936646, -0.26494190096855164, 0.999890923500061
916, 7, 0.45374879240989685, 0.41471630334854126, -0.24073031544685364, 0.999976396560669
916, 8, 0.45128077268600464, 0.40842166543006897, -0.2477518618106842, 0.9999841451644897
916, 9, 0.45511069893836975, 0.41451865434646606, -0.24388842284679413, 0.9999408721923828
916, 10, 0.45387738943099976, 0.41405096650123596, -0.24653014540672302, 0.9999605417251587
916, 11, 0.4640568196773529, 0.42795050144195557, -0.17105861008167267, 0.9999297857284546
916, 12, 0.4555933475494385, 0.40566009283065796, -0.1858557015657425, 0.9997883439064026
916, 13, 0.48475703597068787, 0.4459117352962494, -0.09593460708856583, 0.33014363050460815
916, 14, 0.4760221838951111, 0.3933197557926178, -0.12038709223270416, 0.5934335589408875
916, 15, 0.4961002469062805, 0.4504128694534302, -0.02338891476392746, 0.2664707899093628
916, 16, 0.4848368763923645, 0.4030208885669708, -0.06672653555870056, 0.25509923696517944
916, 17, 0.4979570806026459, 0.45198047161102295, -0.01778549887239933, 0.21302229166030884
916, 18, 0.48587650060653687, 0.4054699242115021, -0.06515990942716599, 0.18211127817630768
916, 19, 0.49671998620033264, 0.449173241853714, -0.022766195237636566, 0.2190316617488861
916, 20, 0.48530682921409607, 0.40891706943511963, -0.06943957507610321, 0.169351264834404
916, 21, 0.4962477684020996, 0.44809243083000183, -0.023204375058412552, 0.20448178052902222
916, 22, 0.485554039478302, 0.40973523259162903, -0.0662652924656868, 0.2005852609872818
916, 23, 0.4499252438545227, 0.4116591513156891, 0.004040570463985205, 0.9999927282333374
916, 24, 0.4470754563808441, 0.4025668799877167, -0.003807373810559511, 0.9999638795852661
916, 25, 0.46090513467788696, 0.42378556728363037, 0.03155955672264099, 0.5612297058105469
916, 26, 0.4531788229942322, 0.4366404116153717, 0.007293400354683399, 0.30256780982017517
916, 27, 0.4537743628025055, 0.44570082426071167, 0.11670882999897003, 0.07508404552936554
916, 28, 0.457906574010849, 0.4738115668296814, 0.07495393604040146, 0.06105058267712593
916, 29, 0.4538045823574066, 0.4475387930870056, 0.12607477605342865, 0.08902575075626373
916, 30, 0.4564390182495117, 0.478924423456192, 0.0828467309474945, 0.05867454782128334
916, 31, 0.4516095519065857, 0.45799964666366577, 0.11321141570806503, 0.12770530581474304
916, 32, 0.46504440903663635, 0.4911962151527405, 0.06440464407205582, 0.14919686317443848
917, 0, 0.4793563783168793, 0.4221898913383484, -0.3305281698703766, 0.9999171495437622
917, 1, 0.4757983088493347, 0.41394397616386414, -0.33802103996276855, 0.999941349029541
917, 2, 0.47601985931396484, 0.4098481833934784, -0.33798861503601074, 0.9999439716339111
917, 3, 0.47628793120384216, 0.4057473838329315, -0.33804044127464294, 0.9999117851257324
917, 4, 0.4730979800224304, 0.42605310678482056, -0.33736830949783325, 0.999956488609314
917, 5, 0.4717015326023102, 0.4294813871383667, -0.33745887875556946, 0.999962568283081
917, 6, 0.4703248143196106, 0.43283817172050476, -0.3375225067138672, 0.9999500513076782
917, 7, 0.4698413014411926, 0.39359816908836365, -0.3083188831806183, 0.9999885559082031
917, 8, 0.4609716534614563, 0.43520596623420715, -0.3069562315940857, 0.9999947547912598
917, 9, 0.4787537455558777, 0.4148826599121094, -0.3125382661819458, 0.9999792575836182
917, 10, 0.4764888286590576, 0.4261450171470642, -0.3122521936893463, 0.999984860420227
917, 11, 0.4754236340522766, 0.35993438959121704, -0.2353552281856537, 0.9999908208847046
917, 12, 0.4483930468559265, 0.4540646970272064, -0.2144617736339569, 0.9999898672103882
917, 13, 0.5059782862663269, 0.37533822655677795, -0.16239440441131592, 0.8797217011451721
917, 14, 0.46408528089523315, 0.47082120180130005, -0.11194238811731339, 0.265067458152771
917, 15, 0.5225769877433777, 0.4439765214920044, -0.11299927532672882, 0.8077751994132996
917, 16, 0.4860559403896332, 0.45958736538887024, -0.021104928106069565, 0.20178811252117157
917, 17, 0.5279425382614136, 0.4510997235774994, -0.11414959281682968, 0.6749615669250488
917, 18, 0.4972832202911377, 0.45804694294929504, -0.012466845102608204, 0.16006968915462494
917, 19, 0.5232969522476196, 0.4616140127182007, -0.11576597392559052, 0.6813995242118835
917, 20, 0.4971093237400055, 0.45075899362564087, -0.018883252516388893, 0.16981291770935059
917, 21, 0.5193232893943787, 0.4597793519496918, -0.1108035072684288, 0.6165457963943481
917, 22, 0.49452751874923706, 0.447854608297348, -0.019851813092827797, 0.1722526103258133
917, 23, 0.4827426075935364, 0.3847770392894745, -0.00341998552903533, 0.9999681711196899
917, 24, 0.46876734495162964, 0.4379725456237793, 0.0037084377836436033, 0.9999905824661255
917, 25, 0.5052820444107056, 0.4199781119823456, 0.08961664885282516, 0.3603877127170563
917, 26, 0.4875186085700989, 0.5022472739219666, 0.04993874579668045, 0.7495108842849731
917, 27, 0.4989909529685974, 0.4391520917415619, 0.2151617556810379, 0.30332711338996887
917, 28, 0.4796493947505951, 0.5766477584838867, 0.12261571735143661, 0.8257777690887451
917, 29, 0.49763059616088867, 0.4427708387374878, 0.22780367732048035, 0.23504285514354706
917, 30, 0.48059624433517456, 0.5826467871665955, 0.12985245883464813, 0.6252754330635071
917, 31, 0.5029301047325134, 0.4469913840293884, 0.20426931977272034, 0.5199499130249023
917, 32, 0.4778979420661926, 0.6038790345191956, 0.08950631320476532, 0.8711448311805725
918, 0, 0.4568778872489929, 0.44153159856796265, -0.2505052387714386, 0.9723960757255554
918, 1, 0.45947927236557007, 0.44365665316581726, -0.26543551683425903, 0.9807928204536438
918, 2, 0.46087297797203064, 0.4466031491756439, -0.26542195677757263, 0.9855656027793884
918, 3, 0.4622633457183838, 0.44953006505966187, -0.2654622495174408, 0.9706506133079529
918, 4, 0.4551270008087158, 0.43260958790779114, -0.2601633667945862, 0.9549998641014099
918, 5, 0.45356279611587524, 0.4281854033470154, -0.2602534890174866, 0.9723315834999084
918, 6, 0.45200830698013306, 0.4237949848175049, -0.2603745758533478, 0.9682390093803406
918, 7, 0.46522194147109985, 0.44612741470336914, -0.27341029047966003, 0.983564019203186
918, 8, 0.45080432295799255, 0.4071415066719055, -0.25163668394088745, 0.987625777721405
918, 9, 0.4594331681728363, 0.44330739974975586, -0.2466273307800293, 0.9805075526237488
918, 10, 0.4557560980319977, 0.43135392665863037, -0.2401408702135086, 0.9830272793769836
918, 11, 0.4877391457557678, 0.43259352445602417, -0.2189466655254364, 0.9914277791976929
918, 12, 0.43712830543518066, 0.37124693393707275, -0.21272411942481995, 0.9971925616264343
918, 13, 0.5154359936714172, 0.483001708984375, -0.1983281373977661, 0.8940896987915039
918, 14, 0.399544358253479, 0.4049319922924042, -0.16166764497756958, 0.16913267970085144
918, 15, 0.5200887322425842, 0.5323277711868286, -0.19968648254871368, 0.9004604816436768
918, 16, 0.3831731677055359, 0.4764421284198761, -0.14811326563358307, 0.5086140632629395
918, 17, 0.5296305418014526, 0.5540249943733215, -0.21974511444568634, 0.7905945181846619
918, 18, 0.38039639592170715, 0.486025333404541, -0.16368944942951202, 0.5506042838096619
918, 19, 0.5247806310653687, 0.550268828868866, -0.22673337161540985, 0.7505658864974976
918, 20, 0.38390591740608215, 0.4934791624546051, -0.17081575095653534, 0.5503566861152649
918, 21, 0.5214565992355347, 0.5419350266456604, -0.20376768708229065, 0.6907683610916138
918, 22, 0.388272762298584, 0.4890817105770111, -0.15064243972301483, 0.5005900859832764
918, 23, 0.4940711557865143, 0.4103187918663025, -0.010197676718235016, 0.9994356036186218
918, 24, 0.4762243628501892, 0.3893037438392639, 0.01006410177797079, 0.9992899894714355
918, 25, 0.49485379457473755, 0.44036370515823364, 0.1519525647163391, 0.00969094317406416
918, 26, 0.4781028628349304, 0.41687384247779846, 0.13450613617897034, 0.04037967324256897
918, 27, 0.5085462331771851, 0.450808048248291, 0.33524346351623535, 0.17954841256141663
918, 28, 0.5022483468055725, 0.45070701837539673, 0.31115618348121643, 0.09371620416641235
918, 29, 0.5132296681404114, 0.44962239265441895, 0.355800062417984, 0.19177119433879852
918, 30, 0.5076406002044678, 0.4526286721229553, 0.3306824862957001, 0.09753432869911194
918, 31, 0.503119707107544, 0.4623340666294098, 0.3564703166484833, 0.04058979079127312
918, 32, 0.5008330941200256, 0.4655485451221466, 0.32107213139533997, 0.01669863425195217
919, 0, 0.4643174707889557, 0.4507201313972473, -0.2601287364959717, 0.9855217337608337
919, 1, 0.4659879803657532, 0.4518243670463562, -0.2775188684463501, 0.9934186935424805
919, 2, 0.46728354692459106, 0.45375365018844604, -0.2775299847126007, 0.994818389415741
919, 3, 0.46857839822769165, 0.4557211697101593, -0.2775796353816986, 0.989973783493042
919, 4, 0.4614531993865967, 0.4443506896495819, -0.2709387242794037, 0.987006664276123
919, 5, 0.4596959948539734, 0.4410811960697174, -0.27102580666542053, 0.9909334182739258
919, 6, 0.4579506814479828, 0.4378598928451538, -0.27115872502326965, 0.9859182834625244
919, 7, 0.4690554141998291, 0.4504753649234772, -0.29109522700309753, 0.9959750771522522
919, 8, 0.45407429337501526, 0.4235202372074127, -0.2642917037010193, 0.995417594909668
919, 9, 0.4660670757293701, 0.4500584900379181, -0.2575530707836151, 0.9944273233413696
919, 10, 0.4620117247104645, 0.44092857837677, -0.24958185851573944, 0.9949674010276794
919, 11, 0.48449841141700745, 0.4342863857746124, -0.24705223739147186, 0.9993347525596619
919, 12, 0.44052448868751526, 0.38577884435653687, -0.2088819444179535, 0.9984650611877441
919, 13, 0.5188108682632446, 0.4737541079521179, -0.22861981391906738, 0.9909451007843018
919, 14, 0.4458679258823395, 0.3975772559642792, -0.14542236924171448, 0.06387981027364731
919, 15, 0.526348352432251, 0.5331659317016602, -0.22325780987739563, 0.9951987862586975
919, 16, 0.4494014382362366, 0.4522635042667389, -0.13800248503684998, 0.20000006258487701
919, 17, 0.5386123061180115, 0.5517720580101013, -0.2467193603515625, 0.9832366108894348
919, 18, 0.4491520822048187, 0.4621393084526062, -0.1485774666070938, 0.22141484916210175
919, 19, 0.5324304103851318, 0.5495157241821289, -0.248788520693779, 0.9778168797492981
919, 20, 0.4527839720249176, 0.4691241681575775, -0.15928784012794495, 0.2392432689666748
919, 21, 0.528188943862915, 0.5406730771064758, -0.224758580327034, 0.9563586115837097
919, 22, 0.4542086720466614, 0.46768295764923096, -0.14176127314567566, 0.22095905244350433
919, 23, 0.49009600281715393, 0.40666091442108154, -0.012241661548614502, 0.9999631643295288
919, 24, 0.46996745467185974, 0.39349165558815, 0.012161544524133205, 0.9997711777687073
919, 25, 0.5043728351593018, 0.43689465522766113, 0.15833532810211182, 0.1274677813053131
919, 26, 0.4692886471748352, 0.41439566016197205, 0.16801516711711884, 0.05635064095258713
919, 27, 0.5248050093650818, 0.456159770488739, 0.36060091853141785, 0.6597028970718384
919, 28, 0.487485408782959, 0.4443594515323639, 0.3800815939903259, 0.2011384218931198
919, 29, 0.5298065543174744, 0.45441102981567383, 0.38203179836273193, 0.5994734764099121
919, 30, 0.49278777837753296, 0.4432287812232971, 0.40240803360939026, 0.1740642637014389
919, 31, 0.5226755142211914, 0.47845321893692017, 0.37114787101745605, 0.22289085388183594
919, 32, 0.4826103746891022, 0.4645029604434967, 0.3899570107460022, 0.0416356697678566
920, 0, 0.4490230679512024, 0.41793328523635864, -0.35867178440093994, 0.9656326174736023
920, 1, 0.45242586731910706, 0.4200707674026489, -0.3668714463710785, 0.9449633359909058
920, 2, 0.453274667263031, 0.42308858036994934, -0.36690452694892883, 0.9272909760475159
920, 3, 0.45416373014450073, 0.42606621980667114, -0.3669251799583435, 0.9403486847877502
920, 4, 0.4498061239719391, 0.4098288118839264, -0.36748215556144714, 0.9677643179893494
920, 5, 0.4491077959537506, 0.4064866304397583, -0.36759448051452637, 0.9635711908340454
920, 6, 0.44837361574172974, 0.4031287729740143, -0.367734432220459, 0.9678381085395813
920, 7, 0.4576076865196228, 0.4271883964538574, -0.33679723739624023, 0.8960556983947754
920, 8, 0.4480971693992615, 0.39261594414711, -0.3411041796207428, 0.9778971672058105
920, 9, 0.4505470395088196, 0.4224787950515747, -0.34035250544548035, 0.9873954057693481
920, 10, 0.44806161522865295, 0.41138118505477905, -0.34173768758773804, 0.9924615025520325
920, 11, 0.470763623714447, 0.43800896406173706, -0.26075679063796997, 0.9992805123329163
920, 12, 0.4413173794746399, 0.36615997552871704, -0.24408391118049622, 0.9995762705802917
920, 13, 0.49735555052757263, 0.4702836871147156, -0.2321317493915558, 0.9526569247245789
920, 14, 0.4464263319969177, 0.36372795701026917, -0.1531389206647873, 0.44115787744522095
920, 15, 0.5181676149368286, 0.5171266198158264, -0.25229039788246155, 0.9502883553504944
920, 16, 0.45100411772727966, 0.4120514392852783, -0.10720355808734894, 0.5005868077278137
920, 17, 0.5258767008781433, 0.5307773351669312, -0.2787778079509735, 0.918440580368042
920, 18, 0.45034533739089966, 0.41652294993400574, -0.1166783943772316, 0.4999607801437378
920, 19, 0.5226344466209412, 0.5289167761802673, -0.2836208641529083, 0.9155177474021912
920, 20, 0.45329752564430237, 0.42398756742477417, -0.13189290463924408, 0.49056151509284973
920, 21, 0.5184273719787598, 0.5227373838424683, -0.25560319423675537, 0.8502326607704163
920, 22, 0.4544418454170227, 0.42495957016944885, -0.11172547191381454, 0.44290170073509216
920, 23, 0.4943409860134125, 0.3893906772136688, -0.0056253415532410145, 0.9994600415229797
920, 24, 0.48381972312927246, 0.36274364590644836, 0.005747763440012932, 0.9998292922973633
920, 25, 0.48212677240371704, 0.4360087811946869, 0.147256538271904, 0.06464341282844543
920, 26, 0.4754112660884857, 0.41096529364585876, 0.0968158021569252, 0.3675578534603119
920, 27, 0.4915691018104553, 0.47655487060546875, 0.3690299391746521, 0.2604812681674957
920, 28, 0.5011539459228516, 0.4680953025817871, 0.27269449830055237, 0.28341612219810486
920, 29, 0.4946832060813904, 0.48046454787254333, 0.39167550206184387, 0.28195124864578247
920, 30, 0.5039645433425903, 0.476243257522583, 0.29089802503585815, 0.2693469226360321
920, 31, 0.4857757091522217, 0.4957362413406372, 0.3658330738544464, 0.33939141035079956
920, 32, 0.5060768127441406, 0.4853905439376831, 0.25769343972206116, 0.28665217757225037
921, 0, 0.46177834272384644, 0.4402179718017578, -0.270318865776062, 0.9954854846000671
921, 1, 0.4666983485221863, 0.436577171087265, -0.2777698338031769, 0.9961462020874023
921, 2, 0.4689124524593353, 0.4369337856769562, -0.2777636647224426, 0.9958997368812561
921, 3, 0.4711703658103943, 0.4372517764568329, -0.27775341272354126, 0.9971966743469238
921, 4, 0.4597519040107727, 0.4324188530445099, -0.27906468510627747, 0.9973081350326538
921, 5, 0.4575342535972595, 0.43060195446014404, -0.2792196571826935, 0.9977568984031677
921, 6, 0.45529770851135254, 0.428756982088089, -0.2793014645576477, 0.9976792931556702
921, 7, 0.4764758050441742, 0.42522668838500977, -0.2607237994670868, 0.9941164255142212
921, 8, 0.4521261155605316, 0.4100690484046936, -0.2674461901187897, 0.9977231621742249
921, 9, 0.4646911025047302, 0.43650272488594055, -0.2586088478565216, 0.9972398281097412
921, 10, 0.45800596475601196, 0.4325239360332489, -0.26067161560058594, 0.9967485666275024
921, 11, 0.49600204825401306, 0.3965693712234497, -0.1925467848777771, 0.9661667943000793
921, 12, 0.429573118686676, 0.38350042700767517, -0.1935921013355255, 0.9980255365371704
921, 13, 0.526212751865387, 0.4311313331127167, -0.13240326941013336, 0.4743708372116089
921, 14, 0.39569807052612305, 0.4163026213645935, -0.1251419335603714, 0.9211602210998535
921, 15, 0.5420238375663757, 0.49044960737228394, -0.10966868698596954, 0.3779677450656891
921, 16, 0.3808126449584961, 0.4769308865070343, -0.0906430035829544, 0.8888819217681885
921, 17, 0.5581546425819397, 0.5043310523033142, -0.12274186313152313, 0.4683243930339813
921, 18, 0.3714918792247772, 0.49054935574531555, -0.10450021922588348, 0.866370677947998
921, 19, 0.5498323440551758, 0.5053772926330566, -0.13906043767929077, 0.5370753407478333
921, 20, 0.37896326184272766, 0.4894163906574249, -0.11114408075809479, 0.8711191415786743
921, 21, 0.5415025949478149, 0.5001556873321533, -0.11595544964075089, 0.47363466024398804
921, 22, 0.3843967318534851, 0.4890749752521515, -0.09183217585086823, 0.7965299487113953
921, 23, 0.5070555210113525, 0.34487852454185486, -0.013597851619124413, 0.9984177350997925
921, 24, 0.4800609052181244, 0.34681183099746704, 0.013610663823783398, 0.9992644190788269
921, 25, 0.5056752562522888, 0.4659568667411804, -0.00798844825476408, 0.23568576574325562
921, 26, 0.48435696959495544, 0.45415061712265015, 0.011751343496143818, 0.5570943355560303
921, 27, 0.5014879107475281, 0.5529688596725464, 0.0814201682806015, 0.31687310338020325
921, 28, 0.5151864886283875, 0.5343057513237, 0.09490429610013962, 0.4322415292263031
921, 29, 0.5036696195602417, 0.5604622960090637, 0.090422123670578, 0.2467062920331955
921, 30, 0.5213605165481567, 0.5429840087890625, 0.10361150652170181, 0.24274323880672455
921, 31, 0.49086612462997437, 0.5967755913734436, 0.051464058458805084, 0.564574658870697
921, 32, 0.5191085338592529, 0.5668691396713257, 0.0679842010140419, 0.4562050998210907
922, 0, 0.4539937376976013, 0.4528387188911438, -0.2971125841140747, 0.9805924892425537
922, 1, 0.4588932394981384, 0.44776082038879395, -0.29757848381996155, 0.9682779312133789
922, 2, 0.46311506628990173, 0.453450083732605, -0.2975606620311737, 0.9554218053817749
922, 3, 0.4665186405181885, 0.4502493143081665, -0.29757359623908997, 0.9606215953826904
922, 4, 0.4531657099723816, 0.44288337230682373, -0.2988819181919098, 0.987578809261322
922, 5, 0.4513344168663025, 0.440501868724823, -0.2989889681339264, 0.9887064695358276
922, 6, 0.4494858682155609, 0.4380899667739868, -0.2990697920322418, 0.9896695017814636
922, 7, 0.46878060698509216, 0.4380967915058136, -0.2569035291671753, 0.9207621216773987
922, 8, 0.4478064477443695, 0.4198932945728302, -0.26142600178718567, 0.9805154800415039
922, 9, 0.4572823941707611, 0.4504580497741699, -0.2776077389717102, 0.9609403014183044
922, 10, 0.45137494802474976, 0.44509395956993103, -0.2792149782180786, 0.9745711088180542
922, 11, 0.4855794310569763, 0.4311618506908417, -0.19442440569400787, 0.9750596880912781
922, 12, 0.4286655783653259, 0.39351555705070496, -0.1749948412179947, 0.9980999827384949
922, 13, 0.48517662286758423, 0.4711807668209076, -0.1703007072210312, 0.20075863599777222
922, 14, 0.39456987380981445, 0.42396026849746704, -0.14536398649215698, 0.72593092918396
922, 15, 0.4848112165927887, 0.5323240756988525, -0.17680543661117554, 0.16202367842197418
922, 16, 0.3799075484275818, 0.4790148138999939, -0.15139895677566528, 0.8228799700737
922, 17, 0.49807852506637573, 0.546810507774353, -0.19116786122322083, 0.2476661503314972
922, 18, 0.37591448426246643, 0.4933757781982422, -0.17458079755306244, 0.7952861785888672
922, 19, 0.49084609746932983, 0.5454055070877075, -0.20281827449798584, 0.2654438018798828
922, 20, 0.3809533715248108, 0.4964570701122284, -0.1796829253435135, 0.7851502299308777
922, 21, 0.483896404504776, 0.5368201732635498, -0.1813541054725647, 0.24108122289180756
922, 22, 0.38402703404426575, 0.4923420250415802, -0.15464867651462555, 0.6741692423820496
922, 23, 0.5084000825881958, 0.3425964117050171, -0.01762525364756584, 0.9992320537567139
922, 24, 0.4807364344596863, 0.333979070186615, 0.017459578812122345, 0.9997302889823914
922, 25, 0.5148392915725708, 0.4684540331363678, -0.019322801381349564, 0.7105157375335693
922, 26, 0.48703545331954956, 0.45643946528434753, -0.10025032609701157, 0.6083126664161682
922, 27, 0.5174669027328491, 0.567846417427063, 0.053506314754486084, 0.5553450584411621
922, 28, 0.5003154873847961, 0.5709412097930908, -0.10769239813089371, 0.7301596403121948
922, 29, 0.5183476805686951, 0.5781580209732056, 0.06127613037824631, 0.4085909426212311
922, 30, 0.5063241124153137, 0.5835182666778564, -0.10967671871185303, 0.4854140877723694
922, 31, 0.5118076801300049, 0.6098625659942627, 0.01618284173309803, 0.722937285900116
922, 32, 0.49401718378067017, 0.6212263107299805, -0.1752409040927887, 0.7708360552787781
923, 0, 0.44748157262802124, 0.4835108816623688, -0.44771522283554077, 0.999734103679657
923, 1, 0.45552343130111694, 0.4723053276538849, -0.4529884457588196, 0.9997525811195374
923, 2, 0.45972150564193726, 0.4722628593444824, -0.4530108571052551, 0.9996938705444336
923, 3, 0.46239882707595825, 0.47191476821899414, -0.4531089663505554, 0.9996633529663086
923, 4, 0.44298261404037476, 0.4715031385421753, -0.4516083300113678, 0.9997987151145935
923, 5, 0.4387487769126892, 0.4683157503604889, -0.4517184793949127, 0.9997791647911072
923, 6, 0.4357834756374359, 0.46599990129470825, -0.4517790377140045, 0.9997838139533997
923, 7, 0.468284547328949, 0.45585277676582336, -0.4052366316318512, 0.9985983967781067
923, 8, 0.43666306138038635, 0.43095988035202026, -0.3974202871322632, 0.9997144341468811
923, 9, 0.45527952909469604, 0.4760356843471527, -0.4219403862953186, 0.9991288781166077
923, 10, 0.44115781784057617, 0.46953070163726807, -0.4192987084388733, 0.998910665512085
923, 11, 0.49812355637550354, 0.4467858076095581, -0.29353174567222595, 0.9287742376327515
923, 12, 0.41722458600997925, 0.4041101634502411, -0.30374380946159363, 0.9917017817497253
923, 13, 0.4929750859737396, 0.5673745274543762, -0.27853888273239136, 0.9450006484985352
923, 14, 0.3782902657985687, 0.49758508801460266, -0.264181524515152, 0.9815685153007507
923, 15, 0.48866987228393555, 0.6908553838729858, -0.3613288700580597, 0.9913865327835083
923, 16, 0.36893177032470703, 0.6035159826278687, -0.3330208361148834, 0.9973821043968201
923, 17, 0.49162667989730835, 0.7223479151725769, -0.4086644649505615, 0.9842467308044434
923, 18, 0.358172208070755, 0.6270476579666138, -0.3822072148323059, 0.9953920841217041
923, 19, 0.4820805490016937, 0.7184661626815796, -0.4198397994041443, 0.9832602143287659
923, 20, 0.36908844113349915, 0.6271988749504089, -0.4023548662662506, 0.9945071339607239
923, 21, 0.4796818792819977, 0.7044183015823364, -0.3715115189552307, 0.9758830666542053
923, 22, 0.3757568895816803, 0.6195510625839233, -0.34481894969940186, 0.9934551119804382
923, 23, 0.5056823492050171, 0.3711332678794861, -0.002360225422307849, 0.9985730648040771
923, 24, 0.46875959634780884, 0.3542298376560211, 0.0025342584121972322, 0.9992784857749939
923, 25, 0.5115460157394409, 0.5343999862670898, 0.06074489280581474, 0.243673175573349
923, 26, 0.4504547119140625, 0.4920090436935425, 0.025267357006669044, 0.6000738143920898
923, 27, 0.5162872076034546, 0.605475664138794, 0.2723064124584198, 0.19208405911922455
923, 28, 0.4612763524055481, 0.5234636068344116, 0.24115090072155, 0.11490533500909805
923, 29, 0.5172678828239441, 0.6144657135009766, 0.2944851815700531, 0.1546303778886795
923, 30, 0.46264997124671936, 0.5260941982269287, 0.26323312520980835, 0.1241491362452507
923, 31, 0.5162284970283508, 0.642024040222168, 0.2508469223976135, 0.41021236777305603
923, 32, 0.458035945892334, 0.538875937461853, 0.2206590473651886, 0.2147318571805954
924, 0, 0.45409974455833435, 0.47633102536201477, -0.22081167995929718, 0.9977399110794067
924, 1, 0.46103447675704956, 0.470181405544281, -0.223102405667305, 0.9987646341323853
924, 2, 0.4635137617588043, 0.4708468019962311, -0.22311249375343323, 0.9981009364128113
924, 3, 0.4660194516181946, 0.471433162689209, -0.22313161194324493, 0.9983912110328674
924, 4, 0.45368513464927673, 0.464994341135025, -0.22517964243888855, 0.9991427659988403
924, 5, 0.451407253742218, 0.4621642529964447, -0.22523221373558044, 0.9988991022109985
924, 6, 0.4491159915924072, 0.45934534072875977, -0.22523340582847595, 0.999049723148346
924, 7, 0.4730110764503479, 0.4562303423881531, -0.19267964363098145, 0.9956555366516113
924, 8, 0.44604578614234924, 0.4369771182537079, -0.20292742550373077, 0.9988429546356201
924, 9, 0.45697030425071716, 0.472353994846344, -0.20589670538902283, 0.9985538125038147
924, 10, 0.4492242932319641, 0.46635326743125916, -0.20860357582569122, 0.9988956451416016
924, 11, 0.48693257570266724, 0.4466431140899658, -0.11899776756763458, 0.9969876408576965
924, 12, 0.4219575822353363, 0.4057346284389496, -0.14575116336345673, 0.9981556534767151
924, 13, 0.47293907403945923, 0.49327531456947327, -0.08047229051589966, 0.3713873028755188
924, 14, 0.3967345952987671, 0.4424129128456116, -0.08831984549760818, 0.6996817588806152
924, 15, 0.4641185700893402, 0.5246761441230774, -0.09354355186223984, 0.37712550163269043
924, 16, 0.38678789138793945, 0.4851915240287781, -0.06224591284990311, 0.8863638043403625
924, 17, 0.46765512228012085, 0.5377717018127441, -0.10833929479122162, 0.3256567418575287
924, 18, 0.38253819942474365, 0.4934789538383484, -0.07593570649623871, 0.8311546444892883
924, 19, 0.460521936416626, 0.5313108563423157, -0.11823813617229462, 0.33517172932624817
924, 20, 0.3920998275279999, 0.4979608654975891, -0.08500220626592636, 0.8307154774665833
924, 21, 0.4575809836387634, 0.5234220623970032, -0.09894685447216034, 0.31485384702682495
924, 22, 0.3968713581562042, 0.49495929479599, -0.0655473843216896, 0.7888678312301636
924, 23, 0.4850615859031677, 0.38518577814102173, 0.005417593289166689, 0.9994524121284485
924, 24, 0.45352715253829956, 0.3658210039138794, -0.005338294431567192, 0.9996993541717529
924, 25, 0.5050068497657776, 0.5054575204849243, 0.041455935686826706, 0.19795368611812592
924, 26, 0.4597936272621155, 0.5045309066772461, -0.032028328627347946, 0.6848509311676025
924, 27, 0.508872926235199, 0.5415682792663574, 0.15056650340557098, 0.35876306891441345
924, 28, 0.4828498363494873, 0.529745876789093, 0.06194745749235153, 0.5141053795814514
924, 29, 0.5088571906089783, 0.535678505897522, 0.16241353750228882, 0.2865164577960968
924, 30, 0.48832812905311584, 0.521966814994812, 0.07214423269033432, 0.3272969722747803
924, 31, 0.504814088344574, 0.581510603427887, 0.1412048637866974, 0.5189353227615356
924, 32, 0.4831773340702057, 0.5682748556137085, 0.05281096696853638, 0.5788025259971619
925, 0, 0.4417586922645569, 0.4833671450614929, -0.13200555741786957, 0.9902628660202026
925, 1, 0.446499764919281, 0.48234400153160095, -0.13534921407699585, 0.9911254048347473
925, 2, 0.4480850100517273, 0.4834299385547638, -0.13537031412124634, 0.9891881346702576
925, 3, 0.44970497488975525, 0.4844420552253723, -0.13539238274097443, 0.9907564520835876
925, 4, 0.4418347477912903, 0.4767571687698364, -0.13706882297992706, 0.9952476620674133
925, 5, 0.4405019283294678, 0.47404909133911133, -0.1371638923883438, 0.9950790405273438
925, 6, 0.43913644552230835, 0.47134658694267273, -0.13724958896636963, 0.9953049421310425
925, 7, 0.45482969284057617, 0.47251132130622864, -0.12305229902267456, 0.9852568507194519
925, 8, 0.4374740719795227, 0.45290082693099976, -0.13027048110961914, 0.995820164680481
925, 9, 0.4433552622795105, 0.4795651435852051, -0.12428715080022812, 0.9941504597663879
925, 10, 0.43883436918258667, 0.4732060432434082, -0.1263073980808258, 0.9963047504425049
925, 11, 0.4713858962059021, 0.45806974172592163, -0.08653988689184189, 0.9966874718666077
925, 12, 0.42012420296669006, 0.42032620310783386, -0.0978173017501831, 0.9995885491371155
925, 13, 0.4789122939109802, 0.4848683774471283, -0.06485801190137863, 0.1028614193201065
925, 14, 0.406794011592865, 0.4510631859302521, -0.08070015162229538, 0.8760849237442017
925, 15, 0.46973124146461487, 0.5143469572067261, -0.06665229052305222, 0.23642383515834808
925, 16, 0.38871726393699646, 0.48837628960609436, -0.0876949205994606, 0.9618251323699951
925, 17, 0.47328004240989685, 0.5230264067649841, -0.07798260450363159, 0.29249486327171326
925, 18, 0.3874559998512268, 0.48703354597091675, -0.1040182113647461, 0.9507811665534973
925, 19, 0.46598726511001587, 0.5175269842147827, -0.08900037407875061, 0.2920416295528412
925, 20, 0.39220601320266724, 0.4916604459285736, -0.10880766063928604, 0.9514749050140381
925, 21, 0.46349725127220154, 0.5120182037353516, -0.07177736610174179, 0.28982195258140564
925, 22, 0.39573222398757935, 0.49070289731025696, -0.09034914523363113, 0.9331001043319702
925, 23, 0.479767382144928, 0.37130293250083923, 0.002126662526279688, 0.9998784065246582
925, 24, 0.4517435133457184, 0.3530363440513611, -0.0020849097054451704, 0.9999269247055054
925, 25, 0.4999455511569977, 0.46379658579826355, -0.003324268851429224, 0.471264511346817
925, 26, 0.44830217957496643, 0.4512624144554138, -0.020394226536154747, 0.47867998480796814
925, 27, 0.5215557217597961, 0.5130009651184082, 0.04173264652490616, 0.4933129549026489
925, 28, 0.4781860411167145, 0.49576056003570557, 0.03060052916407585, 0.3178427517414093
925, 29, 0.5251871347427368, 0.514873743057251, 0.0464501827955246, 0.4627876877784729
925, 30, 0.48521795868873596, 0.4956313967704773, 0.03586653247475624, 0.32978004217147827
925, 31, 0.522956371307373, 0.5439305901527405, 0.024671975523233414, 0.5488643050193787
925, 32, 0.481578528881073, 0.5276838541030884, 0.022952836006879807, 0.3761070668697357
926, 0, 0.45103198289871216, 0.46660178899765015, -0.2306710034608841, 0.9888918995857239
926, 1, 0.4551197588443756, 0.464188814163208, -0.23794881999492645, 0.9893553853034973
926, 2, 0.4574650228023529, 0.4649258553981781, -0.23797182738780975, 0.9870998859405518
926, 3, 0.45981365442276, 0.46557262539863586, -0.23801931738853455, 0.9870004653930664
926, 4, 0.4482194781303406, 0.4602759778499603, -0.2379157841205597, 0.9941044449806213
926, 5, 0.4460328221321106, 0.45848938822746277, -0.23798422515392303, 0.9932965636253357
926, 6, 0.4438275694847107, 0.4566710591316223, -0.23805026710033417, 0.99440598487854
926, 7, 0.4659786820411682, 0.45404762029647827, -0.2210552990436554, 0.9623658061027527
926, 8, 0.4406805634498596, 0.4398465156555176, -0.22029586136341095, 0.9902368187904358
926, 9, 0.4550250172615051, 0.4617026746273041, -0.21883559226989746, 0.9845675230026245
926, 10, 0.4479439854621887, 0.45747482776641846, -0.21865597367286682, 0.9877030253410339
926, 11, 0.4881211817264557, 0.4356967806816101, -0.1652306318283081, 0.9479016065597534
926, 12, 0.4211839735507965, 0.4060613811016083, -0.1682824343442917, 0.9880919456481934
926, 13, 0.5080708265304565, 0.4757629930973053, -0.14411617815494537, 0.8612592220306396
926, 14, 0.3922758996486664, 0.4321559965610504, -0.1418454796075821, 0.8581573367118835
926, 15, 0.5198951959609985, 0.5366563200950623, -0.1629539281129837, 0.9251886010169983
926, 16, 0.3819205164909363, 0.4887499511241913, -0.16069357097148895, 0.9458818435668945
926, 17, 0.5289306640625, 0.5527197122573853, -0.1845327913761139, 0.9093204140663147
926, 18, 0.36929193139076233, 0.4927956759929657, -0.18562310934066772, 0.9349644780158997
926, 19, 0.5205428600311279, 0.5532857179641724, -0.1909276396036148, 0.9071027040481567
926, 20, 0.37707507610321045, 0.496451199054718, -0.1924429088830948, 0.9350066184997559
926, 21, 0.515375018119812, 0.5454070568084717, -0.16674581170082092, 0.8237476944923401
926, 22, 0.38267529010772705, 0.49318233132362366, -0.1648847758769989, 0.911588728427887
926, 23, 0.47904452681541443, 0.36771777272224426, -0.0017830540891736746, 0.9896525740623474
926, 24, 0.44766634702682495, 0.3532305657863617, 0.001697669504210353, 0.989743173122406
926, 25, 0.48430323600769043, 0.4523860812187195, 0.09159579873085022, 0.05519377812743187
926, 26, 0.4406149387359619, 0.43990275263786316, 0.07765912264585495, 0.06410524249076843
926, 27, 0.4933999180793762, 0.47539883852005005, 0.24177715182304382, 0.17763535678386688
926, 28, 0.4473636746406555, 0.4540642499923706, 0.2415781468153, 0.03705993667244911
926, 29, 0.49487558007240295, 0.4735434353351593, 0.25816601514816284, 0.15087106823921204
926, 30, 0.44760316610336304, 0.4518160820007324, 0.25938448309898376, 0.04462476074695587
926, 31, 0.49376925826072693, 0.5025418996810913, 0.24365195631980896, 0.11591783165931702
926, 32, 0.451604425907135, 0.4721294939517975, 0.24974849820137024, 0.0347956046462059
927, 0, 0.4541780352592468, 0.45474210381507874, -0.19913604855537415, 0.9958156943321228
927, 1, 0.4578462243080139, 0.45210444927215576, -0.20851388573646545, 0.9958341121673584
927, 2, 0.4603005051612854, 0.45213064551353455, -0.20851388573646545, 0.9952908754348755
927, 3, 0.4627494215965271, 0.4520716667175293, -0.20856189727783203, 0.993187427520752
927, 4, 0.45009058713912964, 0.45022308826446533, -0.20756153762340546, 0.9972243309020996
927, 5, 0.44749027490615845, 0.44915759563446045, -0.20762398838996887, 0.9973382353782654
927, 6, 0.4448746144771576, 0.44803136587142944, -0.20769448578357697, 0.9975433945655823
927, 7, 0.4676314890384674, 0.4408721923828125, -0.20272216200828552, 0.9886049032211304
927, 8, 0.439443439245224, 0.4332916736602783, -0.19811180233955383, 0.9964309930801392
927, 9, 0.45773711800575256, 0.4489968717098236, -0.1913943886756897, 0.9924138188362122
927, 10, 0.44987255334854126, 0.4470118284225464, -0.19023914635181427, 0.9949523210525513
927, 11, 0.4883132576942444, 0.41378656029701233, -0.15927164256572723, 0.9645468592643738
927, 12, 0.4173971712589264, 0.4074867367744446, -0.16028992831707, 0.9962614178657532
927, 13, 0.5165987610816956, 0.42911481857299805, -0.13101711869239807, 0.9800096154212952
927, 14, 0.3913806676864624, 0.4346117377281189, -0.13788753747940063, 0.96052086353302
927, 15, 0.530996561050415, 0.46724170446395874, -0.1312134563922882, 0.9553083777427673
927, 16, 0.3827175796031952, 0.4859960675239563, -0.1429222673177719, 0.9743881821632385
927, 17, 0.5413440465927124, 0.47476255893707275, -0.14527380466461182, 0.9380038976669312
927, 18, 0.3714756369590759, 0.49193957448005676, -0.16044245660305023, 0.9666017889976501
927, 19, 0.5347367525100708, 0.47655460238456726, -0.14937134087085724, 0.9335383772850037
927, 20, 0.3782390058040619, 0.49158912897109985, -0.16172923147678375, 0.963939905166626
927, 21, 0.5287536382675171, 0.4724256694316864, -0.1328224092721939, 0.8377085328102112
927, 22, 0.38303065299987793, 0.487629771232605, -0.14392858743667603, 0.9432719349861145
927, 23, 0.4725460410118103, 0.36645740270614624, -0.0009803407592698932, 0.9666687250137329
927, 24, 0.4414463937282562, 0.3563717305660248, 0.0008449481683783233, 0.9717971086502075
927, 25, 0.4626389443874359, 0.4327883720397949, 0.09710489213466644, 0.080772764980793
927, 26, 0.4334569573402405, 0.41913366317749023, 0.09700178354978561, 0.0904088243842125
927, 27, 0.45639508962631226, 0.44484981894493103, 0.24443940818309784, 0.13379277288913727
927, 28, 0.4363941550254822, 0.43682390451431274, 0.24038973450660706, 0.057265300303697586
927, 29, 0.45581158995628357, 0.44018983840942383, 0.26091524958610535, 0.12311955541372299
927, 30, 0.4374178946018219, 0.43433091044425964, 0.25672537088394165, 0.06229139119386673
927, 31, 0.4536624550819397, 0.4730510413646698, 0.25963684916496277, 0.02225903607904911
927, 32, 0.43673473596572876, 0.4625509977340698, 0.2551325559616089, 0.014490165747702122
928, 0, 0.44292759895324707, 0.4568977355957031, -0.20121660828590393, 0.9907028675079346
928, 1, 0.4464385509490967, 0.4511708617210388, -0.20754745602607727, 0.9940149188041687
928, 2, 0.4486318528652191, 0.4510995149612427, -0.20758497714996338, 0.9930290579795837
928, 3, 0.45080238580703735, 0.45093825459480286, -0.2076607048511505, 0.9933928847312927
928, 4, 0.43993133306503296, 0.44895273447036743, -0.2068692147731781, 0.9963440299034119
928, 5, 0.43779557943344116, 0.44730156660079956, -0.20691809058189392, 0.9961472749710083
928, 6, 0.4356362223625183, 0.4455949664115906, -0.2069585770368576, 0.9967010617256165
928, 7, 0.45579877495765686, 0.43821537494659424, -0.19909968972206116, 0.9850762486457825
928, 8, 0.4322437345981598, 0.4299798607826233, -0.19519494473934174, 0.9959719777107239
928, 9, 0.44671767950057983, 0.45231133699417114, -0.19351516664028168, 0.9918324947357178
928, 10, 0.4394730031490326, 0.4499697685241699, -0.19253581762313843, 0.992701530456543
928, 11, 0.47366389632225037, 0.42715924978256226, -0.15207946300506592, 0.9725540280342102
928, 12, 0.419839084148407, 0.40874573588371277, -0.14953400194644928, 0.9877181053161621
928, 13, 0.48518115282058716, 0.45740702748298645, -0.11798392236232758, 0.9050955772399902
928, 14, 0.3984799385070801, 0.4392489194869995, -0.12840011715888977, 0.9808727502822876
928, 15, 0.49128684401512146, 0.483519583940506, -0.11796507984399796, 0.9179257750511169
928, 16, 0.37842240929603577, 0.4730832874774933, -0.1450922042131424, 0.9907304644584656
928, 17, 0.4974491000175476, 0.492165744304657, -0.1314105987548828, 0.9039344787597656
928, 18, 0.37440118193626404, 0.4803149700164795, -0.16650298237800598, 0.9771358966827393
928, 19, 0.4931427836418152, 0.49154746532440186, -0.1375734955072403, 0.8946911096572876
928, 20, 0.3756813108921051, 0.4833550453186035, -0.16709227859973907, 0.9746431112289429
928, 21, 0.489074170589447, 0.4865683317184448, -0.12022598832845688, 0.7910255193710327
928, 22, 0.3803540766239166, 0.48059603571891785, -0.1466200202703476, 0.9604616761207581
928, 23, 0.463442862033844, 0.381246954202652, -0.0039320955984294415, 0.998299777507782
928, 24, 0.43567782640457153, 0.3774943947792053, 0.003958286717534065, 0.9988613128662109
928, 25, 0.4819509983062744, 0.45312631130218506, 0.07752985507249832, 0.284133642911911
928, 26, 0.4413658082485199, 0.44922545552253723, 0.07668821513652802, 0.1488485187292099
928, 27, 0.4978521764278412, 0.4810836911201477, 0.21837957203388214, 0.40680351853370667
928, 28, 0.45522889494895935, 0.48257553577423096, 0.20166876912117004, 0.154278963804245
928, 29, 0.5000042915344238, 0.4814664125442505, 0.2336944043636322, 0.3529379069805145
928, 30, 0.4571980834007263, 0.4828014075756073, 0.21498458087444305, 0.13865439593791962
928, 31, 0.5032455921173096, 0.5096048712730408, 0.22058165073394775, 0.1843569576740265
928, 32, 0.45917195081710815, 0.5126241445541382, 0.2028992474079132, 0.08706306666135788
929, 0, 0.45512229204177856, 0.4285755157470703, -0.21142669022083282, 0.9993734955787659
929, 1, 0.4577522873878479, 0.4236844480037689, -0.21745264530181885, 0.9993733763694763
929, 2, 0.4595333933830261, 0.42366552352905273, -0.21745404601097107, 0.9991291165351868
929, 3, 0.4612754285335541, 0.42352232336997986, -0.2175007164478302, 0.9993335604667664
929, 4, 0.4523443281650543, 0.4222871661186218, -0.21711453795433044, 0.9997761845588684
929, 5, 0.45057401061058044, 0.42114120721817017, -0.21716459095478058, 0.9996885061264038
929, 6, 0.4487582743167877, 0.41995587944984436, -0.2172379195690155, 0.9997661709785461
929, 7, 0.4639368951320648, 0.41420605778694153, -0.2048071324825287, 0.9984116554260254
929, 8, 0.4443114697933197, 0.4091355502605438, -0.2037067413330078, 0.9996670484542847
929, 9, 0.45676955580711365, 0.42568159103393555, -0.20217493176460266, 0.9988598823547363
929, 10, 0.4509652554988861, 0.4244239926338196, -0.2020210325717926, 0.999372661113739
929, 11, 0.47953328490257263, 0.40431541204452515, -0.16383692622184753, 0.9821926951408386
929, 12, 0.4284133315086365, 0.39811021089553833, -0.15958289802074432, 0.9968051910400391
929, 13, 0.5112666487693787, 0.44865086674690247, -0.15314418077468872, 0.9979841709136963
929, 14, 0.4065932333469391, 0.4284278154373169, -0.14701171219348907, 0.9596790075302124
929, 15, 0.5426956415176392, 0.4952603578567505, -0.16060583293437958, 0.9949862957000732
929, 16, 0.38330936431884766, 0.4709930121898651, -0.16102474927902222, 0.9409607648849487
929, 17, 0.556736409664154, 0.5075368285179138, -0.1761605441570282, 0.9879546165466309
929, 18, 0.3741266429424286, 0.48008936643600464, -0.180526003241539, 0.8797093033790588
929, 19, 0.5516217947006226, 0.5080437660217285, -0.17474862933158875, 0.9872387051582336
929, 20, 0.37854236364364624, 0.4848570227622986, -0.17898260056972504, 0.8730073571205139
929, 21, 0.5442095994949341, 0.5026644468307495, -0.16011081635951996, 0.9557361602783203
929, 22, 0.38320744037628174, 0.4818289577960968, -0.16176320612430573, 0.8339135050773621
929, 23, 0.46427273750305176, 0.3791449964046478, 0.005043594166636467, 0.9963483214378357
929, 24, 0.43833914399147034, 0.37895792722702026, -0.005125740077346563, 0.9970832467079163
929, 25, 0.46847376227378845, 0.4378809928894043, 0.08563537895679474, 0.1552457958459854
929, 26, 0.44002145528793335, 0.44549381732940674, 0.0778869166970253, 0.24364353716373444
929, 27, 0.466261088848114, 0.4553898572921753, 0.21111111342906952, 0.13036160171031952
929, 28, 0.4491851329803467, 0.45740288496017456, 0.2016831338405609, 0.07612323760986328
929, 29, 0.46452218294143677, 0.45527687668800354, 0.22512272000312805, 0.11996614933013916
929, 30, 0.4498673379421234, 0.45652422308921814, 0.21524715423583984, 0.08733320236206055
929, 31, 0.4689367711544037, 0.4773075580596924, 0.21609775722026825, 0.05615822225809097
929, 32, 0.45352450013160706, 0.47642555832862854, 0.20796939730644226, 0.05072297155857086
930, 0, 0.453480064868927, 0.41599246859550476, -0.13615450263023376, 0.9881617426872253
930, 1, 0.45574313402175903, 0.41001975536346436, -0.14534512162208557, 0.9840286374092102
930, 2, 0.4572952389717102, 0.4095939099788666, -0.14536792039871216, 0.9853466749191284
930, 3, 0.45882636308670044, 0.4091009795665741, -0.14540602266788483, 0.9868890047073364
930, 4, 0.4511445164680481, 0.41007906198501587, -0.14499789476394653, 0.993107259273529
930, 5, 0.44946807622909546, 0.40967661142349243, -0.14503641426563263, 0.9937438368797302
930, 6, 0.4477446675300598, 0.4092448651790619, -0.1451043039560318, 0.9940120577812195
930, 7, 0.4608357548713684, 0.40280625224113464, -0.15224918723106384, 0.9774073362350464
930, 8, 0.44401946663856506, 0.40245670080184937, -0.1521664261817932, 0.9945372939109802
930, 9, 0.4552426338195801, 0.41421106457710266, -0.1340041607618332, 0.9909783601760864
930, 10, 0.44961556792259216, 0.4147922396659851, -0.13418056070804596, 0.9929649829864502
930, 11, 0.4695480763912201, 0.4070926308631897, -0.12788809835910797, 0.9907926321029663
930, 12, 0.4320320188999176, 0.4015336036682129, -0.11745141446590424, 0.9959540367126465
930, 13, 0.49508196115493774, 0.447035014629364, -0.1166362538933754, 0.9926429390907288
930, 14, 0.4202415347099304, 0.4236052334308624, -0.08820512145757675, 0.6126461029052734
930, 15, 0.52255779504776, 0.47230833768844604, -0.12871305644512177, 0.9800633192062378
930, 16, 0.4046706259250641, 0.4503588080406189, -0.07821235805749893, 0.5366136431694031
930, 17, 0.5337165594100952, 0.4814513027667999, -0.14426647126674652, 0.9544403553009033
930, 18, 0.39939501881599426, 0.4576379656791687, -0.09303491562604904, 0.45919474959373474
930, 19, 0.5311259627342224, 0.48244524002075195, -0.14215373992919922, 0.9520618319511414
930, 20, 0.40155521035194397, 0.46213579177856445, -0.09228671342134476, 0.4387918710708618
930, 21, 0.5255773067474365, 0.47740232944488525, -0.1282854825258255, 0.8776207566261292
930, 22, 0.4043678641319275, 0.4599420726299286, -0.07869710773229599, 0.3834961950778961
930, 23, 0.4585532546043396, 0.39542606472969055, 0.004355131182819605, 0.9993475079536438
930, 24, 0.442228227853775, 0.3934040367603302, -0.0043380907736718655, 0.9993988275527954
930, 25, 0.47060900926589966, 0.45856940746307373, 0.10692880302667618, 0.055178649723529816
930, 26, 0.4532906413078308, 0.46892017126083374, 0.09129339456558228, 0.22620122134685516
930, 27, 0.46946877241134644, 0.4664153754711151, 0.2474071979522705, 0.08536194264888763
930, 28, 0.4627869129180908, 0.4712629020214081, 0.22116129100322723, 0.11960943788290024
930, 29, 0.46703094244003296, 0.46465441584587097, 0.26390931010246277, 0.09334369003772736
930, 30, 0.462580144405365, 0.46903637051582336, 0.23548559844493866, 0.13493797183036804
930, 31, 0.4763234555721283, 0.47904396057128906, 0.2600246071815491, 0.08619461953639984
930, 32, 0.46852821111679077, 0.4855104088783264, 0.22851791977882385, 0.13359510898590088
931, 0, 0.4550899863243103, 0.43038731813430786, -0.21633319556713104, 0.9988799691200256
931, 1, 0.4581570625305176, 0.4255453646183014, -0.22357730567455292, 0.9986231327056885
931, 2, 0.4598238468170166, 0.4253423810005188, -0.2235918492078781, 0.9982702732086182
931, 3, 0.46145686507225037, 0.42500823736190796, -0.22365505993366241, 0.9987068176269531
931, 4, 0.4529924988746643, 0.42434945702552795, -0.22313055396080017, 0.9994862079620361
931, 5, 0.4513010084629059, 0.42300334572792053, -0.22316983342170715, 0.9993072748184204
931, 6, 0.44955867528915405, 0.42163902521133423, -0.22323808073997498, 0.9994264841079712
931, 7, 0.4635950028896332, 0.41357865929603577, -0.2160903513431549, 0.9963924288749695
931, 8, 0.4449322819709778, 0.40893176198005676, -0.21484732627868652, 0.9990659356117249
931, 9, 0.4560900330543518, 0.42692816257476807, -0.20854461193084717, 0.9977821707725525
931, 10, 0.45056161284446716, 0.42559754848480225, -0.2083573043346405, 0.9985664486885071
931, 11, 0.47788339853286743, 0.40305960178375244, -0.17529796063899994, 0.9800870418548584
931, 12, 0.42849454283714294, 0.3986446261405945, -0.17023153603076935, 0.9950007796287537
931, 13, 0.511041522026062, 0.4513132870197296, -0.16546125710010529, 0.9984170198440552
931, 14, 0.4074004292488098, 0.4340890347957611, -0.1529255360364914, 0.961063802242279
931, 15, 0.5432237386703491, 0.5010924339294434, -0.1738836020231247, 0.9974316954612732
931, 16, 0.38124150037765503, 0.4834723174571991, -0.1624545007944107, 0.9558739066123962
931, 17, 0.5572296977043152, 0.5141005516052246, -0.19120047986507416, 0.9934884309768677
931, 18, 0.37550368905067444, 0.49210625886917114, -0.18405428528785706, 0.9021610021591187
931, 19, 0.5523824691772461, 0.5157857537269592, -0.1901414841413498, 0.9926914572715759
931, 20, 0.3794857859611511, 0.4975474178791046, -0.18259170651435852, 0.8956059217453003
931, 21, 0.5452035069465637, 0.5097276568412781, -0.17365233600139618, 0.9736360907554626
931, 22, 0.3839627802371979, 0.49443697929382324, -0.1633940041065216, 0.8626039624214172
931, 23, 0.462033212184906, 0.38015589118003845, 0.006591683719307184, 0.9975631237030029
931, 24, 0.43765416741371155, 0.38214415311813354, -0.00662899250164628, 0.9974197149276733
931, 25, 0.4657028317451477, 0.44545280933380127, 0.10023196786642075, 0.08294814079999924
931, 26, 0.4398561120033264, 0.4565754234790802, 0.09623489528894424, 0.249467670917511
931, 27, 0.46238940954208374, 0.47380316257476807, 0.2442236840724945, 0.0897998958826065
931, 28, 0.4463581442832947, 0.48162370920181274, 0.23201647400856018, 0.08953670412302017
931, 29, 0.4597984254360199, 0.4767310321331024, 0.26052382588386536, 0.10386628657579422
931, 30, 0.44553399085998535, 0.4834638833999634, 0.2469182014465332, 0.1346435844898224
931, 31, 0.4672947824001312, 0.4936712384223938, 0.2489122450351715, 0.05212603136897087
931, 32, 0.45224064588546753, 0.5019088387489319, 0.23505768179893494, 0.0662643164396286
932, 0, 0.4504508078098297, 0.41892290115356445, -0.20907573401927948, 0.9993777275085449
932, 1, 0.4530918002128601, 0.4148210883140564, -0.21847471594810486, 0.9993995428085327
932, 2, 0.4544638693332672, 0.41497132182121277, -0.21848070621490479, 0.9992066025733948
932, 3, 0.45580530166625977, 0.41504260897636414, -0.21853871643543243, 0.99936443567276
932, 4, 0.4492031931877136, 0.41367608308792114, -0.2171398401260376, 0.999792754650116
932, 5, 0.4477516710758209, 0.4129446744918823, -0.21720238029956818, 0.9997506737709045
932, 6, 0.44625431299209595, 0.41217368841171265, -0.21728000044822693, 0.9997968077659607
932, 7, 0.4576941132545471, 0.41081997752189636, -0.21793770790100098, 0.9987921118736267
932, 8, 0.4434598982334137, 0.4064733386039734, -0.21313795447349548, 0.9998134970664978
932, 9, 0.45127004384994507, 0.4187484681606293, -0.20354816317558289, 0.9993120431900024
932, 10, 0.44651633501052856, 0.4179493486881256, -0.20233264565467834, 0.9995390176773071
932, 11, 0.4706171154975891, 0.41511979699134827, -0.17974171042442322, 0.9928157329559326
932, 12, 0.4315572679042816, 0.41125789284706116, -0.16997234523296356, 0.9976063966751099
932, 13, 0.5000798106193542, 0.45982760190963745, -0.1673756092786789, 0.9987791180610657
932, 14, 0.4151906371116638, 0.4505038857460022, -0.1450815498828888, 0.9222544431686401
932, 15, 0.5328445434570312, 0.4881177544593811, -0.1727394312620163, 0.9959424138069153
932, 16, 0.39048200845718384, 0.484516978263855, -0.13920292258262634, 0.8305276036262512
932, 17, 0.5457697510719299, 0.4973846971988678, -0.18946519494056702, 0.9909014701843262
932, 18, 0.38262176513671875, 0.4919548034667969, -0.158185213804245, 0.7052648663520813
932, 19, 0.5424632430076599, 0.4990573525428772, -0.18810535967350006, 0.9906153678894043
932, 20, 0.37950658798217773, 0.4975501298904419, -0.1549476534128189, 0.6526781320571899
932, 21, 0.53623366355896, 0.49436911940574646, -0.1724429875612259, 0.9576089978218079
932, 22, 0.38830557465553284, 0.49304187297821045, -0.13906070590019226, 0.4761737883090973
932, 23, 0.46079960465431213, 0.4002434313297272, 0.002755652414634824, 0.9996854066848755
932, 24, 0.4446738660335541, 0.40284907817840576, -0.0027616205625236034, 0.9996820688247681
932, 25, 0.4694400727748871, 0.44912901520729065, 0.09891819208860397, 0.1229587197303772
932, 26, 0.45069247484207153, 0.4642010033130646, 0.10055067390203476, 0.2817767262458801
932, 27, 0.4736306071281433, 0.46088820695877075, 0.2434297502040863, 0.11245007067918777
932, 28, 0.46338438987731934, 0.46979328989982605, 0.23610249161720276, 0.07764415442943573
932, 29, 0.47251516580581665, 0.46427255868911743, 0.2603272497653961, 0.13923436403274536
932, 30, 0.4644116461277008, 0.4709237813949585, 0.25048211216926575, 0.09928008168935776
932, 31, 0.4791190028190613, 0.47022831439971924, 0.25246647000312805, 0.08227769285440445
932, 32, 0.4688853323459625, 0.48086875677108765, 0.239908367395401, 0.0811961442232132
933, 0, 0.4564749300479889, 0.44012147188186646, -0.027041342109441757, 0.998089611530304
933, 1, 0.45602941513061523, 0.4417951703071594, -0.025355849415063858, 0.9951419830322266
933, 2, 0.4559568762779236, 0.44158414006233215, -0.025356609374284744, 0.9929116368293762
933, 3, 0.455880343914032, 0.4413582682609558, -0.025357717648148537, 0.9936951994895935
933, 4, 0.4564126133918762, 0.44254085421562195, -0.027851145714521408, 0.9976728558540344
933, 5, 0.45666489005088806, 0.4429144859313965, -0.027857398614287376, 0.9971024394035339
933, 6, 0.4569242000579834, 0.4432879686355591, -0.027881626039743423, 0.9982028007507324
933, 7, 0.4569113254547119, 0.440809428691864, -0.014413115568459034, 0.9851201176643372
933, 8, 0.45835527777671814, 0.4433358907699585, -0.025888249278068542, 0.9976931214332581
933, 9, 0.4572829604148865, 0.43779101967811584, -0.02260109782218933, 0.9967760443687439
933, 10, 0.45783430337905884, 0.4387526512145996, -0.025934407487511635, 0.9992074370384216
933, 11, 0.458413690328598, 0.42870017886161804, -0.002534443512558937, 0.9968107342720032
933, 12, 0.46594133973121643, 0.43559396266937256, -0.027136918157339096, 0.9998418092727661
933, 13, 0.4568350911140442, 0.41695311665534973, 0.0012324750423431396, 0.5497121214866638
933, 14, 0.4727950990200043, 0.41890817880630493, -0.030147964134812355, 0.9337973594665527
933, 15, 0.4574015140533447, 0.4163317382335663, -0.007978925481438637, 0.4535113275051117
933, 16, 0.47601088881492615, 0.4019421935081482, -0.03304446116089821, 0.8946220278739929
933, 17, 0.4575435519218445, 0.4153248965740204, -0.010040665045380592, 0.3593711256980896
933, 18, 0.4774818420410156, 0.397225558757782, -0.03622147813439369, 0.8456078171730042
933, 19, 0.45801717042922974, 0.41664135456085205, -0.011697916314005852, 0.34217357635498047
933, 20, 0.47646790742874146, 0.3965544104576111, -0.03871803358197212, 0.8382624387741089
933, 21, 0.4581916928291321, 0.4168664216995239, -0.009080067276954651, 0.3403300642967224
933, 22, 0.4756383001804352, 0.39779141545295715, -0.03385225683450699, 0.7982240319252014
933, 23, 0.4681846499443054, 0.4029995799064636, 0.010030820034444332, 0.9962546825408936
933, 24, 0.4722610116004944, 0.4054023027420044, -0.010062462650239468, 0.9982854723930359
933, 25, 0.4651119112968445, 0.38444045186042786, 0.007604585029184818, 0.47806093096733093
933, 26, 0.47160863876342773, 0.3852970004081726, -0.01729275844991207, 0.8920875787734985
933, 27, 0.47269535064697266, 0.36747127771377563, 0.028635257855057716, 0.4485456943511963
933, 28, 0.47581547498703003, 0.3605935871601105, 0.005005769431591034, 0.8838704824447632
933, 29, 0.475107342004776, 0.365983784198761, 0.03017583116889, 0.6133008003234863
933, 30, 0.477506548166275, 0.3577222526073456, 0.006772039923816919, 0.7809907793998718
933, 31, 0.47017890214920044, 0.35713785886764526, 0.021548086777329445, 0.5865973234176636
933, 32, 0.473660409450531, 0.3507007956504822, -0.006028586532920599, 0.8464844226837158
934, 0, 0.44290757179260254, 0.398845374584198, -0.12376341968774796, 0.7868486642837524
934, 1, 0.44249266386032104, 0.40373799204826355, -0.13454408943653107, 0.8854407668113708
934, 2, 0.44182339310646057, 0.40441209077835083, -0.13457174599170685, 0.9003774523735046
934, 3, 0.44115060567855835, 0.40507397055625916, -0.1346549689769745, 0.8949998617172241
934, 4, 0.44547945261001587, 0.40364986658096313, -0.13559328019618988, 0.9256084561347961
934, 5, 0.44626563787460327, 0.40406686067581177, -0.13563799858093262, 0.9404428005218506
934, 6, 0.4470224976539612, 0.40445154905319214, -0.13569176197052002, 0.9337623119354248
934, 7, 0.44083985686302185, 0.41103002429008484, -0.1512203812599182, 0.9427448511123657
934, 8, 0.4504353404045105, 0.40866854786872864, -0.15627357363700867, 0.9704369902610779
934, 9, 0.4420538544654846, 0.3982376456260681, -0.12507741153240204, 0.8882207274436951
934, 10, 0.444209486246109, 0.39807865023612976, -0.1267123520374298, 0.9033622145652771
934, 11, 0.4365440905094147, 0.42319822311401367, -0.1350787729024887, 0.9798865914344788
934, 12, 0.45982855558395386, 0.4099287986755371, -0.13638745248317719, 0.9921911358833313
934, 13, 0.4279225766658783, 0.4306029975414276, -0.10136828571557999, 0.049325261265039444
934, 14, 0.4657958149909973, 0.4023595154285431, -0.08947810530662537, 0.08787479251623154
934, 15, 0.4367907643318176, 0.4229477643966675, -0.10918320715427399, 0.015663089230656624
934, 16, 0.4548599123954773, 0.3821607828140259, -0.06478063762187958, 0.025947442278265953
934, 17, 0.4383165240287781, 0.42656761407852173, -0.12381080538034439, 0.012815861962735653
934, 18, 0.45514506101608276, 0.3814544975757599, -0.07434696704149246, 0.027365954592823982
934, 19, 0.44189825654029846, 0.4308568835258484, -0.12394927442073822, 0.01567934639751911
934, 20, 0.45188355445861816, 0.3854670226573944, -0.0752822756767273, 0.03415124863386154
934, 21, 0.441314160823822, 0.4284469485282898, -0.11033818870782852, 0.011736970394849777
934, 22, 0.4508839249610901, 0.38646918535232544, -0.06577102839946747, 0.025284474715590477
934, 23, 0.4428792893886566, 0.41596201062202454, 0.002881566761061549, 0.9993763566017151
934, 24, 0.4568724036216736, 0.4125312268733978, -0.0027949854265898466, 0.9996727705001831
934, 25, 0.4447801113128662, 0.4382629096508026, 0.13269288837909698, 0.018322937190532684
934, 26, 0.45398449897766113, 0.4440021216869354, 0.13880926370620728, 0.014581961557269096
934, 27, 0.44639378786087036, 0.446624755859375, 0.2873193323612213, 0.015603168867528439
934, 28, 0.46290355920791626, 0.4543008506298065, 0.285180002450943, 0.023393254727125168
934, 29, 0.4466819167137146, 0.452161967754364, 0.304410845041275, 0.017235489562153816
934, 30, 0.4633680284023285, 0.4596681296825409, 0.29994022846221924, 0.01964416541159153
934, 31, 0.44674164056777954, 0.43799036741256714, 0.2975766062736511, 0.01373757142573595
934, 32, 0.4638984799385071, 0.447236031293869, 0.28765249252319336, 0.02371777594089508
935, 0, 0.4517877697944641, 0.4165361523628235, -0.19341228902339935, 0.9947980642318726
935, 1, 0.4540470540523529, 0.4120505750179291, -0.20276060700416565, 0.9951145648956299
935, 2, 0.4555901885032654, 0.4119083285331726, -0.20279154181480408, 0.9938951134681702
935, 3, 0.4571147859096527, 0.4117025136947632, -0.20285090804100037, 0.9948260188102722
935, 4, 0.44964438676834106, 0.4120526909828186, -0.2015811949968338, 0.9970715045928955
935, 5, 0.4482547640800476, 0.41188591718673706, -0.20160941779613495, 0.996121346950531
935, 6, 0.44682255387306213, 0.41168642044067383, -0.2016698569059372, 0.996791422367096
935, 7, 0.46072298288345337, 0.4077923595905304, -0.2001931369304657, 0.9873837828636169
935, 8, 0.44461172819137573, 0.4074595868587494, -0.19537410140037537, 0.9952810406684875
935, 9, 0.4545741081237793, 0.4166301190853119, -0.18633274734020233, 0.9905385971069336
935, 10, 0.4495336413383484, 0.41696879267692566, -0.18503889441490173, 0.9927670955657959
935, 11, 0.4759487211704254, 0.4121515154838562, -0.1606559157371521, 0.9801617860794067
935, 12, 0.4344598650932312, 0.412580668926239, -0.14741389453411102, 0.9684602618217468
935, 13, 0.5109109878540039, 0.4616560637950897, -0.14714767038822174, 0.9989539384841919
935, 14, 0.4200299382209778, 0.44916456937789917, -0.12673340737819672, 0.5126806497573853
935, 15, 0.538662314414978, 0.5153462290763855, -0.1543429046869278, 0.9919191598892212
935, 16, 0.40777796506881714, 0.5008591413497925, -0.12432321161031723, 0.4300915002822876
935, 17, 0.5503146648406982, 0.5298414826393127, -0.17384770512580872, 0.9744682908058167
935, 18, 0.40150338411331177, 0.5152010917663574, -0.1412040740251541, 0.3065543472766876
935, 19, 0.5460801720619202, 0.5319201946258545, -0.1701475828886032, 0.9722715020179749
935, 20, 0.4056297242641449, 0.5156288743019104, -0.14090733230113983, 0.30408158898353577
935, 21, 0.5402768850326538, 0.5256561040878296, -0.15402628481388092, 0.9187441468238831
935, 22, 0.40889960527420044, 0.511146605014801, -0.12519745528697968, 0.2626080811023712
935, 23, 0.46225637197494507, 0.40470531582832336, -0.0006595752784051001, 0.9997901320457458
935, 24, 0.4415498375892639, 0.40566280484199524, 0.0006809174665249884, 0.9995511174201965
935, 25, 0.46121901273727417, 0.4576374590396881, 0.1027408093214035, 0.062386125326156616
935, 26, 0.439686119556427, 0.4646812081336975, 0.10827956348657608, 0.03948109224438667
935, 27, 0.45981693267822266, 0.46040236949920654, 0.26331624388694763, 0.05367658659815788
935, 28, 0.4561554789543152, 0.4637840688228607, 0.2615324556827545, 0.026362774893641472
935, 29, 0.4612506926059723, 0.467679500579834, 0.2818527817726135, 0.04376508668065071
935, 30, 0.4576807916164398, 0.46025413274765015, 0.2783876061439514, 0.04226183891296387
935, 31, 0.4647985100746155, 0.4752831757068634, 0.280368834733963, 0.043953992426395416
935, 32, 0.46267205476760864, 0.4801502525806427, 0.2729451656341553, 0.032588303089141846
